 ###         224           3
     1    0.000000   0.94125545025E+00
     2    0.004464   0.94128125906E+00
     3    0.008929   0.94125652313E+00
     4    0.013393   0.94128733873E+00
     5    0.017857   0.94126099348E+00
     6    0.022321   0.94128859043E+00
     7    0.026786   0.94125849009E+00
     8    0.031250   0.94129103422E+00
     9    0.035714   0.94125771523E+00
    10    0.040179   0.94128847122E+00
    11    0.044643   0.94126021862E+00
    12    0.049107   0.98697745800E+00
    13    0.053571   0.11186733246E+01
    14    0.058036   0.13186235428E+01
    15    0.062500   0.15580232143E+01
    16    0.066964   0.17974685431E+01
    17    0.071429   0.19973515272E+01
    18    0.075893   0.21290814877E+01
    19    0.080357   0.21747751236E+01
    20    0.084821   0.21748018265E+01
    21    0.089286   0.21747696400E+01
    22    0.093750   0.21748027802E+01
    23    0.098214   0.21747622490E+01
    24    0.102679   0.21747965813E+01
    25    0.107143   0.21747627258E+01
    26    0.111607   0.21747934818E+01
    27    0.116071   0.21747612953E+01
    28    0.120536   0.21747884750E+01
    29    0.125000   0.21747617722E+01
    30    0.129464   0.21747853756E+01
    31    0.133929   0.21747632027E+01
    32    0.138393   0.21747853756E+01
    33    0.142857   0.21747658253E+01
    34    0.147321   0.21747844219E+01
    35    0.151786   0.21747691631E+01
    36    0.156250   0.21747860909E+01
    37    0.160714   0.21747725010E+01
    38    0.165179   0.21747820377E+01
    39    0.169643   0.21747694016E+01
    40    0.174107   0.21747806072E+01
    41    0.178571   0.21747739315E+01
    42    0.183036   0.21747841835E+01
    43    0.187500   0.21747760773E+01
    44    0.191964   0.21747801304E+01
    45    0.196429   0.21747815609E+01
    46    0.200893   0.21747756004E+01
    47    0.205357   0.21747825146E+01
    48    0.209821   0.21747620106E+01
    49    0.214286   0.21747677326E+01
    50    0.218750   0.21747457981E+01
    51    0.223214   0.21747546196E+01
    52    0.227679   0.21747250557E+01
    53    0.232143   0.21747438908E+01
    54    0.236607   0.21747078896E+01
    55    0.241071   0.21747424603E+01
    56    0.245536   0.21747093201E+01
    57    0.250000   0.21747372150E+01
    58    0.254464   0.21747152805E+01
    59    0.258929   0.21747522354E+01
    60    0.263393   0.21747062206E+01
    61    0.267857   0.21747612953E+01
    62    0.272321   0.21746881008E+01
    63    0.276786   0.21747534275E+01
    64    0.281250   0.21746640205E+01
    65    0.285714   0.21747214794E+01
    66    0.290179   0.21746246815E+01
    67    0.294643   0.21747105122E+01
    68    0.299107   0.21746079922E+01
    69    0.303571   0.21746909618E+01
    70    0.308036   0.21745426655E+01
    71    0.312500   0.21746032238E+01
    72    0.316964   0.21744065285E+01
    73    0.321429   0.21744704247E+01
    74    0.325893   0.21742212772E+01
    75    0.330357   0.21742398739E+01
    76    0.334821   0.21738629341E+01
    77    0.339286   0.21737778187E+01
    78    0.343750   0.21731960773E+01
    79    0.348214   0.21729168892E+01
    80    0.352679   0.21719696522E+01
    81    0.357143   0.21712722778E+01
    82    0.361607   0.21696636677E+01
    83    0.366071   0.21681990623E+01
    84    0.370536   0.21653921604E+01
    85    0.375000   0.21623980999E+01
    86    0.379464   0.21573736668E+01
    87    0.383929   0.21515340805E+01
    88    0.388393   0.21424038410E+01
    89    0.392857   0.21311786175E+01
    90    0.397321   0.21144554615E+01
    91    0.401786   0.20931193829E+01
    92    0.406250   0.20622594357E+01
    93    0.410714   0.20220456123E+01
    94    0.415179   0.19649282694E+01
    95    0.419643   0.18894162178E+01
    96    0.424107   0.17833304405E+01
    97    0.428571   0.16417691708E+01
    98    0.433036   0.14443693161E+01
    99    0.437500   0.11796079874E+01
   100    0.441964   0.81235808134E+00
   101    0.446429   0.31895092130E+00
   102    0.450893  -0.36245125532E+00
   103    0.455357  -0.12751830816E+01
   104    0.459821  -0.25211205482E+01
   105    0.464286  -0.39961724281E+01
   106    0.468750  -0.62763404846E+01
   107    0.473214  -0.10012928009E+02
   108    0.477679  -0.14583154678E+02
   109    0.482143  -0.18796785355E+02
   110    0.486607  -0.21640653610E+02
   111    0.491071  -0.22934234619E+02
   112    0.495536  -0.23198713303E+02
   113    0.500000  -0.23190837860E+02
   114    0.504464  -0.23216613770E+02
   115    0.508929  -0.22918514252E+02
   116    0.513393  -0.21531635284E+02
   117    0.517857  -0.18578016281E+02
   118    0.522321  -0.14309369087E+02
   119    0.526786  -0.97854719162E+01
   120    0.531250  -0.61823596954E+01
   121    0.535714  -0.40369529724E+01
   122    0.540179  -0.26285512447E+01
   123    0.544643  -0.14569308758E+01
   124    0.549107  -0.62887877226E+00
   125    0.553571  -0.33992659301E-01
   126    0.558036   0.36681985855E+00
   127    0.562500   0.64187991619E+00
   128    0.566964   0.80398446321E+00
   129    0.571429   0.88455814123E+00
   130    0.575893   0.89151191711E+00
   131    0.580357   0.84697353840E+00
   132    0.584821   0.77284586430E+00
   133    0.589286   0.68544960022E+00
   134    0.593750   0.58746659756E+00
   135    0.598214   0.49073934555E+00
   136    0.602679   0.39953640103E+00
   137    0.607143   0.32256442308E+00
   138    0.611607   0.26119235158E+00
   139    0.616071   0.22023537755E+00
   140    0.620536   0.19863095880E+00
   141    0.625000   0.19830627739E+00
   142    0.629464   0.21612575650E+00
   143    0.633929   0.25129285455E+00
   144    0.638393   0.29843270779E+00
   145    0.642857   0.35501202941E+00
   146    0.647321   0.41704368591E+00
   147    0.651786   0.48590841889E+00
   148    0.656250   0.54896605015E+00
   149    0.660714   0.59530740976E+00
   150    0.665179   0.62984776497E+00
   151    0.669643   0.65396404266E+00
   152    0.674107   0.67810642719E+00
   153    0.678571   0.70375972986E+00
   154    0.683036   0.72673588991E+00
   155    0.687500   0.74820059538E+00
   156    0.691964   0.76751154661E+00
   157    0.696429   0.78543370962E+00
   158    0.700893   0.80152267218E+00
   159    0.705357   0.81636142731E+00
   160    0.709821   0.82962048054E+00
   161    0.714286   0.84178847075E+00
   162    0.718750   0.85260564089E+00
   163    0.723214   0.86248999834E+00
   164    0.727679   0.87123054266E+00
   165    0.732143   0.87919646502E+00
   166    0.736607   0.88620644808E+00
   167    0.741071   0.89257633686E+00
   168    0.745536   0.89816504717E+00
   169    0.750000   0.90322577953E+00
   170    0.754464   0.90764844418E+00
   171    0.758929   0.91165196896E+00
   172    0.763393   0.91514092684E+00
   173    0.767857   0.91829192638E+00
   174    0.772321   0.92102974653E+00
   175    0.776786   0.92349511385E+00
   176    0.781250   0.92564058304E+00
   177    0.785714   0.92756468058E+00
   178    0.790179   0.92923438549E+00
   179    0.794643   0.93073189259E+00
   180    0.799107   0.93202787638E+00
   181    0.803571   0.93318372965E+00
   182    0.808036   0.93419498205E+00
   183    0.812500   0.93508356810E+00
   184    0.816964   0.93586874008E+00
   185    0.821429   0.93655586243E+00
   186    0.825893   0.93716454506E+00
   187    0.830357   0.93768376112E+00
   188    0.834821   0.93814975023E+00
   189    0.839286   0.93855059147E+00
   190    0.843750   0.93890857697E+00
   191    0.848214   0.93920713663E+00
   192    0.852679   0.93949139118E+00
   193    0.857143   0.93971359730E+00
   194    0.861607   0.93993949890E+00
   195    0.866071   0.94010144472E+00
   196    0.870536   0.94027501345E+00
   197    0.875000   0.94039213657E+00
   198    0.879464   0.94052636623E+00
   199    0.883929   0.94061452150E+00
   200    0.888393   0.94072616100E+00
   201    0.892857   0.94077742100E+00
   202    0.897321   0.94086557627E+00
   203    0.901786   0.94090211391E+00
   204    0.906250   0.94098204374E+00
   205    0.910714   0.94100016356E+00
   206    0.915179   0.94106364250E+00
   207    0.919643   0.94106715918E+00
   208    0.924107   0.94112187624E+00
   209    0.928571   0.94112080336E+00
   210    0.933036   0.94116914272E+00
   211    0.937500   0.94115865231E+00
   212    0.941964   0.94120019674E+00
   213    0.946429   0.94118845463E+00
   214    0.950893   0.94122964144E+00
   215    0.955357   0.94121140242E+00
   216    0.959821   0.94125014544E+00
   217    0.964286   0.94122415781E+00
   218    0.968750   0.94126296043E+00
   219    0.973214   0.94123244286E+00
   220    0.977679   0.94126808643E+00
   221    0.982143   0.94124597311E+00
   222    0.986607   0.94127857685E+00
   223    0.991071   0.94124692678E+00
   224    0.995536   0.94128125906E+00
