   Atom                     Volume(s)
  ------------------------------------------------------------------------
     1   ...      23   24
     2   ...      37   43
     3   ...      52   59
     4   ...      64
     5   ...       7    9
     6   ...      31   44
     7   ...      53   54   61
     8   ...      66   67
     9   ...      26
    10   ...      38
    11   ...      56   62
    12   ...      15   16
    13   ...      29
    14   ...      42
    15   ...      58   60
    16   ...      21   22
    17   ...       3    4
    18   ...      32   35
    19   ...      45   50
    20   ...      65
    21   ...      11   12   14
    22   ...      30   33
    23   ...      46
    24   ...      17   68
    25   ...      25   27
    26   ...      34   36   39
    27   ...      47   57
    28   ...      19   20
    29   ...      28
    30   ...      40   41
    31   ...      48   49   51
    32   ...       2   63
    33   ...       1    8
    34   ...       5    6   10   18
    35   ...      13
    36   ...      55
  ------------------------------------------------------------------------
