1.0000          1.3025          3.2562          0.6516          0.6509          0.3423          
2.0000          2.2744          2.8429          1.1395          1.1348          0.4510          
3.0000          3.2053          2.6711          1.6197          1.5856          0.5382          
4.0000          4.1133          2.5708          2.0984          2.0149          0.6177          
5.0000          5.0158          2.5079          2.5766          2.4392          0.6932          
6.0000          5.9173          2.4656          3.0543          2.8631          0.7660          
7.0000          6.8176          2.4349          3.5323          3.2853          0.8365          
8.0000          7.7139          2.4106          4.0098          3.7040          0.9051          
9.0000          8.6098          2.3916          4.4874          4.1224          0.9724          
10.0000         9.5035          2.3759          4.9631          4.5404          1.0379          
11.0000         10.3953         2.3626          5.4377          4.9577          1.1021          
12.0000         11.2853         2.3511          5.9119          5.3734          1.1649          
13.0000         12.1723         2.3408          6.3846          5.7878          1.2264          
14.0000         13.0586         2.3319          6.8567          6.2019          1.2870          
15.0000         13.9429         2.3238          7.3275          6.6154          1.3463          
16.0000         14.8266         2.3167          7.7970          7.0296          1.4045          
17.0000         15.7093         2.3102          8.2653          7.4440          1.4616          
18.0000         16.5909         2.3043          8.7329          7.8580          1.5177          
19.0000         17.4719         2.2989          9.1999          8.2720          1.5729          
20.0000         18.3518         2.2940          9.6658          8.6859          1.6269          
21.0000         19.2313         2.2894          10.1313         9.1000          1.6804          
22.0000         20.1093         2.2851          10.5961         9.5132          1.7326          
23.0000         20.9879         2.2813          11.0610         9.9269          1.7838          
24.0000         21.8658         2.2777          11.5255         10.3402         1.8341          
25.0000         22.7451         2.2745          11.9905         10.7545         1.8835          
26.0000         23.6255         2.2717          12.4564         11.1690         1.9322          
27.0000         24.5073         2.2692          12.9236         11.5837         1.9799          
28.0000         25.3906         2.2670          13.3921         11.9985         2.0269          
29.0000         26.2740         2.2650          13.8611         12.4129         2.0731          
30.0000         27.1567         2.2631          14.3297         12.8270         2.1186          
31.0000         28.0382         2.2611          14.7974         13.2408         2.1631          
32.0000         28.9194         2.2593          15.2640         13.6553         2.2070          
33.0000         29.7993         2.2575          15.7304         14.0689         2.2504          
34.0000         30.6785         2.2558          16.1961         14.4824         2.2928          
35.0000         31.5569         2.2541          16.6608         14.8961         2.3341          
36.0000         32.4353         2.2525          17.1250         15.3103         2.3750          
37.0000         33.3127         2.2509          17.5889         15.7238         2.4151          
38.0000         34.1883         2.2492          18.0517         16.1365         2.4546          
39.0000         35.0620         2.2476          18.5140         16.5480         2.4933          
40.0000         35.9336         2.2458          18.9760         16.9576         2.5316          
41.0000         36.8052         2.2442          19.4376         17.3676         2.5691          
42.0000         37.6763         2.2426          19.8984         17.7779         2.6058          
43.0000         38.5475         2.2411          20.3596         18.1879         2.6421          
44.0000         39.4178         2.2397          20.8206         18.5973         2.6774          
45.0000         40.2891         2.2383          21.2821         19.0070         2.7123          
46.0000         41.1594         2.2369          21.7437         19.4158         2.7468          
47.0000         42.0288         2.2356          22.2047         19.8242         2.7805          
48.0000         42.8982         2.2343          22.6656         20.2326         2.8137          
49.0000         43.7674         2.2330          23.1260         20.6414         2.8461          
50.0000         44.6362         2.2318          23.5861         21.0502         2.8780          
51.0000         45.5050         2.2306          24.0455         21.4596         2.9096          
52.0000         46.3735         2.2295          24.5045         21.8691         2.9404          
53.0000         47.2421         2.2284          24.9634         22.2786         2.9709          
54.0000         48.1110         2.2274          25.4228         22.6882         3.0010          
55.0000         48.9798         2.2264          25.8809         23.0989         3.0304          
56.0000         49.8480         2.2254          26.3380         23.5099         3.0595          
57.0000         50.7162         2.2244          26.7955         23.9207         3.0880          
58.0000         51.5829         2.2234          27.2516         24.3313         3.1159          
59.0000         52.4501         2.2225          27.7084         24.7417         3.1433          
60.0000         53.3182         2.2216          28.1654         25.1528         3.1702          
61.0000         54.1856         2.2207          28.6216         25.5640         3.1966          
62.0000         55.0528         2.2199          29.0780         25.9748         3.2225          
63.0000         55.9208         2.2191          29.5352         26.3856         3.2478          
64.0000         56.7888         2.2183          29.9929         26.7959         3.2727          
65.0000         57.6579         2.2176          30.4507         27.2072         3.2973          
66.0000         58.5274         2.2169          30.9089         27.6185         3.3216          
67.0000         59.3963         2.2163          31.3668         28.0295         3.3452          
68.0000         60.2659         2.2157          31.8250         28.4409         3.3687          
69.0000         61.1360         2.2151          32.2836         28.8524         3.3917          
70.0000         62.0050         2.2145          32.7415         29.2636         3.4143          
71.0000         62.8719         2.2138          33.1985         29.6733         3.4363          
72.0000         63.7384         2.2131          33.6559         30.0825         3.4581          
73.0000         64.6049         2.2125          34.1129         30.4921         3.4793          
74.0000         65.4713         2.2119          34.5690         30.9023         3.5003          
75.0000         66.3372         2.2112          35.0248         31.3124         3.5211          
76.0000         67.2023         2.2106          35.4802         31.7221         3.5414          
77.0000         68.0659         2.2099          35.9342         32.1316         3.5613          
78.0000         68.9282         2.2092          36.3863         32.5418         3.5811          
79.0000         69.7888         2.2085          36.8371         32.9517         3.6004          
80.0000         70.6474         2.2077          37.2871         33.3603         3.6194          
81.0000         71.5053         2.2070          37.7367         33.7686         3.6383          
82.0000         72.3630         2.2062          38.1864         34.1766         3.6565          
83.0000         73.2213         2.2055          38.6366         34.5847         3.6744          
84.0000         74.0798         2.2048          39.0863         34.9935         3.6923          
85.0000         74.9387         2.2041          39.5362         35.4025         3.7099          
86.0000         75.7976         2.2034          39.9861         35.8115         3.7271          
87.0000         76.6570         2.2028          40.4362         36.2208         3.7444          
88.0000         77.5162         2.2022          40.8867         36.6295         3.7611          
89.0000         78.3750         2.2015          41.3367         37.0384         3.7779          
90.0000         79.2337         2.2009          41.7870         37.4467         3.7937          
91.0000         80.0925         2.2003          42.2382         37.8543         3.8097          
92.0000         80.9515         2.1998          42.6898         38.2618         3.8254          
93.0000         81.8105         2.1992          43.1417         38.6688         3.8407          
94.0000         82.6700         2.1987          43.5933         39.0767         3.8555          
95.0000         83.5299         2.1982          44.0456         39.4843         3.8703          
96.0000         84.3901         2.1977          44.4977         39.8923         3.8849          
97.0000         85.2496         2.1972          44.9495         40.3001         3.8994          
98.0000         86.1079         2.1966          45.3998         40.7082         3.9136          
99.0000         86.9643         2.1961          45.8491         41.1152         3.9275          
100.0000        87.8200         2.1955          46.2977         41.5223         3.9410          
101.0000        88.6748         2.1949          46.7462         41.9286         3.9544          
102.0000        89.5293         2.1943          47.1940         42.3353         3.9674          
103.0000        90.3840         2.1938          47.6421         42.7419         3.9805          
104.0000        91.2388         2.1932          48.0899         43.1490         3.9931          
105.0000        92.0925         2.1927          48.5372         43.5553         4.0057          
106.0000        92.9463         2.1921          48.9843         43.9621         4.0179          
107.0000        93.7998         2.1916          49.4308         44.3690         4.0300          
108.0000        94.6542         2.1911          49.8774         44.7768         4.0421          
109.0000        95.5100         2.1906          50.3247         45.1853         4.0539          
110.0000        96.3655         2.1901          50.7728         45.5927         4.0654          
111.0000        97.2214         2.1897          51.2214         45.9999         4.0766          
112.0000        98.0775         2.1892          51.6703         46.4071         4.0878          
113.0000        98.9327         2.1888          52.1187         46.8140         4.0986          
114.0000        99.7884         2.1883          52.5672         47.2212         4.1093          
115.0000        100.6447        2.1879          53.0160         47.6288         4.1199          
116.0000        101.5012        2.1875          53.4649         48.0363         4.1302          
117.0000        102.3568        2.1871          53.9137         48.4431         4.1404          
118.0000        103.2136        2.1867          54.3633         48.8503         4.1501          
119.0000        104.0714        2.1864          54.8137         49.2576         4.1600          
120.0000        104.9302        2.1860          55.2654         49.6648         4.1696          
121.0000        105.7891        2.1857          55.7172         50.0719         4.1790          
122.0000        106.6482        2.1854          56.1692         50.4790         4.1883          
123.0000        107.5076        2.1851          56.6208         50.8868         4.1974          
124.0000        108.3679        2.1848          57.0726         51.2953         4.2065          
125.0000        109.2287        2.1846          57.5243         51.7045         4.2153          
126.0000        110.0914        2.1844          57.9774         52.1140         4.2238          
127.0000        110.9543        2.1841          58.4305         52.5239         4.2322          
128.0000        111.8184        2.1840          58.8843         52.9340         4.2404          
129.0000        112.6822        2.1838          59.3384         53.3438         4.2485          
130.0000        113.5473        2.1836          59.7934         53.7540         4.2563          
131.0000        114.4130        2.1835          60.2492         54.1637         4.2642          
132.0000        115.2785        2.1833          60.7061         54.5724         4.2719          
133.0000        116.1450        2.1832          61.1633         54.9816         4.2795          
134.0000        117.0113        2.1830          61.6204         55.3909         4.2869          
135.0000        117.8786        2.1829          62.0782         55.8004         4.2943          
136.0000        118.7462        2.1828          62.5362         56.2100         4.3016          
137.0000        119.6149        2.1828          62.9948         56.6201         4.3089          
138.0000        120.4830        2.1827          63.4538         57.0293         4.3159          
139.0000        121.3507        2.1826          63.9121         57.4386         4.3228          
140.0000        122.2176        2.1825          64.3698         57.8478         4.3297          
141.0000        123.0841        2.1823          64.8269         58.2572         4.3361          
142.0000        123.9503        2.1822          65.2838         58.6665         4.3427          
143.0000        124.8175        2.1821          65.7416         59.0759         4.3493          
144.0000        125.6861        2.1821          66.2005         59.4856         4.3557          
145.0000        126.5540        2.1820          66.6583         59.8957         4.3622          
146.0000        127.4211        2.1819          67.1159         60.3052         4.3684          
147.0000        128.2863        2.1817          67.5721         60.7142         4.3745          
148.0000        129.1517        2.1816          68.0288         61.1229         4.3806          
149.0000        130.0182        2.1815          68.4857         61.5326         4.3865          
150.0000        130.8855        2.1814          68.9434         61.9421         4.3923          
151.0000        131.7523        2.1813          69.4016         62.3507         4.3979          
152.0000        132.6195        2.1812          69.8602         62.7593         4.4032          
153.0000        133.4866        2.1812          70.3186         63.1679         4.4089          
154.0000        134.3537        2.1811          70.7772         63.5765         4.4141          
155.0000        135.2194        2.1810          71.2348         63.9845         4.4194          
156.0000        136.0851        2.1809          71.6926         64.3926         4.4246          
157.0000        136.9514        2.1808          72.1508         64.8006         4.4297          
158.0000        137.8181        2.1807          72.6084         65.2097         4.4345          
159.0000        138.6849        2.1806          73.0659         65.6190         4.4396          
160.0000        139.5527        2.1805          73.5237         66.0290         4.4445          
161.0000        140.4216        2.1805          73.9816         66.4401         4.4491          
162.0000        141.2908        2.1804          74.4401         66.8508         4.4536          
163.0000        142.1589        2.1804          74.8980         67.2610         4.4581          
164.0000        143.0258        2.1803          75.3552         67.6707         4.4626          
165.0000        143.8911        2.1802          75.8109         68.0802         4.4669          
166.0000        144.7561        2.1801          76.2659         68.4902         4.4711          
167.0000        145.6202        2.1799          76.7205         68.8996         4.4753          
168.0000        146.4837        2.1798          77.1748         69.3089         4.4791          
169.0000        147.3477        2.1797          77.6290         69.7187         4.4833          
170.0000        148.2123        2.1796          78.0834         70.1288         4.4871          
171.0000        149.0771        2.1795          78.5380         70.5392         4.4910          
172.0000        149.9424        2.1794          78.9919         70.9504         4.4949          
173.0000        150.8064        2.1793          79.4449         71.3615         4.4985          
174.0000        151.6705        2.1792          79.8977         71.7727         4.5023          
175.0000        152.5344        2.1791          80.3503         72.1841         4.5060          
176.0000        153.3966        2.1789          80.8023         72.5943         4.5096          
177.0000        154.2585        2.1788          81.2541         73.0044         4.5133          
178.0000        155.1200        2.1787          81.7062         73.4138         4.5167          
179.0000        155.9816        2.1785          82.1586         73.8230         4.5201          
180.0000        156.8434        2.1784          82.6114         74.2320         4.5235          
181.0000        157.7074        2.1783          83.0660         74.6414         4.5270          
182.0000        158.5712        2.1782          83.5209         75.0503         4.5302          
183.0000        159.4355        2.1781          83.9763         75.4592         4.5333          
184.0000        160.2992        2.1780          84.4315         75.8677         4.5363          
185.0000        161.1626        2.1779          84.8860         76.2767         4.5389          
186.0000        162.0257        2.1778          85.3398         76.6859         4.5419          
187.0000        162.8879        2.1776          85.7931         77.0947         4.5450          
188.0000        163.7506        2.1775          86.2468         77.5039         4.5477          
189.0000        164.6132        2.1774          86.6997         77.9134         4.5506          
190.0000        165.4753        2.1773          87.1523         78.3229         4.5534          
191.0000        166.3365        2.1772          87.6040         78.7325         4.5561          
192.0000        167.1960        2.1770          88.0549         79.1411         4.5590          
193.0000        168.0543        2.1769          88.5052         79.5491         4.5616          
194.0000        168.9121        2.1767          88.9548         79.9573         4.5638          
195.0000        169.7712        2.1766          89.4051         80.3662         4.5661          
196.0000        170.6304        2.1764          89.8549         80.7755         4.5684          
197.0000        171.4897        2.1763          90.3050         81.1846         4.5705          
198.0000        172.3482        2.1761          90.7551         81.5931         4.5727          
199.0000        173.2070        2.1760          91.2053         82.0017         4.5749          
200.0000        174.0661        2.1758          91.6552         82.4108         4.5772          
201.0000        174.9252        2.1757          92.1052         82.8200         4.5793          
202.0000        175.7837        2.1755          92.5546         83.2291         4.5813          
203.0000        176.6421        2.1754          93.0040         83.6380         4.5833          
204.0000        177.5010        2.1753          93.4541         84.0469         4.5852          
205.0000        178.3592        2.1751          93.9033         84.4559         4.5870          
206.0000        179.2176        2.1750          94.3533         84.8642         4.5890          
207.0000        180.0761        2.1748          94.8029         85.2732         4.5909          
208.0000        180.9352        2.1747          95.2534         85.6818         4.5927          
209.0000        181.7946        2.1746          95.7042         86.0904         4.5943          
210.0000        182.6549        2.1745          96.1560         86.4989         4.5961          
211.0000        183.5156        2.1744          96.6072         86.9083         4.5978          
212.0000        184.3768        2.1743          97.0586         87.3181         4.5994          
213.0000        185.2381        2.1742          97.5102         87.7279         4.6011          
214.0000        186.0995        2.1741          97.9615         88.1379         4.6029          
215.0000        186.9603        2.1740          98.4130         88.5472         4.6046          
216.0000        187.8210        2.1739          98.8641         88.9569         4.6062          
217.0000        188.6826        2.1738          99.3157         89.3669         4.6079          
218.0000        189.5429        2.1737          99.7664         89.7766         4.6098          
219.0000        190.4010        2.1735          100.2157        90.1853         4.6114          
220.0000        191.2586        2.1734          100.6644        90.5942         4.6131          
221.0000        192.1156        2.1733          101.1122        91.0034         4.6145          
222.0000        192.9725        2.1731          101.5593        91.4132         4.6161          
223.0000        193.8289        2.1730          102.0054        91.8235         4.6178          
224.0000        194.6855        2.1728          102.4512        92.2343         4.6192          
225.0000        195.5407        2.1727          102.8963        92.6444         4.6206          
226.0000        196.3952        2.1725          103.3408        93.0544         4.6219          
227.0000        197.2489        2.1723          103.7847        93.4642         4.6234          
228.0000        198.1024        2.1722          104.2282        93.8742         4.6248          
229.0000        198.9561        2.1720          104.6719        94.2842         4.6263          
230.0000        199.8097        2.1718          105.1159        94.6938         4.6274          
231.0000        200.6628        2.1717          105.5600        95.1028         4.6289          
232.0000        201.5156        2.1715          106.0036        95.5120         4.6301          
233.0000        202.3673        2.1713          106.4466        95.9207         4.6312          
234.0000        203.2183        2.1711          106.8890        96.3293         4.6324          
235.0000        204.0685        2.1709          107.3306        96.7379         4.6336          
236.0000        204.9176        2.1707          107.7716        97.1460         4.6347          
237.0000        205.7652        2.1705          108.2121        97.5532         4.6358          
238.0000        206.6130        2.1703          108.6526        97.9604         4.6369          
239.0000        207.4609        2.1701          109.0928        98.3681         4.6383          
240.0000        208.3082        2.1699          109.5322        98.7760         4.6396          
241.0000        209.1553        2.1697          109.9715        99.1838         4.6406          
242.0000        210.0021        2.1694          110.4110        99.5911         4.6417          
243.0000        210.8472        2.1692          110.8497        99.9975         4.6428          
244.0000        211.6928        2.1690          111.2880        100.4048        4.6440          
245.0000        212.5373        2.1687          111.7256        100.8117        4.6448          
246.0000        213.3814        2.1685          112.1630        101.2184        4.6457          
247.0000        214.2266        2.1683          112.6010        101.6255        4.6469          
248.0000        215.0712        2.1681          113.0395        102.0317        4.6480          
249.0000        215.9166        2.1678          113.4784        102.4382        4.6491          
250.0000        216.7635        2.1676          113.9181        102.8454        4.6501          
251.0000        217.6106        2.1674          114.3580        103.2526        4.6510          
252.0000        218.4585        2.1672          114.7980        103.6605        4.6522          
253.0000        219.3062        2.1671          115.2377        104.0685        4.6530          
254.0000        220.1532        2.1669          115.6770        104.4762        4.6539          
255.0000        220.9986        2.1667          116.1152        104.8833        4.6549          
256.0000        221.8437        2.1664          116.5535        105.2902        4.6559          
257.0000        222.6890        2.1662          116.9912        105.6979        4.6570          
258.0000        223.5333        2.1660          117.4284        106.1050        4.6580          
259.0000        224.3783        2.1658          117.8666        106.5117        4.6589          
260.0000        225.2231        2.1656          118.3051        106.9179        4.6597          
261.0000        226.0693        2.1654          118.7443        107.3251        4.6606          
262.0000        226.9154        2.1652          119.1834        107.7320        4.6615          
263.0000        227.7636        2.1651          119.6237        108.1398        4.6624          
264.0000        228.6113        2.1649          120.0641        108.5472        4.6633          
265.0000        229.4579        2.1647          120.5043        108.9535        4.6642          
266.0000        230.3045        2.1645          120.9453        109.3592        4.6648          
267.0000        231.1511        2.1643          121.3864        109.7647        4.6657          
268.0000        231.9988        2.1642          121.8284        110.1704        4.6664          
269.0000        232.8473        2.1640          122.2703        110.5770        4.6673          
270.0000        233.6981        2.1639          122.7130        110.9850        4.6679          
271.0000        234.5486        2.1637          123.1561        111.3925        4.6687          
272.0000        235.3984        2.1636          123.5988        111.7996        4.6694          
273.0000        236.2464        2.1634          124.0403        112.2062        4.6701          
274.0000        237.0937        2.1633          124.4813        112.6124        4.6709          
275.0000        237.9409        2.1631          124.9220        113.0189        4.6715          
276.0000        238.7881        2.1629          125.3624        113.4257        4.6722          
277.0000        239.6343        2.1628          125.8016        113.8327        4.6730          
278.0000        240.4799        2.1626          126.2406        114.2393        4.6737          
279.0000        241.3243        2.1624          126.6783        114.6461        4.6744          
280.0000        242.1669        2.1622          127.1148        115.0520        4.6747          
281.0000        243.0076        2.1620          127.5498        115.4578        4.6751          
282.0000        243.8462        2.1618          127.9836        115.8627        4.6756          
283.0000        244.6845        2.1615          128.4175        116.2670        4.6760          
284.0000        245.5228        2.1613          128.8513        116.6715        4.6764          
285.0000        246.3609        2.1611          129.2852        117.0757        4.6768          
286.0000        247.1983        2.1608          129.7188        117.4795        4.6774          
287.0000        248.0351        2.1606          130.1525        117.8827        4.6776          
288.0000        248.8725        2.1604          130.5865        118.2861        4.6779          
289.0000        249.7096        2.1601          131.0207        118.6888        4.6782          
290.0000        250.5485        2.1599          131.4563        119.0922        4.6787          
291.0000        251.3872        2.1597          131.8926        119.4947        4.6792          
292.0000        252.2263        2.1595          132.3285        119.8978        4.6796          
293.0000        253.0648        2.1593          132.7637        120.3011        4.6802          
294.0000        253.9034        2.1590          133.1987        120.7048        4.6807          
295.0000        254.7396        2.1588          133.6320        121.1077        4.6813          
296.0000        255.5742        2.1586          134.0644        121.5099        4.6816          
297.0000        256.4080        2.1583          134.4960        121.9119        4.6818          
298.0000        257.2417        2.1581          134.9276        122.3140        4.6821          
299.0000        258.0750        2.1578          135.3592        122.7158        4.6824          
300.0000        258.9084        2.1576          135.7904        123.1180        4.6826          
301.0000        259.7419        2.1573          136.2218        123.5201        4.6831          
302.0000        260.5752        2.1571          136.6529        123.9223        4.6833          
303.0000        261.4086        2.1568          137.0835        124.3251        4.6835          
304.0000        262.2422        2.1566          137.5141        124.7281        4.6836          
305.0000        263.0754        2.1564          137.9449        125.1304        4.6839          
306.0000        263.9079        2.1561          138.3756        125.5322        4.6841          
307.0000        264.7410        2.1559          138.8064        125.9346        4.6842          
308.0000        265.5742        2.1556          139.2366        126.3377        4.6841          
309.0000        266.4066        2.1554          139.6662        126.7403        4.6843          
310.0000        267.2389        2.1552          140.0958        127.1430        4.6844          
311.0000        268.0720        2.1549          140.5261        127.5459        4.6846          
312.0000        268.9045        2.1547          140.9560        127.9485        4.6849          
313.0000        269.7370        2.1544          141.3855        128.3515        4.6850          
314.0000        270.5686        2.1542          141.8141        128.7545        4.6851          
315.0000        271.3991        2.1540          142.2423        129.1568        4.6851          
316.0000        272.2292        2.1537          142.6703        129.5589        4.6854          
317.0000        273.0599        2.1535          143.0989        129.9610        4.6858          
318.0000        273.8901        2.1532          143.5277        130.3624        4.6859          
319.0000        274.7213        2.1530          143.9579        130.7634        4.6862          
320.0000        275.5533        2.1528          144.3887        131.1646        4.6863          
321.0000        276.3854        2.1525          144.8201        131.5653        4.6863          
322.0000        277.2178        2.1523          145.2521        131.9656        4.6863          
323.0000        278.0501        2.1521          145.6840        132.3660        4.6867          
324.0000        278.8835        2.1519          146.1164        132.7671        4.6869          
325.0000        279.7181        2.1517          146.5495        133.1686        4.6873          
326.0000        280.5533        2.1515          146.9830        133.5703        4.6876          
327.0000        281.3885        2.1513          147.4167        133.9718        4.6879          
328.0000        282.2230        2.1511          147.8503        134.3727        4.6881          
329.0000        283.0591        2.1509          148.2848        134.7743        4.6886          
330.0000        283.8965        2.1507          148.7195        135.1769        4.6888          
331.0000        284.7343        2.1506          149.1549        135.5794        4.6888          
332.0000        285.5726        2.1504          149.5908        135.9818        4.6891          
333.0000        286.4099        2.1502          150.0269        136.3831        4.6890          
334.0000        287.2477        2.1501          150.4632        136.7845        4.6890          
335.0000        288.0859        2.1499          150.8992        137.1866        4.6890          
336.0000        288.9247        2.1497          151.3355        137.5892        4.6891          
337.0000        289.7634        2.1496          151.7717        137.9917        4.6892          
338.0000        290.6024        2.1494          152.2078        138.3946        4.6891          
339.0000        291.4417        2.1493          152.6443        138.7973        4.6891          
340.0000        292.2807        2.1491          153.0810        139.1997        4.6890          
341.0000        293.1204        2.1490          153.5181        139.6023        4.6890          
342.0000        293.9590        2.1488          153.9545        140.0045        4.6890          
343.0000        294.7966        2.1487          154.3901        140.4065        4.6890          
344.0000        295.6337        2.1485          154.8252        140.8085        4.6892          
345.0000        296.4698        2.1483          155.2596        141.2102        4.6895          
346.0000        297.3051        2.1482          155.6930        141.6121        4.6894          
347.0000        298.1406        2.1480          156.1262        142.0144        4.6893          
348.0000        298.9765        2.1478          156.5593        142.4172        4.6894          
349.0000        299.8114        2.1476          156.9919        142.8195        4.6896          
350.0000        300.6450        2.1475          157.4236        143.2214        4.6895          
351.0000        301.4790        2.1473          157.8555        143.6234        4.6894          
352.0000        302.3143        2.1471          158.2880        144.0263        4.6894          
353.0000        303.1493        2.1469          158.7203        144.4290        4.6897          
354.0000        303.9852        2.1468          159.1539        144.8314        4.6897          
355.0000        304.8226        2.1466          159.5885        145.2341        4.6900          
356.0000        305.6595        2.1465          160.0234        145.6361        4.6904          
357.0000        306.4963        2.1463          160.4583        146.0380        4.6905          
358.0000        307.3334        2.1462          160.8937        146.4396        4.6913          
359.0000        308.1699        2.1460          161.3291        146.8409        4.6915          
360.0000        309.0069        2.1459          161.7648        147.2420        4.6917          
361.0000        309.8429        2.1457          162.1999        147.6430        4.6920          
362.0000        310.6793        2.1456          162.6350        148.0443        4.6924          
363.0000        311.5160        2.1454          163.0700        148.4460        4.6926          
364.0000        312.3529        2.1453          163.5047        148.8482        4.6931          
365.0000        313.1894        2.1451          163.9387        149.2507        4.6937          
366.0000        314.0246        2.1450          164.3720        149.6526        4.6941          
367.0000        314.8592        2.1448          164.8051        150.0540        4.6945          
368.0000        315.6932        2.1447          165.2379        150.4553        4.6949          
369.0000        316.5270        2.1445          165.6702        150.8568        4.6955          
370.0000        317.3601        2.1443          166.1013        151.2587        4.6960          
371.0000        318.1935        2.1442          166.5325        151.6611        4.6961          
372.0000        319.0254        2.1440          166.9635        152.0620        4.6965          
373.0000        319.8572        2.1438          167.3942        152.4630        4.6969          
374.0000        320.6902        2.1437          167.8253        152.8648        4.6971          
375.0000        321.5247        2.1435          168.2573        153.2674        4.6974          
376.0000        322.3595        2.1433          168.6896        153.6699        4.6976          
377.0000        323.1944        2.1432          169.1226        154.0718        4.6980          
378.0000        324.0298        2.1431          169.5564        154.4734        4.6985          
379.0000        324.8661        2.1429          169.9908        154.8753        4.6989          
380.0000        325.7038        2.1428          170.4264        155.2773        4.6993          
381.0000        326.5427        2.1427          170.8624        155.6802        4.6993          
382.0000        327.3816        2.1425          171.2987        156.0829        4.6996          
383.0000        328.2213        2.1424          171.7359        156.4854        4.6998          
384.0000        329.0611        2.1423          172.1733        156.8878        4.6999          
385.0000        329.9003        2.1422          172.6106        157.2896        4.6999          
386.0000        330.7391        2.1421          173.0472        157.6919        4.7001          
387.0000        331.5773        2.1420          173.4834        158.0940        4.7003          
388.0000        332.4153        2.1419          173.9191        158.4962        4.7004          
389.0000        333.2528        2.1417          174.3543        158.8985        4.7007          
390.0000        334.0905        2.1416          174.7891        159.3014        4.7009          
391.0000        334.9284        2.1415          175.2240        159.7044        4.7014          
392.0000        335.7666        2.1414          175.6591        160.1074        4.7017          
393.0000        336.6051        2.1413          176.0949        160.5101        4.7022          
394.0000        337.4440        2.1411          176.5314        160.9127        4.7025          
395.0000        338.2826        2.1410          176.9682        161.3144        4.7025          
396.0000        339.1213        2.1409          177.4048        161.7165        4.7029          
397.0000        339.9609        2.1408          177.8418        162.1190        4.7032          
398.0000        340.8002        2.1407          178.2784        162.5218        4.7034          
399.0000        341.6405        2.1406          178.7157        162.9247        4.7036          
400.0000        342.4807        2.1405          179.1529        163.3278        4.7038          
401.0000        343.3199        2.1404          179.5896        163.7303        4.7041          
402.0000        344.1587        2.1403          180.0259        164.1328        4.7040          
403.0000        344.9970        2.1402          180.4611        164.5359        4.7041          
404.0000        345.8355        2.1401          180.8964        164.9390        4.7043          
405.0000        346.6741        2.1400          181.3316        165.3425        4.7045          
406.0000        347.5113        2.1398          181.7657        165.7456        4.7043          
407.0000        348.3486        2.1397          182.1997        166.1489        4.7043          
408.0000        349.1868        2.1396          182.6343        166.5525        4.7045          
409.0000        350.0246        2.1395          183.0684        166.9562        4.7047          
410.0000        350.8611        2.1394          183.5021        167.3591        4.7048          
411.0000        351.6976        2.1393          183.9362        167.7613        4.7050          
412.0000        352.5350        2.1392          184.3707        168.1642        4.7053          
413.0000        353.3734        2.1391          184.8058        168.5676        4.7055          
414.0000        354.2125        2.1390          185.2410        168.9715        4.7056          
415.0000        355.0527        2.1389          185.6776        169.3751        4.7057          
416.0000        355.8929        2.1388          186.1140        169.7789        4.7058          
417.0000        356.7331        2.1387          186.5513        170.1819        4.7063          
418.0000        357.5739        2.1386          186.9887        170.5852        4.7064          
419.0000        358.4148        2.1385          187.4265        170.9883        4.7065          
420.0000        359.2566        2.1384          187.8650        171.3916        4.7067          
421.0000        360.0988        2.1384          188.3033        171.7956        4.7067          
422.0000        360.9415        2.1383          188.7420        172.1994        4.7068          
423.0000        361.7847        2.1382          189.1808        172.6039        4.7066          
424.0000        362.6282        2.1381          189.6193        173.0089        4.7068          
425.0000        363.4714        2.1381          190.0578        173.4136        4.7067          
426.0000        364.3156        2.1380          190.4970        173.8185        4.7067          
427.0000        365.1597        2.1379          190.9361        174.2236        4.7065          
428.0000        366.0033        2.1379          191.3749        174.6284        4.7065          
429.0000        366.8472        2.1378          191.8134        175.0338        4.7063          
430.0000        367.6911        2.1377          192.2525        175.4386        4.7062          
431.0000        368.5361        2.1377          192.6918        175.8443        4.7063          
432.0000        369.3814        2.1376          193.1320        176.2495        4.7064          
433.0000        370.2266        2.1376          193.5726        176.6541        4.7061          
434.0000        371.0720        2.1375          194.0130        177.0591        4.7059          
435.0000        371.9186        2.1375          194.4539        177.4648        4.7061          
436.0000        372.7654        2.1374          194.8946        177.8708        4.7060          
437.0000        373.6126        2.1374          195.3359        178.2767        4.7061          
438.0000        374.4587        2.1373          195.7771        178.6817        4.7064          
439.0000        375.3049        2.1373          196.2189        179.0859        4.7065          
440.0000        376.1514        2.1372          196.6606        179.4908        4.7064          
441.0000        376.9988        2.1372          197.1028        179.8960        4.7062          
442.0000        377.8463        2.1371          197.5449        180.3014        4.7061          
443.0000        378.6939        2.1371          197.9873        180.7066        4.7064          
444.0000        379.5417        2.1371          198.4302        181.1115        4.7062          
445.0000        380.3886        2.1370          198.8728        181.5158        4.7064          
446.0000        381.2340        2.1370          199.3145        181.9195        4.7068          
447.0000        382.0792        2.1369          199.7567        182.3224        4.7070          
448.0000        382.9238        2.1369          200.1987        182.7252        4.7070          
449.0000        383.7683        2.1368          200.6409        183.1275        4.7071          
450.0000        384.6139        2.1367          201.0838        183.5300        4.7072          
451.0000        385.4592        2.1367          201.5267        183.9326        4.7072          
452.0000        386.3041        2.1366          201.9686        184.3354        4.7072          
453.0000        387.1492        2.1366          202.4107        184.7385        4.7072          
454.0000        387.9949        2.1365          202.8534        185.1415        4.7073          
455.0000        388.8416        2.1365          203.2969        185.5446        4.7071          
456.0000        389.6894        2.1365          203.7411        185.9483        4.7069          
457.0000        390.5370        2.1364          204.1859        186.3511        4.7069          
458.0000        391.3844        2.1364          204.6312        186.7533        4.7069          
459.0000        392.2332        2.1363          205.0773        187.1559        4.7069          
460.0000        393.0831        2.1363          205.5243        187.5589        4.7070          
461.0000        393.9335        2.1363          205.9714        187.9621        4.7070          
462.0000        394.7844        2.1363          206.4195        188.3649        4.7071          
463.0000        395.6364        2.1363          206.8682        188.7682        4.7070          
464.0000        396.4888        2.1363          207.3172        189.1716        4.7070          
465.0000        397.3409        2.1362          207.7665        189.5744        4.7073          
466.0000        398.1942        2.1362          208.2166        189.9776        4.7071          
467.0000        399.0483        2.1362          208.6669        190.3814        4.7073          
468.0000        399.9020        2.1362          209.1171        190.7849        4.7073          
469.0000        400.7555        2.1362          209.5678        191.1878        4.7071          
470.0000        401.6090        2.1362          210.0190        191.5900        4.7071          
471.0000        402.4632        2.1362          210.4704        191.9928        4.7072          
472.0000        403.3177        2.1362          210.9222        192.3955        4.7073          
473.0000        404.1718        2.1362          211.3739        192.7978        4.7072          
474.0000        405.0251        2.1362          211.8254        193.1997        4.7071          
475.0000        405.8773        2.1362          212.2764        193.6009        4.7072          
476.0000        406.7299        2.1362          212.7273        194.0026        4.7072          
477.0000        407.5826        2.1362          213.1786        194.4040        4.7071          
478.0000        408.4351        2.1362          213.6300        194.8052        4.7071          
479.0000        409.2876        2.1362          214.0813        195.2063        4.7074          
480.0000        410.1400        2.1361          214.5325        195.6075        4.7073          
481.0000        410.9922        2.1361          214.9837        196.0085        4.7074          
482.0000        411.8440        2.1361          215.4342        196.4097        4.7074          
483.0000        412.6957        2.1361          215.8846        196.8111        4.7071          
484.0000        413.5460        2.1361          216.3340        197.2120        4.7072          
485.0000        414.3962        2.1361          216.7834        197.6127        4.7073          
486.0000        415.2456        2.1360          217.2322        198.0134        4.7075          
487.0000        416.0946        2.1360          217.6810        198.4136        4.7074          
488.0000        416.9448        2.1360          218.1298        198.8149        4.7075          
489.0000        417.7952        2.1360          218.5789        199.2162        4.7075          
490.0000        418.6453        2.1359          219.0284        199.6169        4.7079          
491.0000        419.4965        2.1359          219.4781        200.0183        4.7082          
492.0000        420.3465        2.1359          219.9273        200.4192        4.7084          
493.0000        421.1965        2.1359          220.3762        200.8203        4.7086          
494.0000        422.0464        2.1359          220.8258        201.2206        4.7085          
495.0000        422.8962        2.1358          221.2752        201.6210        4.7088          
496.0000        423.7467        2.1358          221.7247        202.0220        4.7090          
497.0000        424.5976        2.1358          222.1744        202.4232        4.7092          
498.0000        425.4482        2.1358          222.6241        202.8241        4.7092          
499.0000        426.2979        2.1358          223.0733        203.2246        4.7094          
500.0000        427.1476        2.1357          223.5225        203.6251        4.7098          
501.0000        427.9964        2.1357          223.9716        204.0249        4.7098          
502.0000        428.8455        2.1357          224.4195        204.4261        4.7099          
503.0000        429.6943        2.1357          224.8669        204.8273        4.7101          
504.0000        430.5419        2.1356          225.3138        205.2281        4.7100          
505.0000        431.3900        2.1356          225.7603        205.6298        4.7098          
506.0000        432.2384        2.1356          226.2067        206.0317        4.7099          
507.0000        433.0868        2.1355          226.6525        206.4343        4.7098          
508.0000        433.9357        2.1355          227.0988        206.8369        4.7097          
509.0000        434.7832        2.1355          227.5444        207.2389        4.7098          
510.0000        435.6296        2.1354          227.9895        207.6402        4.7099          
511.0000        436.4765        2.1354          228.4349        208.0417        4.7099          
512.0000        437.3237        2.1354          228.8805        208.4432        4.7097          
513.0000        438.1725        2.1353          229.3270        208.8455        4.7101          
514.0000        439.0219        2.1353          229.7743        209.2476        4.7098          
515.0000        439.8715        2.1353          230.2218        209.6497        4.7099          
516.0000        440.7211        2.1353          230.6698        210.0514        4.7101          
517.0000        441.5702        2.1353          231.1176        210.4526        4.7102          
518.0000        442.4190        2.1352          231.5650        210.8540        4.7103          
519.0000        443.2671        2.1352          232.0117        211.2554        4.7104          
520.0000        444.1157        2.1352          232.4586        211.6571        4.7106          
521.0000        444.9647        2.1351          232.9059        212.0588        4.7105          
522.0000        445.8142        2.1351          233.3534        212.4607        4.7110          
523.0000        446.6647        2.1351          233.8018        212.8629        4.7108          
524.0000        447.5155        2.1351          234.2512        213.2643        4.7109          
525.0000        448.3663        2.1351          234.7005        213.6658        4.7113          
526.0000        449.2181        2.1351          235.1507        214.0674        4.7113          
527.0000        450.0692        2.1351          235.6007        214.4685        4.7117          
528.0000        450.9207        2.1350          236.0514        214.8693        4.7117          
529.0000        451.7730        2.1350          236.5025        215.2705        4.7118          
530.0000        452.6257        2.1350          236.9535        215.6722        4.7121          
531.0000        453.4789        2.1350          237.4048        216.0741        4.7120          
532.0000        454.3321        2.1350          237.8566        216.4755        4.7120          
533.0000        455.1842        2.1350          238.3079        216.8763        4.7123          
534.0000        456.0363        2.1350          238.7595        217.2768        4.7125          
535.0000        456.8877        2.1350          239.2109        217.6768        4.7127          
536.0000        457.7390        2.1350          239.6620        218.0769        4.7131          
537.0000        458.5898        2.1350          240.1129        218.4769        4.7131          
538.0000        459.4407        2.1349          240.5637        218.8770        4.7136          
539.0000        460.2901        2.1349          241.0134        219.2767        4.7141          
540.0000        461.1385        2.1349          241.4622        219.6763        4.7144          
541.0000        461.9875        2.1349          241.9109        220.0766        4.7145          
542.0000        462.8361        2.1349          242.3592        220.4769        4.7144          
543.0000        463.6854        2.1348          242.8080        220.8773        4.7147          
544.0000        464.5355        2.1348          243.2579        221.2776        4.7149          
545.0000        465.3861        2.1348          243.7083        221.6778        4.7151          
546.0000        466.2370        2.1348          244.1587        222.0782        4.7152          
547.0000        467.0880        2.1348          244.6095        222.4785        4.7152          
548.0000        467.9403        2.1348          245.0606        222.8796        4.7154          
549.0000        468.7930        2.1348          245.5124        223.2806        4.7152          
550.0000        469.6466        2.1348          245.9648        223.6818        4.7153          
551.0000        470.5005        2.1348          246.4180        224.0825        4.7152          
552.0000        471.3546        2.1348          246.8721        224.4825        4.7153          
553.0000        472.2092        2.1348          247.3264        224.8828        4.7153          
554.0000        473.0637        2.1348          247.7804        225.2833        4.7153          
555.0000        473.9183        2.1348          248.2344        225.6839        4.7153          
556.0000        474.7715        2.1348          248.6876        226.0840        4.7154          
557.0000        475.6236        2.1348          249.1401        226.4835        4.7152          
558.0000        476.4752        2.1347          249.5921        226.8831        4.7152          
559.0000        477.3254        2.1347          250.0434        227.2820        4.7152          
560.0000        478.1762        2.1347          250.4947        227.6814        4.7150          
561.0000        479.0275        2.1347          250.9461        228.0814        4.7149          
562.0000        479.8785        2.1347          251.3971        228.4815        4.7149          
563.0000        480.7295        2.1347          251.8481        228.8814        4.7147          
564.0000        481.5794        2.1347          252.2989        229.2805        4.7145          
565.0000        482.4301        2.1346          252.7504        229.6797        4.7143          
566.0000        483.2807        2.1346          253.2016        230.0791        4.7140          
567.0000        484.1322        2.1346          253.6527        230.4795        4.7138          
568.0000        484.9841        2.1346          254.1042        230.8798        4.7137          
569.0000        485.8371        2.1346          254.5562        231.2809        4.7136          
570.0000        486.6900        2.1346          255.0084        231.6816        4.7132          
571.0000        487.5436        2.1346          255.4613        232.0823        4.7128          
572.0000        488.3977        2.1346          255.9147        232.4830        4.7126          
573.0000        489.2508        2.1346          256.3672        232.8837        4.7125          
574.0000        490.1051        2.1346          256.8205        233.2846        4.7122          
575.0000        490.9587        2.1346          257.2737        233.6850        4.7121          
576.0000        491.8120        2.1346          257.7264        234.0856        4.7118          
577.0000        492.6650        2.1346          258.1789        234.4861        4.7117          
578.0000        493.5175        2.1346          258.6308        234.8867        4.7117          
579.0000        494.3699        2.1346          259.0828        235.2871        4.7117          
580.0000        495.2225        2.1346          259.5350        235.6874        4.7118          
581.0000        496.0743        2.1346          259.9867        236.0875        4.7117          
582.0000        496.9261        2.1346          260.4388        236.4873        4.7116          
583.0000        497.7777        2.1346          260.8908        236.8869        4.7116          
584.0000        498.6292        2.1345          261.3429        237.2863        4.7115          
585.0000        499.4804        2.1345          261.7946        237.6859        4.7115          
586.0000        500.3314        2.1345          262.2459        238.0856        4.7117          
587.0000        501.1821        2.1345          262.6970        238.4851        4.7118          
588.0000        502.0324        2.1345          263.1481        238.8843        4.7117          
589.0000        502.8816        2.1345          263.5983        239.2833        4.7118          
590.0000        503.7302        2.1344          264.0482        239.6819        4.7119          
591.0000        504.5789        2.1344          264.4977        240.0812        4.7120          
592.0000        505.4275        2.1344          264.9479        240.4797        4.7119          
593.0000        506.2765        2.1344          265.3982        240.8783        4.7121          
594.0000        507.1257        2.1344          265.8487        241.2770        4.7124          
595.0000        507.9745        2.1343          266.2994        241.6751        4.7125          
596.0000        508.8244        2.1343          266.7505        242.0739        4.7128          
597.0000        509.6745        2.1343          267.2018        242.4727        4.7129          
598.0000        510.5254        2.1343          267.6538        242.8716        4.7131          
599.0000        511.3761        2.1343          268.1059        243.2702        4.7132          
600.0000        512.2271        2.1343          268.5584        243.6687        4.7133          
601.0000        513.0784        2.1343          269.0116        244.0668        4.7132          
602.0000        513.9301        2.1343          269.4646        244.4654        4.7133          
603.0000        514.7821        2.1343          269.9176        244.8646        4.7130          
604.0000        515.6353        2.1343          270.3710        245.2643        4.7131          
605.0000        516.4871        2.1342          270.8239        245.6632        4.7130          
606.0000        517.3396        2.1342          271.2773        246.0622        4.7130          
607.0000        518.1913        2.1342          271.7304        246.4609        4.7130          
608.0000        519.0428        2.1342          272.1832        246.8595        4.7130          
609.0000        519.8936        2.1342          272.6354        247.2582        4.7129          
610.0000        520.7446        2.1342          273.0874        247.6573        4.7129          
611.0000        521.5955        2.1342          273.5397        248.0558        4.7127          
612.0000        522.4465        2.1342          273.9915        248.4550        4.7125          
613.0000        523.2966        2.1342          274.4426        248.8540        4.7126          
614.0000        524.1450        2.1341          274.8928        249.2522        4.7123          
615.0000        524.9929        2.1341          275.3428        249.6500        4.7121          
616.0000        525.8398        2.1341          275.7924        250.0474        4.7116          
617.0000        526.6855        2.1341          276.2410        250.4445        4.7114          
618.0000        527.5306        2.1340          276.6888        250.8418        4.7112          
619.0000        528.3759        2.1340          277.1366        251.2393        4.7109          
620.0000        529.2210        2.1340          277.5846        251.6364        4.7107          
621.0000        530.0659        2.1339          278.0322        252.0336        4.7107          
622.0000        530.9099        2.1339          278.4794        252.4305        4.7103          
623.0000        531.7546        2.1338          278.9264        252.8282        4.7102          
624.0000        532.6005        2.1338          279.3742        253.2263        4.7100          
625.0000        533.4470        2.1338          279.8222        253.6248        4.7100          
626.0000        534.2932        2.1338          280.2699        254.0234        4.7099          
627.0000        535.1396        2.1337          280.7174        254.4222        4.7097          
628.0000        535.9848        2.1337          281.1645        254.8203        4.7092          
629.0000        536.8303        2.1337          281.6118        255.2185        4.7088          
630.0000        537.6770        2.1336          282.0595        255.6175        4.7086          
631.0000        538.5232        2.1336          282.5069        256.0163        4.7081          
632.0000        539.3703        2.1336          282.9540        256.4163        4.7077          
633.0000        540.2172        2.1336          283.4007        256.8164        4.7075          
634.0000        541.0639        2.1335          283.8478        257.2161        4.7073          
635.0000        541.9102        2.1335          284.2950        257.6151        4.7069          
636.0000        542.7566        2.1335          284.7427        258.0139        4.7067          
637.0000        543.6033        2.1335          285.1903        258.4130        4.7063          
638.0000        544.4507        2.1334          285.6379        258.8128        4.7061          
639.0000        545.2975        2.1334          286.0856        259.2119        4.7058          
640.0000        546.1452        2.1334          286.5337        259.6115        4.7056          
641.0000        546.9934        2.1334          286.9822        260.0112        4.7057          
642.0000        547.8419        2.1333          287.4306        260.4114        4.7057          
643.0000        548.6909        2.1333          287.8791        260.8118        4.7059          
644.0000        549.5395        2.1333          288.3276        261.2119        4.7056          
645.0000        550.3883        2.1333          288.7769        261.6114        4.7055          
646.0000        551.2380        2.1333          289.2270        262.0111        4.7053          
647.0000        552.0876        2.1333          289.6772        262.4103        4.7053          
648.0000        552.9378        2.1332          290.1277        262.8101        4.7052          
649.0000        553.7883        2.1332          290.5784        263.2099        4.7051          
650.0000        554.6388        2.1332          291.0290        263.6098        4.7049          
651.0000        555.4892        2.1332          291.4793        264.0099        4.7049          
652.0000        556.3397        2.1332          291.9296        264.4101        4.7049          
653.0000        557.1903        2.1332          292.3799        264.8104        4.7048          
654.0000        558.0418        2.1332          292.8310        265.2108        4.7050          
655.0000        558.8935        2.1332          293.2822        265.6113        4.7048          
656.0000        559.7454        2.1332          293.7336        266.0117        4.7048          
657.0000        560.5970        2.1332          294.1853        266.4117        4.7047          
658.0000        561.4482        2.1332          294.6367        266.8115        4.7046          
659.0000        562.2991        2.1332          295.0882        267.2110        4.7046          
660.0000        563.1512        2.1331          295.5403        267.6108        4.7044          
661.0000        564.0039        2.1331          295.9930        268.0109        4.7046          
662.0000        564.8574        2.1331          296.4460        268.4113        4.7046          
663.0000        565.7113        2.1331          296.9000        268.8113        4.7046          
664.0000        566.5661        2.1332          297.3549        269.2112        4.7047          
665.0000        567.4212        2.1332          297.8100        269.6112        4.7044          
666.0000        568.2770        2.1332          298.2655        270.0115        4.7044          
667.0000        569.1338        2.1332          298.7223        270.4116        4.7046          
668.0000        569.9909        2.1332          299.1795        270.8114        4.7044          
669.0000        570.8480        2.1332          299.6368        271.2112        4.7043          
670.0000        571.7049        2.1332          300.0946        271.6103        4.7042          
671.0000        572.5621        2.1332          300.5526        272.0095        4.7042          
672.0000        573.4190        2.1333          301.0101        272.4089        4.7043          
673.0000        574.2756        2.1333          301.4669        272.8086        4.7042          
674.0000        575.1319        2.1333          301.9234        273.2085        4.7041          
675.0000        575.9879        2.1333          302.3796        273.6083        4.7039          
676.0000        576.8441        2.1333          302.8358        274.0083        4.7039          
677.0000        577.6999        2.1333          303.2918        274.4081        4.7039          
678.0000        578.5557        2.1333          303.7477        274.8080        4.7039          
679.0000        579.4116        2.1333          304.2041        275.2075        4.7038          
680.0000        580.2675        2.1333          304.6603        275.6072        4.7039          
681.0000        581.1243        2.1333          305.1171        276.0072        4.7040          
682.0000        581.9820        2.1334          305.5743        276.4077        4.7040          
683.0000        582.8409        2.1334          306.0322        276.8087        4.7039          
684.0000        583.7006        2.1334          306.4903        277.2102        4.7038          
685.0000        584.5612        2.1334          306.9486        277.6126        4.7037          
686.0000        585.4223        2.1335          307.4071        278.0152        4.7037          
687.0000        586.2835        2.1335          307.8660        278.4175        4.7038          
688.0000        587.1455        2.1335          308.3255        278.8200        4.7038          
689.0000        588.0073        2.1336          308.7853        279.2220        4.7036          
690.0000        588.8695        2.1336          309.2455        279.6240        4.7036          
691.0000        589.7313        2.1336          309.7061        280.0252        4.7037          
692.0000        590.5937        2.1336          310.1668        280.4268        4.7038          
693.0000        591.4576        2.1337          310.6285        280.8292        4.7038          
694.0000        592.3226        2.1337          311.0904        281.2322        4.7037          
695.0000        593.1854        2.1338          311.5515        281.6339        4.7037          
696.0000        594.0476        2.1338          312.0129        282.0348        4.7036          
697.0000        594.9107        2.1338          312.4742        282.4366        4.7035          
698.0000        595.7740        2.1339          312.9349        282.8390        4.7034          
699.0000        596.6373        2.1339          313.3958        283.2415        4.7037          
700.0000        597.4999        2.1339          313.8562        283.6437        4.7035          
701.0000        598.3638        2.1340          314.3170        284.0468        4.7034          
702.0000        599.2273        2.1340          314.7775        284.4498        4.7031          
703.0000        600.0905        2.1340          315.2381        284.8523        4.7029          
704.0000        600.9532        2.1341          315.6984        285.2549        4.7028          
705.0000        601.8172        2.1341          316.1595        285.6577        4.7026          
706.0000        602.6814        2.1341          316.6206        286.0608        4.7023          
707.0000        603.5445        2.1342          317.0812        286.4633        4.7021          
708.0000        604.4079        2.1342          317.5420        286.8659        4.7019          
709.0000        605.2707        2.1342          318.0023        287.2685        4.7015          
710.0000        606.1340        2.1343          318.4628        287.6712        4.7013          
711.0000        606.9984        2.1343          318.9238        288.0746        4.7009          
712.0000        607.8625        2.1343          319.3843        288.4782        4.7008          
713.0000        608.7265        2.1344          319.8450        288.8815        4.7008          
714.0000        609.5899        2.1344          320.3050        289.2849        4.7007          
715.0000        610.4529        2.1345          320.7650        289.6879        4.7007          
716.0000        611.3161        2.1345          321.2251        290.0910        4.7005          
717.0000        612.1789        2.1345          321.6851        290.4938        4.7003          
718.0000        613.0404        2.1345          322.1443        290.8962        4.7003          
719.0000        613.9020        2.1346          322.6039        291.2981        4.7001          
720.0000        614.7642        2.1346          323.0638        291.7005        4.7000          
721.0000        615.6268        2.1346          323.5240        292.1029        4.7004          
722.0000        616.4893        2.1347          323.9836        292.5057        4.7003          
723.0000        617.3519        2.1347          324.4431        292.9088        4.7004          
724.0000        618.2141        2.1347          324.9023        293.3117        4.7003          
725.0000        619.0762        2.1347          325.3616        293.7146        4.7007          
726.0000        619.9383        2.1348          325.8207        294.1176        4.7009          
727.0000        620.8005        2.1348          326.2794        294.5212        4.7011          
728.0000        621.6629        2.1348          326.7379        294.9251        4.7014          
729.0000        622.5257        2.1349          327.1960        295.3297        4.7015          
730.0000        623.3890        2.1349          327.6545        295.7345        4.7019          
731.0000        624.2512        2.1349          328.1131        296.1381        4.7018          
732.0000        625.1134        2.1350          328.5714        296.5420        4.7018          
733.0000        625.9752        2.1350          329.0292        296.9460        4.7018          
734.0000        626.8374        2.1350          329.4873        297.3501        4.7020          
735.0000        627.7003        2.1350          329.9460        297.7543        4.7017          
736.0000        628.5627        2.1351          330.4042        298.1585        4.7021          
737.0000        629.4252        2.1351          330.8630        298.5622        4.7023          
738.0000        630.2884        2.1351          331.3215        298.9669        4.7024          
739.0000        631.1516        2.1352          331.7804        299.3712        4.7025          
740.0000        632.0135        2.1352          332.2383        299.7752        4.7028          
741.0000        632.8745        2.1352          332.6963        300.1782        4.7028          
742.0000        633.7357        2.1352          333.1544        300.5814        4.7031          
743.0000        634.5977        2.1353          333.6133        300.9843        4.7031          
744.0000        635.4595        2.1353          334.0720        301.3875        4.7031          
745.0000        636.3214        2.1353          334.5302        301.7912        4.7030          
746.0000        637.1830        2.1353          334.9891        302.1940        4.7030          
747.0000        638.0445        2.1354          335.4472        302.5973        4.7030          
748.0000        638.9060        2.1354          335.9058        303.0002        4.7029          
749.0000        639.7672        2.1354          336.3646        303.4026        4.7031          
750.0000        640.6280        2.1354          336.8228        303.8052        4.7032          
751.0000        641.4894        2.1355          337.2814        304.2080        4.7031          
752.0000        642.3505        2.1355          337.7406        304.6099        4.7029          
753.0000        643.2126        2.1355          338.2003        305.0123        4.7027          
754.0000        644.0756        2.1355          338.6601        305.4155        4.7025          
755.0000        644.9383        2.1356          339.1196        305.8187        4.7022          
756.0000        645.8015        2.1356          339.5793        306.2222        4.7018          
757.0000        646.6655        2.1356          340.0398        306.6257        4.7017          
758.0000        647.5303        2.1357          340.5007        307.0297        4.7017          
759.0000        648.3955        2.1357          340.9624        307.4331        4.7017          
760.0000        649.2602        2.1357          341.4240        307.8363        4.7016          
761.0000        650.1261        2.1358          341.8859        308.2402        4.7016          
762.0000        650.9916        2.1358          342.3478        308.6438        4.7014          
763.0000        651.8576        2.1358          342.8097        309.0479        4.7015          
764.0000        652.7242        2.1359          343.2723        309.4519        4.7013          
765.0000        653.5908        2.1359          343.7352        309.8556        4.7012          
766.0000        654.4564        2.1360          344.1975        310.2588        4.7011          
767.0000        655.3220        2.1360          344.6592        310.6627        4.7009          
768.0000        656.1873        2.1360          345.1205        311.0668        4.7007          
769.0000        657.0517        2.1361          345.5808        311.4710        4.7009          
770.0000        657.9161        2.1361          346.0408        311.8753        4.7008          
771.0000        658.7800        2.1361          346.5007        312.2794        4.7007          
772.0000        659.6435        2.1362          346.9606        312.6830        4.7006          
773.0000        660.5072        2.1362          347.4205        313.0867        4.7006          
774.0000        661.3718        2.1362          347.8809        313.4909        4.7007          
775.0000        662.2361        2.1362          348.3408        313.8954        4.7008          
776.0000        663.1008        2.1363          348.8010        314.2998        4.7006          
777.0000        663.9644        2.1363          349.2607        314.7037        4.7003          
778.0000        664.8275        2.1363          349.7192        315.1083        4.7002          
779.0000        665.6900        2.1364          350.1768        315.5132        4.7001          
780.0000        666.5519        2.1364          350.6344        315.9176        4.7001          
781.0000        667.4142        2.1364          351.0925        316.3218        4.6999          
782.0000        668.2762        2.1364          351.5501        316.7260        4.6997          
783.0000        669.1383        2.1365          352.0080        317.1302        4.6998          
784.0000        670.0011        2.1365          352.4666        317.5345        4.6998          
785.0000        670.8645        2.1365          352.9254        317.9390        4.6997          
786.0000        671.7273        2.1365          353.3837        318.3436        4.6996          
787.0000        672.5884        2.1366          353.8409        318.7476        4.6994          
788.0000        673.4491        2.1366          354.2976        319.1515        4.6991          
789.0000        674.3098        2.1366          354.7548        319.5550        4.6990          
790.0000        675.1700        2.1366          355.2117        319.9583        4.6990          
791.0000        676.0303        2.1366          355.6686        320.3617        4.6987          
792.0000        676.8910        2.1367          356.1255        320.7655        4.6986          
793.0000        677.7513        2.1367          356.5822        321.1691        4.6986          
794.0000        678.6124        2.1367          357.0393        321.5731        4.6986          
795.0000        679.4738        2.1367          357.4963        321.9774        4.6986          
796.0000        680.3360        2.1367          357.9542        322.3818        4.6987          
797.0000        681.1986        2.1368          358.4125        322.7860        4.6988          
798.0000        682.0625        2.1368          358.8714        323.1911        4.6990          
799.0000        682.9267        2.1368          359.3312        323.5955        4.6992          
800.0000        683.7914        2.1368          359.7913        324.0001        4.6993          
801.0000        684.6555        2.1369          360.2511        324.4044        4.6994          
802.0000        685.5205        2.1369          360.7121        324.8084        4.6995          
803.0000        686.3867        2.1369          361.1736        325.2130        4.6998          
804.0000        687.2532        2.1370          361.6357        325.6175        4.6999          
805.0000        688.1189        2.1370          362.0972        326.0218        4.7002          
806.0000        688.9843        2.1370          362.5584        326.4258        4.7003          
807.0000        689.8503        2.1371          363.0202        326.8301        4.7005          
808.0000        690.7160        2.1371          363.4818        327.2342        4.7005          
809.0000        691.5841        2.1372          363.9442        327.6399        4.7007          
810.0000        692.4524        2.1372          364.4071        328.0453        4.7007          
811.0000        693.3211        2.1372          364.8703        328.4507        4.7008          
812.0000        694.1892        2.1373          365.3333        328.8559        4.7009          
813.0000        695.0574        2.1373          365.7966        329.2608        4.7011          
814.0000        695.9254        2.1374          366.2601        329.6652        4.7010          
815.0000        696.7937        2.1374          366.7234        330.0703        4.7012          
816.0000        697.6624        2.1374          367.1869        330.4755        4.7011          
817.0000        698.5313        2.1375          367.6508        330.8805        4.7012          
818.0000        699.4001        2.1375          368.1143        331.2858        4.7014          
819.0000        700.2690        2.1376          368.5778        331.6912        4.7016          
820.0000        701.1370        2.1376          369.0408        332.0962        4.7018          
821.0000        702.0040        2.1376          369.5027        332.5013        4.7021          
822.0000        702.8706        2.1377          369.9639        332.9068        4.7025          
823.0000        703.7375        2.1377          370.4253        333.3122        4.7030          
824.0000        704.6040        2.1378          370.8866        333.7174        4.7033          
825.0000        705.4707        2.1378          371.3481        334.1226        4.7037          
826.0000        706.3372        2.1378          371.8099        334.5273        4.7041          
827.0000        707.2032        2.1379          372.2710        334.9322        4.7044          
828.0000        708.0708        2.1379          372.7324        335.3384        4.7046          
829.0000        708.9381        2.1379          373.1936        335.7445        4.7050          
830.0000        709.8046        2.1380          373.6542        336.1505        4.7050          
831.0000        710.6708        2.1380          374.1142        336.5566        4.7053          
832.0000        711.5362        2.1380          374.5737        336.9625        4.7055          
833.0000        712.4016        2.1381          375.0335        337.3682        4.7059          
834.0000        713.2673        2.1381          375.4935        337.7738        4.7059          
835.0000        714.1325        2.1381          375.9526        338.1799        4.7058          
836.0000        714.9976        2.1382          376.4114        338.5862        4.7061          
837.0000        715.8628        2.1382          376.8700        338.9928        4.7065          
838.0000        716.7273        2.1382          377.3281        339.3991        4.7067          
839.0000        717.5908        2.1382          377.7859        339.8050        4.7071          
840.0000        718.4543        2.1383          378.2436        340.2107        4.7068          
841.0000        719.3180        2.1383          378.7013        340.6167        4.7066          
842.0000        720.1810        2.1383          379.1583        341.0227        4.7065          
843.0000        721.0439        2.1383          379.6152        341.4288        4.7063          
844.0000        721.9066        2.1383          380.0718        341.8348        4.7063          
845.0000        722.7699        2.1384          380.5285        342.2413        4.7065          
846.0000        723.6325        2.1384          380.9848        342.6477        4.7066          
847.0000        724.4942        2.1384          381.4409        343.0533        4.7068          
848.0000        725.3558        2.1384          381.8968        343.4590        4.7069          
849.0000        726.2171        2.1384          382.3533        343.8638        4.7071          
850.0000        727.0790        2.1385          382.8096        344.2694        4.7072          
851.0000        727.9414        2.1385          383.2662        344.6751        4.7074          
852.0000        728.8042        2.1385          383.7228        345.0814        4.7073          
853.0000        729.6665        2.1385          384.1793        345.4871        4.7073          
854.0000        730.5288        2.1386          384.6360        345.8928        4.7075          
855.0000        731.3913        2.1386          385.0933        346.2981        4.7075          
856.0000        732.2527        2.1386          385.5499        346.7028        4.7075          
857.0000        733.1147        2.1386          386.0070        347.1077        4.7077          
858.0000        733.9767        2.1386          386.4640        347.5127        4.7079          
859.0000        734.8386        2.1386          386.9209        347.9177        4.7079          
860.0000        735.7007        2.1387          387.3780        348.3227        4.7082          
861.0000        736.5622        2.1387          387.8345        348.7277        4.7082          
862.0000        737.4236        2.1387          388.2910        349.1327        4.7086          
863.0000        738.2856        2.1387          388.7475        349.5381        4.7088          
864.0000        739.1469        2.1387          389.2032        349.9437        4.7089          
865.0000        740.0095        2.1388          389.6599        350.3496        4.7091          
866.0000        740.8704        2.1388          390.1161        350.7543        4.7093          
867.0000        741.7317        2.1388          390.5729        351.1588        4.7093          
868.0000        742.5935        2.1388          391.0301        351.5635        4.7095          
869.0000        743.4556        2.1388          391.4873        351.9683        4.7096          
870.0000        744.3170        2.1388          391.9439        352.3731        4.7098          
871.0000        745.1776        2.1389          392.4001        352.7776        4.7100          
872.0000        746.0390        2.1389          392.8559        353.1831        4.7103          
873.0000        746.9003        2.1389          393.3119        353.5884        4.7104          
874.0000        747.7622        2.1389          393.7685        353.9937        4.7105          
875.0000        748.6232        2.1389          394.2248        354.3984        4.7109          
876.0000        749.4848        2.1389          394.6812        354.8036        4.7110          
877.0000        750.3460        2.1390          395.1378        355.2082        4.7108          
878.0000        751.2079        2.1390          395.5952        355.6127        4.7109          
879.0000        752.0710        2.1390          396.0531        356.0179        4.7112          
880.0000        752.9336        2.1390          396.5115        356.4221        4.7114          
881.0000        753.7957        2.1390          396.9697        356.8260        4.7116          
882.0000        754.6590        2.1391          397.4287        357.2303        4.7114          
883.0000        755.5230        2.1391          397.8882        357.6348        4.7117          
884.0000        756.3876        2.1391          398.3482        358.0394        4.7115          
885.0000        757.2534        2.1391          398.8092        358.4442        4.7117          
886.0000        758.1201        2.1392          399.2708        358.8493        4.7121          
887.0000        758.9878        2.1392          399.7332        359.2546        4.7123          
888.0000        759.8563        2.1392          400.1957        359.6606        4.7124          
889.0000        760.7257        2.1393          400.6586        360.0671        4.7129          
890.0000        761.5955        2.1393          401.1218        360.4737        4.7130          
891.0000        762.4662        2.1394          401.5855        360.8807        4.7133          
892.0000        763.3370        2.1394          402.0499        361.2871        4.7136          
893.0000        764.2083        2.1394          402.5147        361.6937        4.7139          
894.0000        765.0801        2.1395          402.9801        362.1000        4.7141          
895.0000        765.9523        2.1395          403.4453        362.5071        4.7144          
896.0000        766.8247        2.1396          403.9107        362.9139        4.7146          
897.0000        767.6978        2.1396          404.3761        363.3217        4.7148          
898.0000        768.5700        2.1397          404.8410        363.7290        4.7151          
899.0000        769.4429        2.1397          405.3063        364.1366        4.7156          
900.0000        770.3155        2.1398          405.7716        364.5439        4.7161          
901.0000        771.1876        2.1398          406.2362        364.9514        4.7163          
902.0000        772.0587        2.1399          406.7006        365.3581        4.7165          
903.0000        772.9293        2.1399          407.1649        365.7644        4.7168          
904.0000        773.8007        2.1399          407.6293        366.1713        4.7168          
905.0000        774.6711        2.1400          408.0933        366.5778        4.7172          
906.0000        775.5423        2.1400          408.5582        366.9842        4.7176          
907.0000        776.4139        2.1401          409.0232        367.3907        4.7180          
908.0000        777.2841        2.1401          409.4873        367.7968        4.7180          
909.0000        778.1537        2.1401          409.9513        368.2023        4.7179          
910.0000        779.0234        2.1402          410.4149        368.6086        4.7178          
911.0000        779.8925        2.1402          410.8781        369.0144        4.7175          
912.0000        780.7622        2.1402          411.3409        369.4213        4.7173          
913.0000        781.6320        2.1403          411.8042        369.8278        4.7171          
914.0000        782.5013        2.1403          412.2673        370.2341        4.7170          
915.0000        783.3712        2.1404          412.7305        370.6407        4.7169          
916.0000        784.2401        2.1404          413.1930        371.0471        4.7169          
917.0000        785.1097        2.1404          413.6557        371.4540        4.7168          
918.0000        785.9794        2.1405          414.1185        371.8610        4.7167          
919.0000        786.8483        2.1405          414.5805        372.2678        4.7163          
920.0000        787.7175        2.1405          415.0425        372.6750        4.7166          
921.0000        788.5859        2.1406          415.5037        373.0822        4.7164          
922.0000        789.4551        2.1406          415.9646        373.4905        4.7165          
923.0000        790.3253        2.1406          416.4266        373.8987        4.7166          
924.0000        791.1949        2.1407          416.8888        374.3060        4.7165          
925.0000        792.0644        2.1407          417.3515        374.7130        4.7167          
926.0000        792.9347        2.1408          417.8149        375.1198        4.7168          
927.0000        793.8063        2.1408          418.2786        375.5278        4.7170          
928.0000        794.6786        2.1408          418.7429        375.9357        4.7173          
929.0000        795.5508        2.1409          419.2074        376.3434        4.7174          
930.0000        796.4227        2.1409          419.6721        376.7505        4.7176          
931.0000        797.2944        2.1410          420.1366        377.1578        4.7177          
932.0000        798.1669        2.1410          420.6021        377.5648        4.7175          
933.0000        799.0393        2.1410          421.0676        377.9717        4.7174          
934.0000        799.9121        2.1411          421.5337        378.3783        4.7173          
935.0000        800.7872        2.1411          422.0012        378.7859        4.7175          
936.0000        801.6620        2.1412          422.4687        379.1933        4.7174          
937.0000        802.5364        2.1412          422.9360        379.6003        4.7175          
938.0000        803.4089        2.1413          423.4025        380.0064        4.7174          
939.0000        804.2809        2.1413          423.8685        380.4124        4.7173          
940.0000        805.1528        2.1414          424.3343        380.8185        4.7174          
941.0000        806.0245        2.1414          424.8000        381.2244        4.7175          
942.0000        806.8959        2.1414          425.2656        381.6303        4.7175          
943.0000        807.7673        2.1415          425.7312        382.0361        4.7173          
944.0000        808.6395        2.1415          426.1972        382.4423        4.7174          
945.0000        809.5118        2.1416          426.6637        382.8482        4.7172          
946.0000        810.3846        2.1416          427.1303        383.2543        4.7171          
947.0000        811.2574        2.1417          427.5970        383.6604        4.7173          
948.0000        812.1304        2.1417          428.0640        384.0664        4.7171          
949.0000        813.0033        2.1417          428.5309        384.4724        4.7171          
950.0000        813.8763        2.1418          428.9980        384.8782        4.7171          
951.0000        814.7489        2.1418          429.4646        385.2843        4.7168          
952.0000        815.6203        2.1419          429.9305        385.6898        4.7165          
953.0000        816.4916        2.1419          430.3962        386.0954        4.7166          
954.0000        817.3623        2.1419          430.8617        386.5006        4.7163          
955.0000        818.2330        2.1420          431.3274        386.9056        4.7163          
956.0000        819.1035        2.1420          431.7931        387.3105        4.7161          
957.0000        819.9753        2.1420          432.2593        387.7160        4.7158          
958.0000        820.8468        2.1421          432.7254        388.1214        4.7160          
959.0000        821.7182        2.1421          433.1919        388.5264        4.7160          
960.0000        822.5890        2.1422          433.6575        388.9315        4.7161          
961.0000        823.4590        2.1422          434.1232        389.3358        4.7161          
962.0000        824.3297        2.1422          434.5888        389.7409        4.7162          
963.0000        825.1991        2.1423          435.0538        390.1453        4.7164          
964.0000        826.0667        2.1423          435.5178        390.5490        4.7162          
965.0000        826.9329        2.1423          435.9809        390.9521        4.7162          
966.0000        827.8002        2.1423          436.4442        391.3560        4.7159          
967.0000        828.6668        2.1424          436.9069        391.7599        4.7160          
968.0000        829.5341        2.1424          437.3700        392.1641        4.7159          
969.0000        830.3999        2.1424          437.8324        392.5675        4.7156          
970.0000        831.2652        2.1424          438.2942        392.9710        4.7154          
971.0000        832.1311        2.1425          438.7567        393.3744        4.7154          
972.0000        832.9975        2.1425          439.2192        393.7782        4.7150          
973.0000        833.8635        2.1425          439.6815        394.1819        4.7149          
974.0000        834.7302        2.1425          440.1439        394.5862        4.7148          
975.0000        835.5975        2.1426          440.6067        394.9908        4.7144          
976.0000        836.4644        2.1426          441.0696        395.3948        4.7140          
977.0000        837.3312        2.1426          441.5324        395.7988        4.7140          
978.0000        838.1984        2.1426          441.9954        396.2030        4.7138          
979.0000        839.0645        2.1427          442.4571        396.6074        4.7135          
980.0000        839.9315        2.1427          442.9185        397.0129        4.7132          
981.0000        840.7973        2.1427          443.3791        397.4182        4.7129          
982.0000        841.6624        2.1427          443.8392        397.8232        4.7127          
983.0000        842.5280        2.1427          444.2996        398.2285        4.7124          
984.0000        843.3931        2.1428          444.7595        398.6336        4.7121          
985.0000        844.2590        2.1428          445.2200        399.0390        4.7118          
986.0000        845.1251        2.1428          445.6806        399.4445        4.7111          
987.0000        845.9900        2.1428          446.1407        399.8494        4.7109          
988.0000        846.8548        2.1429          446.6005        400.2542        4.7104          
989.0000        847.7193        2.1429          447.0600        400.6593        4.7103          
990.0000        848.5838        2.1429          447.5193        401.0645        4.7099          
991.0000        849.4478        2.1429          447.9783        401.4694        4.7098          
992.0000        850.3106        2.1429          448.4370        401.8736        4.7096          
993.0000        851.1736        2.1429          448.8959        402.2777        4.7094          
994.0000        852.0369        2.1429          449.3551        402.6818        4.7092          
995.0000        852.8999        2.1430          449.8137        403.0862        4.7090          
996.0000        853.7627        2.1430          450.2722        403.4905        4.7090          
997.0000        854.6261        2.1430          450.7311        403.8950        4.7088          
998.0000        855.4889        2.1430          451.1903        404.2987        4.7086          
999.0000        856.3519        2.1430          451.6501        404.7018        4.7084          
1000.0000       857.2149        2.1430          452.1103        405.1046        4.7085          
