# Time-averaged data for fix 52
# TimeStep Number-of-rows
# Row c_myRDF[1] c_myRDF[2] c_myRDF[3] c_myRDF[4] c_myRDF[5]
1000000 200
1 0.025 0 0 0 0
2 0.075 0 0 0 0
3 0.125 0 0 0 0
4 0.175 0 0 0 0
5 0.225 0 0 0 0
6 0.275 0 0 0 0
7 0.325 0 0 0 0
8 0.375 0 0 0 0
9 0.425 0 0 0 0
10 0.475 0 0 0 0
11 0.525 0 0 0 0
12 0.575 0 0 0 0
13 0.625 0 0 0 0
14 0.675 0 0 0 0
15 0.725 0 0 0 0
16 0.775 0 0 0 0
17 0.825 0 0 0 0
18 0.875 0 0 0 0
19 0.925 0 0 0 0
20 0.975 0 0 0 0
21 1.025 0 0 0 0
22 1.075 0 0 0 0
23 1.125 0 0 0 0
24 1.175 0 0 0 0
25 1.225 0 0 0 0
26 1.275 0 0 0 0
27 1.325 0 0 0 0
28 1.375 0 0 0 0
29 1.425 0 0 0 0
30 1.475 0 0 0 0
31 1.525 0 0 0 0
32 1.575 0 0 0 0
33 1.625 0 0 0 0
34 1.675 0 0 0 0
35 1.725 0 0 0 0
36 1.775 0 0 0 0
37 1.825 0 0 0 0
38 1.875 0 0 0 0
39 1.925 0 0 0 0
40 1.975 0 0 0 0
41 2.025 0 0 0 0
42 2.075 0 0 0 0
43 2.125 0 0 0 0
44 2.175 0 0 0 0
45 2.225 0 0 0 0
46 2.275 0 0 0 0
47 2.325 0 0 0 0
48 2.375 0.027348 0.002 7.54428e-05 5.51724e-06
49 2.425 0.203297 0.0175 0.00316592 0.000246897
50 2.475 1.00731 0.0975 0.0499835 0.00421655
51 2.525 2.98208 0.344 0.333963 0.0318221
52 2.575 5.49051 0.816 1.1474 0.13046
53 2.625 7.07991 1.4485 2.4375 0.34822
54 2.675 7.94952 2.186 3.65841 0.687621
55 2.725 7.08399 2.868 4.28147 1.09981
56 2.775 6.26511 3.4935 4.21056 1.52019
57 2.825 4.87103 3.9975 3.71058 1.90412
58 2.875 3.60197 4.3835 3.06887 2.23299
59 2.925 2.99305 4.7155 2.46279 2.50617
60 2.975 2.14818 4.962 1.97656 2.73298
61 3.025 1.62681 5.155 1.61979 2.92515
62 3.075 1.37856 5.324 1.38057 3.09439
63 3.125 1.15314 5.47 1.21419 3.24812
64 3.175 0.941126 5.593 1.11632 3.39402
65 3.225 0.823178 5.704 1.05835 3.53673
66 3.275 0.765874 5.8105 1.02544 3.67932
67 3.325 0.648829 5.9035 1.00847 3.82387
68 3.375 0.650062 5.9995 1.00679 3.97255
69 3.425 0.53588 6.081 1.01081 4.12628
70 3.475 0.568476 6.17 1.02017 4.286
71 3.525 0.555567 6.2595 1.03401 4.45257
72 3.575 0.600486 6.359 1.05537 4.62745
73 3.625 0.648602 6.4695 1.06821 4.80944
74 3.675 0.713884 6.5945 1.08479 4.99938
75 3.725 0.744877 6.7285 1.10427 5.19803
76 3.775 0.757751 6.8685 1.12636 5.40614
77 3.825 0.735435 7.008 1.14546 5.62341
78 3.875 0.757672 7.1555 1.16212 5.84965
79 3.925 0.973808 7.35 1.17834 6.085
80 3.975 0.854274 7.525 1.19533 6.32987
81 4.025 0.91888 7.718 1.21218 6.58447
82 4.075 0.973111 7.9275 1.22601 6.84842
83 4.125 0.981394 8.144 1.23522 7.12091
84 4.175 1.1638 8.407 1.24445 7.40214
85 4.225 1.28549 8.7045 1.25052 7.69155
86 4.275 1.2577 9.0025 1.25241 7.98829
87 4.325 1.19993 9.2935 1.25124 8.29174
88 4.375 1.23713 9.6005 1.24531 8.60077
89 4.425 1.35705 9.945 1.23701 8.91479
90 4.475 1.3423 10.2935 1.22383 9.23253
91 4.525 1.37496 10.6585 1.20976 9.55368
92 4.575 1.35797 11.027 1.18983 9.87655
93 4.625 1.33237 11.3965 1.1704 10.2011
94 4.675 1.25109 11.751 1.14729 10.5262
95 4.725 1.33531 12.1375 1.12362 10.8514
96 4.775 1.33624 12.5325 1.09821 11.1761
97 4.825 1.33188 12.9345 1.07467 11.5005
98 4.875 1.34365 13.3485 1.04872 11.8236
99 4.925 1.26881 13.7475 1.02552 12.1461
100 4.975 1.20448 14.134 1.00576 12.4688
101 5.025 1.20812 14.5295 0.983458 12.7908
102 5.075 1.19192 14.9275 0.961922 13.112
103 5.125 1.0704 15.292 0.944439 13.4336
104 5.175 1.10166 15.6745 0.93062 13.7567
105 5.225 1.06372 16.051 0.915234 14.0806
106 5.275 1.05613 16.432 0.901078 14.4057
107 5.325 0.998303 16.799 0.887861 14.7321
108 5.375 0.973142 17.1635 0.874153 15.0595
109 5.425 0.859627 17.4915 0.860735 15.3879
110 5.475 0.898035 17.8405 0.846672 15.717
111 5.525 0.900805 18.197 0.833432 16.0468
112 5.575 0.857421 18.5425 0.822638 16.3783
113 5.625 0.789834 18.8665 0.812228 16.7115
114 5.675 0.781965 19.193 0.804703 17.0475
115 5.725 0.77072 19.5205 0.800119 17.3875
116 5.775 0.778247 19.857 0.796259 17.7318
117 5.825 0.759261 20.191 0.796963 18.0823
118 5.875 0.758683 20.5305 0.798639 18.4397
119 5.925 0.729454 20.8625 0.800185 18.8039
120 5.975 0.736741 21.2035 0.808353 19.1781
121 6.025 0.765998 21.564 0.815203 19.5617
122 6.075 0.807781 21.9505 0.821932 19.955
123 6.125 0.739134 22.31 0.82973 20.3586
124 6.175 0.75351 22.6825 0.837254 20.7725
125 6.225 0.78823 23.0785 0.845976 21.1975
126 6.275 0.761027 23.467 0.853839 21.6333
127 6.325 0.792424 23.878 0.864781 22.0819
128 6.375 0.7734 24.2855 0.871514 22.5411
129 6.425 0.829609 24.7295 0.876915 23.0104
130 6.475 0.823285 25.177 0.884602 23.4912
131 6.525 0.778106 25.6065 0.890835 23.9829
132 6.575 0.752043 26.028 0.897224 24.4858
133 6.625 0.75743 26.459 0.899519 24.9977
134 6.675 0.785941 26.913 0.904256 25.52
135 6.725 0.826316 27.3975 0.90629 26.0514
136 6.775 0.799881 27.8735 0.907518 26.5915
137 6.825 0.856923 28.391 0.91 27.141
138 6.875 0.831449 28.9005 0.91254 27.7002
139 6.925 0.850046 29.429 0.911048 28.2666
140 6.975 0.818877 29.9455 0.909663 28.8404
141 7.025 0.793977 30.4535 0.912541 29.4242
142 7.075 0.8244 30.9885 0.911234 30.0156
143 7.125 0.814389 31.5245 0.91578 30.6183
144 7.175 0.856268 32.096 0.917193 31.2305
145 7.225 0.857756 32.6765 0.920801 31.8537
146 7.275 0.86058 33.267 0.924007 32.4877
147 7.325 0.850309 33.8585 0.922063 33.1291
148 7.375 0.821801 34.438 0.92123 33.7787
149 7.425 0.819165 35.0235 0.91815 34.435
150 7.475 0.849656 35.639 0.912783 35.0962
151 7.525 0.833635 36.251 0.904913 35.7605
152 7.575 0.807207 36.8515 0.899791 36.4299
153 7.625 0.831149 37.478 0.893668 37.1035
154 7.675 0.803987 38.092 0.888541 37.7821
155 7.725 0.812355 38.7205 0.884719 38.4666
156 7.775 0.815338 39.3595 0.881229 39.1572
157 7.825 0.791095 39.9875 0.879286 39.8552
158 7.875 0.856328 40.676 0.875275 40.559
159 7.925 0.825293 41.348 0.873448 41.2702
160 7.975 0.863488 42.06 0.873407 41.9904
161 8.025 0.83779 42.7595 0.87184 42.7183
162 8.075 0.790777 43.428 0.870806 43.4544
163 8.125 0.86403 44.1675 0.870208 44.1992
164 8.175 0.860995 44.9135 0.870541 44.9535
165 8.225 0.883054 45.688 0.87104 45.7175
166 8.275 0.869035 46.4595 0.869371 46.4893
167 8.325 0.871427 47.2425 0.870585 47.2715
168 8.375 0.876448 48.0395 0.869521 48.0622
169 8.425 0.90248 48.87 0.871611 48.8643
170 8.475 0.837094 49.6495 0.870829 49.6752
171 8.525 0.867103 50.4665 0.873311 50.4981
172 8.575 0.905799 51.33 0.870628 51.328
173 8.625 0.933691 52.2305 0.872496 52.1695
174 8.675 0.885036 53.094 0.87349 53.0217
175 8.725 0.904305 53.9865 0.872614 53.883
176 8.775 0.887518 54.8725 0.8724 54.7539
177 8.825 0.940875 55.8225 0.874422 55.6368
178 8.875 0.94891 56.7915 0.872979 56.5282
179 8.925 0.921362 57.743 0.874673 57.4315
180 8.975 0.889579 58.672 0.87583 58.3462
181 9.025 0.935622 59.66 0.876589 59.2718
182 9.075 0.936579 60.66 0.876337 60.2075
183 9.125 0.949965 61.6855 0.878388 61.1557
184 9.175 0.970793 62.745 0.880954 62.1172
185 9.225 0.956673 63.8005 0.881185 63.0894
186 9.275 0.93742 64.846 0.884135 64.0755
187 9.325 0.945135 65.9115 0.885465 65.0737
188 9.375 0.928498 66.9695 0.887456 66.0849
189 9.425 0.931263 68.042 0.88996 67.1099
190 9.475 0.979884 69.1825 0.891423 68.1474
191 9.525 0.922864 70.268 0.895503 69.2007
192 9.575 0.93176 71.3755 0.899326 70.2697
193 9.625 0.9654 72.535 0.902932 71.3541
194 9.675 0.965747 73.707 0.905593 72.4531
195 9.725 0.957474 74.881 0.910057 73.569
196 9.775 0.996945 76.116 0.9157 74.7034
197 9.825 0.986425 77.3505 0.921268 75.8563
198 9.875 0.91872 78.512 0.927683 77.0291
199 9.925 0.938067 79.71 0.933573 78.2214
200 9.975 0.937989 80.92 0.941331 79.4357
2000000 200
1 0.025 0 0 0 0
2 0.075 0 0 0 0
3 0.125 0 0 0 0
4 0.175 0 0 0 0
5 0.225 0 0 0 0
6 0.275 0 0 0 0
7 0.325 0 0 0 0
8 0.375 0 0 0 0
9 0.425 0 0 0 0
10 0.475 0 0 0 0
11 0.525 0 0 0 0
12 0.575 0 0 0 0
13 0.625 0 0 0 0
14 0.675 0 0 0 0
15 0.725 0 0 0 0
16 0.775 0 0 0 0
17 0.825 0 0 0 0
18 0.875 0 0 0 0
19 0.925 0 0 0 0
20 0.975 0 0 0 0
21 1.025 0 0 0 0
22 1.075 0 0 0 0
23 1.125 0 0 0 0
24 1.175 0 0 0 0
25 1.225 0 0 0 0
26 1.275 0 0 0 0
27 1.325 0 0 0 0
28 1.375 0 0 0 0
29 1.425 0 0 0 0
30 1.475 0 0 0 0
31 1.525 0 0 0 0
32 1.575 0 0 0 0
33 1.625 0 0 0 0
34 1.675 0 0 0 0
35 1.725 0 0 0 0
36 1.775 0 0 0 0
37 1.825 0 0 0 0
38 1.875 0 0 0 0
39 1.925 0 0 0 0
40 1.975 0 0 0 0
41 2.025 0 0 0 0
42 2.075 0 0 0 0
43 2.125 0 0 0 0
44 2.175 0 0 0 0
45 2.225 0 0 0 0
46 2.275 0 0 0 0
47 2.325 0 0 0 0
48 2.375 0.0170925 0.00125 6.60124e-05 4.82759e-06
49 2.425 0.16067 0.0135 0.00305738 0.000237931
50 2.475 0.991572 0.09225 0.0505002 0.00424862
51 2.525 2.81271 0.32475 0.332202 0.0317086
52 2.575 5.13863 0.7665 1.14525 0.130162
53 2.625 6.61538 1.3575 2.43796 0.347962
54 2.675 7.44021 2.04775 3.65618 0.687157
55 2.725 6.61917 2.685 4.27841 1.09905
56 2.775 5.81688 3.26575 4.21772 1.52015
57 2.825 4.56176 3.73775 3.71633 1.90467
58 2.875 3.48299 4.111 3.06683 2.23332
59 2.925 2.84881 4.427 2.46369 2.5066
60 2.975 2.09372 4.66725 1.97644 2.7334
61 3.025 1.59098 4.856 1.62006 2.9256
62 3.075 1.2562 5.01 1.37692 3.0944
63 3.125 1.11168 5.15075 1.21319 3.248
64 3.175 0.893304 5.2675 1.11497 3.39372
65 3.225 0.776828 5.37225 1.05598 3.53611
66 3.275 0.711939 5.47125 1.02306 3.67837
67 3.325 0.647085 5.564 1.00944 3.82306
68 3.375 0.622976 5.656 1.00672 3.97173
69 3.425 0.491497 5.73075 1.01064 4.12544
70 3.475 0.528555 5.8135 1.02073 4.28524
71 3.525 0.546256 5.9015 1.03232 4.45155
72 3.575 0.615573 6.0035 1.0533 4.62608
73 3.625 0.63833 6.11225 1.06669 4.80781
74 3.675 0.629646 6.2225 1.08644 4.99804
75 3.725 0.678172 6.3445 1.10545 5.19691
76 3.775 0.704979 6.47475 1.1239 5.40455
77 3.825 0.718301 6.611 1.14548 5.62183
78 3.875 0.783356 6.7635 1.16158 5.84796
79 3.925 0.926244 6.9485 1.18009 6.08367
80 3.975 0.879902 7.12875 1.19839 6.32916
81 4.025 0.911739 7.32025 1.21371 6.58408
82 4.075 1.00446 7.5365 1.22757 6.84837
83 4.125 1.03126 7.764 1.23625 7.12109
84 4.175 1.23017 8.042 1.24367 7.40214
85 4.225 1.28008 8.33825 1.25246 7.692
86 4.275 1.29252 8.6445 1.25254 7.98877
87 4.325 1.28858 8.957 1.25249 8.29252
88 4.375 1.26836 9.27175 1.24514 8.60151
89 4.425 1.425 9.6335 1.23608 8.9153
90 4.475 1.4203 10.0023 1.22428 9.23315
91 4.525 1.38626 10.3703 1.20947 9.55422
92 4.575 1.36534 10.7407 1.19054 9.87729
93 4.625 1.38917 11.126 1.17023 10.2018
94 4.675 1.33932 11.5055 1.1473 10.5269
95 4.725 1.37072 11.9022 1.12437 10.8524
96 4.775 1.3354 12.297 1.09777 11.1769
97 4.825 1.33106 12.6988 1.07499 11.5013
98 4.875 1.33472 13.11 1.04893 11.8245
99 4.925 1.24416 13.5013 1.02673 12.1474
100 4.975 1.20681 13.8885 1.00535 12.47
101 5.025 1.1791 14.2745 0.98321 12.7919
102 5.075 1.14026 14.6552 0.96083 13.1127
103 5.125 1.11078 15.0335 0.944676 13.4344
104 5.175 1.08366 15.4097 0.931434 13.7578
105 5.225 1.0277 15.7735 0.914745 14.0816
106 5.275 1.01663 16.1402 0.901658 14.4068
107 5.325 0.968381 16.4962 0.887767 14.7332
108 5.375 0.953119 16.8532 0.874464 15.0607
109 5.425 0.849144 17.1773 0.859902 15.3888
110 5.475 0.883882 17.5207 0.84484 15.7172
111 5.525 0.806682 17.84 0.833995 16.0472
112 5.575 0.818335 18.1698 0.82293 16.3788
113 5.625 0.7618 18.4823 0.811867 16.7119
114 5.675 0.753225 18.7968 0.80453 17.0478
115 5.725 0.771896 19.1247 0.799846 17.3877
116 5.775 0.75165 19.4498 0.797239 17.7324
117 5.825 0.789949 19.7972 0.797091 18.083
118 5.875 0.758124 20.1365 0.79919 18.4407
119 5.925 0.743186 20.4748 0.800224 18.8049
120 5.975 0.742142 20.8182 0.806966 19.1784
121 6.025 0.752718 21.1725 0.814403 19.5616
122 6.075 0.766503 21.5393 0.821528 19.9547
123 6.125 0.762778 21.9102 0.830003 20.3584
124 6.175 0.772727 22.2923 0.836704 20.772
125 6.225 0.790221 22.6893 0.845733 21.1969
126 6.275 0.767883 23.0812 0.854549 21.6332
127 6.325 0.797726 23.495 0.863583 22.0811
128 6.375 0.812307 23.923 0.870675 22.5398
129 6.425 0.810457 24.3568 0.877032 23.0092
130 6.475 0.809947 24.797 0.884047 23.4897
131 6.525 0.821586 25.2505 0.89114 23.9816
132 6.575 0.80557 25.702 0.896114 24.4839
133 6.625 0.815423 26.166 0.899962 24.996
134 6.675 0.822296 26.641 0.904235 25.5183
135 6.725 0.843371 27.1355 0.905662 26.0494
136 6.775 0.830549 27.6298 0.907884 26.5896
137 6.825 0.885487 28.1645 0.908845 27.1385
138 6.875 0.862863 28.6932 0.911396 27.697
139 6.925 0.845623 29.219 0.911148 28.2635
140 6.975 0.870801 29.7683 0.910401 28.8377
141 7.025 0.833833 30.3017 0.912433 29.4215
142 7.075 0.861382 30.8607 0.911657 30.0131
143 7.125 0.844397 31.4165 0.914592 30.6151
144 7.175 0.899343 32.0168 0.917157 31.2272
145 7.225 0.870316 32.6058 0.921011 31.8505
146 7.275 0.903572 33.2258 0.923619 32.4843
147 7.325 0.847074 33.815 0.922628 33.1261
148 7.375 0.880653 34.436 0.922037 33.7762
149 7.425 0.848546 35.0425 0.918132 34.4325
150 7.475 0.874158 35.6758 0.912218 35.0933
151 7.525 0.870753 36.315 0.905512 35.7581
152 7.575 0.864673 36.9582 0.89981 36.4275
153 7.625 0.850717 37.5995 0.893861 37.1012
154 7.675 0.822974 38.228 0.888874 37.7801
155 7.725 0.865995 38.898 0.88525 38.465
156 7.775 0.850107 39.5643 0.881873 39.1561
157 7.825 0.829201 40.2225 0.878449 39.8534
158 7.875 0.858194 40.9125 0.875407 40.5573
159 7.925 0.870426 41.6213 0.873576 41.2686
160 7.975 0.8647 42.3342 0.873342 41.9887
161 8.025 0.82192 43.0205 0.872278 42.717
162 8.075 0.815914 43.7103 0.871437 43.4537
163 8.125 0.850886 44.4385 0.870375 44.1986
164 8.175 0.855802 45.18 0.871166 44.9535
165 8.225 0.868517 45.9417 0.870859 45.7173
166 8.275 0.84172 46.689 0.870264 46.4898
167 8.325 0.863636 47.465 0.87113 47.2726
168 8.375 0.877823 48.2632 0.870548 48.0642
169 8.425 0.884006 49.0767 0.870663 48.8654
170 8.475 0.856156 49.874 0.870839 49.6764
171 8.525 0.878513 50.7018 0.872573 50.4985
172 8.575 0.874067 51.535 0.871243 51.3291
173 8.625 0.912435 52.415 0.871629 52.1697
174 8.675 0.911685 53.3045 0.873426 53.0219
175 8.725 0.908611 54.2013 0.873102 53.8836
176 8.775 0.910557 55.1103 0.872485 54.7546
177 8.825 0.939142 56.0585 0.873707 55.6368
178 8.875 0.96115 57.04 0.873353 56.5286
179 8.925 0.926203 57.9965 0.874317 57.4315
180 8.975 0.923094 58.9605 0.875355 58.3457
181 9.025 0.939646 59.9527 0.875846 59.2705
182 9.075 0.944774 60.9615 0.876627 60.2065
183 9.125 0.952976 61.9903 0.87802 61.1544
184 9.175 0.927957 63.003 0.880263 62.1151
185 9.225 0.948289 64.0493 0.881162 63.0873
186 9.275 0.920384 65.0757 0.88393 64.0731
187 9.325 0.942252 66.138 0.885739 65.0716
188 9.375 0.920161 67.1865 0.886628 66.0819
189 9.425 0.931914 68.2597 0.890045 67.107
190 9.475 0.960338 69.3775 0.891742 68.1449
191 9.525 0.906498 70.4437 0.895486 69.1982
192 9.575 0.914723 71.531 0.898876 70.2666
193 9.625 0.959572 72.6835 0.902621 71.3507
194 9.675 0.953387 73.8405 0.905372 72.4494
195 9.725 0.923832 74.9733 0.910645 73.566
196 9.775 0.952547 76.1532 0.915644 74.7003
197 9.825 0.970444 77.3678 0.920892 75.8528
198 9.875 0.921883 78.5333 0.927127 77.0249
199 9.925 0.946289 79.7417 0.934259 78.218
200 9.975 0.928492 80.9395 0.941769 79.4329
3000000 200
1 0.025 0 0 0 0
2 0.075 0 0 0 0
3 0.125 0 0 0 0
4 0.175 0 0 0 0
5 0.225 0 0 0 0
6 0.275 0 0 0 0
7 0.325 0 0 0 0
8 0.375 0 0 0 0
9 0.425 0 0 0 0
10 0.475 0 0 0 0
11 0.525 0 0 0 0
12 0.575 0 0 0 0
13 0.625 0 0 0 0
14 0.675 0 0 0 0
15 0.725 0 0 0 0
16 0.775 0 0 0 0
17 0.825 0 0 0 0
18 0.875 0 0 0 0
19 0.925 0 0 0 0
20 0.975 0 0 0 0
21 1.025 0 0 0 0
22 1.075 0 0 0 0
23 1.125 0 0 0 0
24 1.175 0 0 0 0
25 1.225 0 0 0 0
26 1.275 0 0 0 0
27 1.325 0 0 0 0
28 1.375 0 0 0 0
29 1.425 0 0 0 0
30 1.475 0 0 0 0
31 1.525 0 0 0 0
32 1.575 0 0 0 0
33 1.625 0 0 0 0
34 1.675 0 0 0 0
35 1.725 0 0 0 0
36 1.775 0 0 0 0
37 1.825 0 0 0 0
38 1.875 0 0 0 0
39 1.925 0 0 0 0
40 1.975 0 0 0 0
41 2.025 0 0 0 0
42 2.075 0 0 0 0
43 2.125 0 0 0 0
44 2.175 0 0 0 0
45 2.225 0 0 0 0
46 2.275 0 0 0 0
47 2.325 0 0 0 0
48 2.375 0.013674 0.001 5.02952e-05 3.67816e-06
49 2.425 0.174879 0.0143333 0.00310863 0.00024069
50 2.475 1.00311 0.094 0.0500037 0.00421195
51 2.525 2.81271 0.3265 0.333011 0.0317389
52 2.575 5.00001 0.756333 1.14501 0.130171
53 2.625 6.41763 1.32967 2.43707 0.347892
54 2.675 7.14648 1.99267 3.65484 0.686963
55 2.725 6.41576 2.61033 4.28104 1.09911
56 2.775 5.53393 3.16283 4.22107 1.52054
57 2.825 4.36363 3.61433 3.71509 1.90494
58 2.875 3.27225 3.965 3.06759 2.23367
59 2.925 2.67001 4.26117 2.46215 2.50678
60 2.975 1.98987 4.4895 1.9802 2.734
61 3.025 1.52566 4.6705 1.61846 2.92601
62 3.075 1.1488 4.81133 1.37636 3.09475
63 3.125 1.02809 4.9415 1.21376 3.24842
64 3.175 0.867162 5.05483 1.11365 3.39397
65 3.225 0.713174 5.151 1.05572 3.53633
66 3.275 0.677181 5.24517 1.02246 3.6785
67 3.325 0.63255 5.33583 1.00929 3.82317
68 3.375 0.573318 5.4205 1.00698 3.97188
69 3.425 0.487662 5.49467 1.00993 4.12548
70 3.475 0.518441 5.57583 1.02187 4.28546
71 3.525 0.506942 5.6575 1.03376 4.45199
72 3.575 0.580369 5.75367 1.05242 4.62638
73 3.625 0.59871 5.85567 1.06729 4.80821
74 3.675 0.612036 5.96283 1.08704 4.99855
75 3.725 0.643893 6.07867 1.1067 5.19764
76 3.775 0.685584 6.20533 1.12466 5.40543
77 3.825 0.709075 6.33983 1.14515 5.62265
78 3.875 0.76709 6.48917 1.16159 5.84878
79 3.925 0.877011 6.66433 1.18012 6.08449
80 3.975 0.879495 6.8445 1.19837 6.32997
81 4.025 0.899042 7.03333 1.21334 6.58482
82 4.075 1.00563 7.24983 1.22721 6.84903
83 4.125 1.06148 7.484 1.23734 7.12199
84 4.175 1.22353 7.7605 1.24438 7.4032
85 4.225 1.27036 8.0545 1.2517 7.69288
86 4.275 1.28162 8.35817 1.25216 7.98957
87 4.325 1.29408 8.672 1.2507 8.29288
88 4.375 1.34459 9.00567 1.2451 8.60186
89 4.425 1.42468 9.36733 1.23755 8.91602
90 4.475 1.43603 9.74017 1.22442 9.23391
91 4.525 1.41954 10.117 1.20925 9.55492
92 4.575 1.42921 10.5048 1.19113 9.87815
93 4.625 1.43935 10.904 1.16999 10.2026
94 4.675 1.35579 11.2882 1.14635 10.5274
95 4.725 1.39058 11.6907 1.12301 10.8525
96 4.775 1.3571 12.0918 1.09795 11.1771
97 4.825 1.33685 12.4953 1.07368 11.5011
98 4.875 1.36312 12.9153 1.04835 11.8241
99 4.925 1.26987 13.3147 1.02689 12.1471
100 4.975 1.24915 13.7155 1.00476 12.4695
101 5.025 1.17859 14.1013 0.983103 12.7913
102 5.075 1.18443 14.4968 0.960734 13.1121
103 5.125 1.13451 14.8832 0.945086 13.4339
104 5.175 1.07094 15.255 0.931105 13.7572
105 5.225 1.05619 15.6288 0.913931 14.0807
106 5.275 1.02286 15.9978 0.900823 14.4057
107 5.325 0.970648 16.3547 0.887544 14.732
108 5.375 0.958903 16.7138 0.874013 15.0593
109 5.425 0.867053 17.0447 0.860084 15.3875
110 5.475 0.87359 17.3842 0.845642 15.7161
111 5.525 0.828791 17.7122 0.833621 16.0461
112 5.575 0.821023 18.043 0.822678 16.3776
113 5.625 0.789022 18.3667 0.811758 16.7105
114 5.675 0.767196 18.687 0.805184 17.0467
115 5.725 0.779741 19.0183 0.800456 17.3869
116 5.775 0.762057 19.3478 0.79734 17.7316
117 5.825 0.783887 19.6927 0.796959 18.0822
118 5.875 0.763525 20.0343 0.799797 18.4401
119 5.925 0.760946 20.3807 0.800862 18.8046
120 5.975 0.758707 20.7318 0.80709 19.1782
121 6.025 0.725626 21.0733 0.814444 19.5615
122 6.075 0.766329 21.44 0.821741 19.9547
123 6.125 0.763463 21.8113 0.83013 20.3584
124 6.175 0.768007 22.191 0.837437 20.7724
125 6.225 0.773965 22.5798 0.846241 21.1975
126 6.275 0.77278 22.9743 0.854729 21.6339
127 6.325 0.821344 23.4003 0.863773 22.0819
128 6.375 0.807878 23.826 0.870483 22.5405
129 6.425 0.816841 24.2632 0.877831 23.0103
130 6.475 0.820525 24.7092 0.88409 23.4909
131 6.525 0.848761 25.1777 0.890885 23.9827
132 6.575 0.818356 25.6363 0.895992 24.4848
133 6.625 0.825675 26.1062 0.900422 24.9972
134 6.675 0.815082 26.577 0.903823 25.5193
135 6.725 0.867248 27.0855 0.905613 26.0503
136 6.775 0.83769 27.584 0.907015 26.59
137 6.825 0.874862 28.1123 0.909608 27.1394
138 6.875 0.871975 28.6467 0.910748 27.6974
139 6.925 0.850582 29.1755 0.91013 28.2633
140 6.975 0.877274 29.7288 0.910444 28.8376
141 7.025 0.856495 30.2768 0.911856 29.421
142 7.075 0.871398 30.8423 0.912167 30.0129
143 7.125 0.85516 31.4052 0.914077 30.6145
144 7.175 0.899718 32.0057 0.916603 31.2263
145 7.225 0.879674 32.601 0.920788 31.8495
146 7.275 0.904301 33.2215 0.923229 32.483
147 7.325 0.868997 33.826 0.922305 33.1245
148 7.375 0.883962 34.4493 0.921996 33.7747
149 7.425 0.875128 35.0748 0.918255 34.431
150 7.475 0.875654 35.7092 0.911991 35.0917
151 7.525 0.899926 36.3698 0.905468 35.7564
152 7.575 0.870834 37.0177 0.899971 36.4259
153 7.625 0.854807 37.662 0.894046 37.0998
154 7.675 0.839778 38.3033 0.889188 37.7789
155 7.725 0.883228 38.9867 0.885709 38.4642
156 7.775 0.850214 39.653 0.881396 39.1549
157 7.825 0.838543 40.3187 0.878454 39.8523
158 7.875 0.870217 41.0183 0.875693 40.5563
159 7.925 0.86971 41.7265 0.87367 41.2677
160 7.975 0.868743 42.4428 0.873456 41.988
161 8.025 0.850965 43.1533 0.872317 42.7163
162 8.075 0.839276 43.8628 0.871518 43.453
163 8.125 0.857409 44.5967 0.870094 44.1977
164 8.175 0.871575 45.3518 0.87083 44.9523
165 8.225 0.878873 46.1227 0.870743 45.716
166 8.275 0.859836 46.886 0.870313 46.4886
167 8.325 0.869201 47.667 0.871059 47.2713
168 8.375 0.891661 48.4778 0.871046 48.0633
169 8.425 0.879841 49.2875 0.870885 48.8648
170 8.475 0.88524 50.1118 0.870867 49.6757
171 8.525 0.899474 50.9593 0.87223 50.4976
172 8.575 0.881672 51.7998 0.871686 51.3285
173 8.625 0.919866 52.687 0.871726 52.1693
174 8.675 0.908781 53.5737 0.873493 53.0215
175 8.725 0.902954 54.4648 0.872998 53.8831
176 8.775 0.906884 55.3702 0.872304 54.7539
177 8.825 0.929816 56.309 0.873512 55.6359
178 8.875 0.956254 57.2855 0.873592 56.528
179 8.925 0.924267 58.24 0.874478 57.4311
180 8.975 0.925328 59.2063 0.874929 58.3448
181 9.025 0.93578 60.1945 0.875907 59.2697
182 9.075 0.940482 61.1987 0.876587 60.2057
183 9.125 0.938386 62.2117 0.878005 61.1535
184 9.175 0.923758 63.2198 0.880308 62.1142
185 9.225 0.935222 64.2517 0.881067 63.0863
186 9.275 0.927706 65.2863 0.883212 64.0714
187 9.325 0.928577 66.3332 0.885431 65.0696
188 9.375 0.925134 67.3873 0.886883 66.0801
189 9.425 0.915634 68.4418 0.890043 67.1052
190 9.475 0.941937 69.5382 0.892354 68.1438
191 9.525 0.914362 70.6137 0.895544 69.1971
192 9.575 0.902875 71.6868 0.898479 70.2651
193 9.625 0.952356 72.8307 0.902429 71.349
194 9.675 0.939516 73.9708 0.905578 72.4479
195 9.725 0.919686 75.0985 0.910607 73.5645
196 9.775 0.940169 76.2632 0.915385 74.6984
197 9.825 0.954596 77.4578 0.920662 75.8506
198 9.875 0.928343 78.6315 0.926693 77.0222
199 9.925 0.938719 79.8303 0.934445 78.2156
200 9.975 0.936309 81.0382 0.942101 79.4309
4000000 200
1 0.025 0 0 0 0
2 0.075 0 0 0 0
3 0.125 0 0 0 0
4 0.175 0 0 0 0
5 0.225 0 0 0 0
6 0.275 0 0 0 0
7 0.325 0 0 0 0
8 0.375 0 0 0 0
9 0.425 0 0 0 0
10 0.475 0 0 0 0
11 0.525 0 0 0 0
12 0.575 0 0 0 0
13 0.625 0 0 0 0
14 0.675 0 0 0 0
15 0.725 0 0 0 0
16 0.775 0 0 0 0
17 0.825 0 0 0 0
18 0.875 0 0 0 0
19 0.925 0 0 0 0
20 0.975 0 0 0 0
21 1.025 0 0 0 0
22 1.075 0 0 0 0
23 1.125 0 0 0 0
24 1.175 0 0 0 0
25 1.225 0 0 0 0
26 1.275 0 0 0 0
27 1.325 0 0 0 0
28 1.375 0 0 0 0
29 1.425 0 0 0 0
30 1.475 0 0 0 0
31 1.525 0 0 0 0
32 1.575 0 0 0 0
33 1.625 0 0 0 0
34 1.675 0 0 0 0
35 1.725 0 0 0 0
36 1.775 0 0 0 0
37 1.825 0 0 0 0
38 1.875 0 0 0 0
39 1.925 0 0 0 0
40 1.975 0 0 0 0
41 2.025 0 0 0 0
42 2.075 0 0 0 0
43 2.125 0 0 0 0
44 2.175 0 0 0 0
45 2.225 0 0 0 0
46 2.275 0 0 0 0
47 2.325 0 0 0 0
48 2.375 0.0119648 0.000875 5.42245e-05 3.96552e-06
49 2.425 0.163949 0.013375 0.00310034 0.000240345
50 2.475 0.947502 0.088625 0.0497838 0.00419414
51 2.525 2.67964 0.310125 0.332112 0.0316467
52 2.575 4.80711 0.723375 1.14428 0.130016
53 2.625 6.28237 1.28462 2.43706 0.347736
54 2.675 6.7517 1.911 3.65699 0.687006
55 2.725 6.15435 2.5035 4.28232 1.09928
56 2.775 5.24721 3.02737 4.22113 1.52071
57 2.825 4.11356 3.453 3.71647 1.90525
58 2.875 3.16572 3.79225 3.06813 2.23404
59 2.925 2.48369 4.06775 2.46166 2.5071
60 2.975 1.85297 4.28037 1.9783 2.7341
61 3.025 1.43083 4.45012 1.61784 2.92604
62 3.075 1.09612 4.5845 1.37666 3.09481
63 3.125 0.973456 4.70775 1.2138 3.24849
64 3.175 0.800531 4.81238 1.11444 3.39414
65 3.225 0.665588 4.90212 1.05547 3.53646
66 3.275 0.627442 4.98937 1.02325 3.67875
67 3.325 0.583423 5.073 1.00841 3.82329
68 3.375 0.5341 5.15188 1.00677 3.97197
69 3.425 0.459443 5.22175 1.00984 4.12555
70 3.475 0.480649 5.297 1.02061 4.28534
71 3.525 0.483405 5.37488 1.03402 4.45192
72 3.575 0.551451 5.46625 1.05238 4.62629
73 3.625 0.564225 5.56238 1.06712 4.8081
74 3.675 0.581815 5.66425 1.08691 4.99841
75 3.725 0.611466 5.77425 1.10708 5.19757
76 3.775 0.661679 5.8965 1.12441 5.40532
77 3.825 0.691941 6.02775 1.14494 5.62249
78 3.875 0.753178 6.17438 1.16191 5.84869
79 3.925 0.850517 6.34425 1.18047 6.08446
80 3.975 0.870139 6.5225 1.19773 6.32982
81 4.025 0.898646 6.71125 1.21372 6.58475
82 4.075 0.989949 6.92438 1.22682 6.84887
83 4.125 1.09982 7.167 1.23749 7.12187
84 4.175 1.21634 7.44188 1.2446 7.40313
85 4.225 1.26712 7.73513 1.25152 7.69277
86 4.275 1.28197 8.03888 1.25148 7.98929
87 4.325 1.33394 8.36238 1.25028 8.2925
88 4.375 1.3822 8.70538 1.24536 8.60155
89 4.425 1.46834 9.07812 1.23777 8.91576
90 4.475 1.47615 9.46138 1.22416 9.23359
91 4.525 1.46866 9.85125 1.20917 9.55458
92 4.575 1.48096 10.2531 1.19159 9.87793
93 4.625 1.47976 10.6635 1.16977 10.2023
94 4.675 1.43505 11.0701 1.14656 10.5272
95 4.725 1.45493 11.4912 1.12408 10.8526
96 4.775 1.4242 11.9123 1.09814 11.1772
97 4.825 1.36336 12.3238 1.07404 11.5014
98 4.875 1.3615 12.7432 1.04925 11.8247
99 4.925 1.30061 13.1523 1.02661 12.1475
100 4.975 1.28278 13.5639 1.00383 12.4696
101 5.025 1.20621 13.9588 0.983034 12.7914
102 5.075 1.20352 14.3606 0.961371 13.1124
103 5.125 1.14895 14.7519 0.945689 13.4345
104 5.175 1.08006 15.1269 0.930774 13.7576
105 5.225 1.07326 15.5068 0.91442 14.0813
106 5.275 1.01593 15.8732 0.900855 14.4063
107 5.325 0.974502 16.2315 0.887011 14.7324
108 5.375 0.955789 16.5895 0.874107 15.0598
109 5.425 0.871093 16.9219 0.860538 15.3881
110 5.475 0.89128 17.2683 0.845969 15.7169
111 5.525 0.828791 17.5962 0.833845 16.0469
112 5.575 0.824539 17.9285 0.822355 16.3783
113 5.625 0.806289 18.2593 0.812148 16.7114
114 5.675 0.785857 18.5874 0.805512 17.0477
115 5.725 0.786605 18.9216 0.800383 17.3879
116 5.775 0.774199 19.2564 0.796997 17.7325
117 5.825 0.786539 19.6024 0.796983 18.0831
118 5.875 0.756448 19.9409 0.799629 18.4409
119 5.925 0.772573 20.2925 0.801617 18.8057
120 5.975 0.77104 20.6494 0.807049 19.1793
121 6.025 0.733329 20.9945 0.814188 19.5624
122 6.075 0.779043 21.3673 0.821566 19.9555
123 6.125 0.771259 21.7424 0.829939 20.3592
124 6.175 0.768175 22.1221 0.837657 20.7733
125 6.225 0.782508 22.5153 0.845636 21.1981
126 6.275 0.774495 22.9106 0.854563 21.6344
127 6.325 0.836527 23.3445 0.862949 22.082
128 6.375 0.826778 23.7801 0.870538 22.5407
129 6.425 0.820266 24.2191 0.877746 23.0104
130 6.475 0.832714 24.6717 0.884003 23.4909
131 6.525 0.857366 25.145 0.890809 23.9826
132 6.575 0.836793 25.614 0.89589 24.4848
133 6.625 0.842223 26.0933 0.900299 24.997
134 6.675 0.836578 26.5765 0.903887 25.5192
135 6.725 0.880466 27.0928 0.905571 26.0501
136 6.775 0.844832 27.5955 0.907406 26.5901
137 6.825 0.901011 28.1396 0.909241 27.1392
138 6.875 0.896725 28.6891 0.910704 27.6973
139 6.925 0.871559 29.231 0.909623 28.2628
140 6.975 0.897158 29.7969 0.91024 28.837
141 7.025 0.868217 30.3524 0.911504 29.4202
142 7.075 0.897017 30.9345 0.912043 30.012
143 7.125 0.865669 31.5042 0.914129 30.6137
144 7.175 0.914888 32.1149 0.916886 31.2256
145 7.225 0.899868 32.7239 0.920519 31.8486
146 7.275 0.924158 33.358 0.923094 32.482
147 7.325 0.889662 33.9769 0.922688 33.1239
148 7.375 0.889516 34.6041 0.921833 33.7739
149 7.425 0.893316 35.2426 0.918121 34.4301
150 7.475 0.900214 35.8948 0.911839 35.0907
151 7.525 0.903104 36.5577 0.905821 35.7557
152 7.575 0.885844 37.2167 0.899749 36.425
153 7.625 0.858345 37.8637 0.894431 37.0992
154 7.675 0.861765 38.5219 0.889142 37.7782
155 7.725 0.888129 39.209 0.885711 38.4635
156 7.775 0.869885 39.8907 0.882024 39.1548
157 7.825 0.861795 40.5749 0.878627 39.8522
158 7.875 0.878094 41.2809 0.875894 40.5565
159 7.925 0.885624 42.002 0.87398 41.2681
160 7.975 0.877434 42.7255 0.873472 41.9884
161 8.025 0.870277 43.4521 0.872701 42.717
162 8.075 0.869145 44.1869 0.871657 43.4539
163 8.125 0.870164 44.9316 0.870454 44.1989
164 8.175 0.886675 45.6999 0.870672 44.9533
165 8.225 0.892603 46.4827 0.870854 45.7171
166 8.275 0.885087 47.2685 0.870016 46.4894
167 8.325 0.890903 48.069 0.871067 47.2721
168 8.375 0.909439 48.896 0.870942 48.0641
169 8.425 0.901257 49.7254 0.870893 48.8655
170 8.475 0.907165 50.5701 0.871318 49.6769
171 8.525 0.916853 51.434 0.871976 50.4985
172 8.575 0.900161 52.2921 0.871961 51.3297
173 8.625 0.934728 53.1936 0.871846 52.1706
174 8.675 0.928084 54.0991 0.873093 53.0224
175 8.725 0.920137 55.0072 0.873135 53.8842
176 8.775 0.916317 55.922 0.872091 54.7548
177 8.825 0.931961 56.863 0.873365 55.6366
178 8.875 0.954295 57.8375 0.873585 56.5287
179 8.925 0.929713 58.7976 0.874828 57.4321
180 8.975 0.928959 59.7677 0.874812 58.3457
181 9.025 0.932307 60.7522 0.876149 59.2709
182 9.075 0.934706 61.7503 0.876539 60.2068
183 9.125 0.933638 62.7581 0.877903 61.1545
184 9.175 0.916733 63.7586 0.879935 62.1149
185 9.225 0.924383 64.7785 0.881317 63.0872
186 9.275 0.930695 65.8165 0.883305 64.0724
187 9.325 0.929944 66.8649 0.885521 65.0707
188 9.375 0.907545 67.899 0.887265 66.0817
189 9.425 0.909773 68.9467 0.890013 67.1067
190 9.475 0.933274 70.033 0.892497 68.1455
191 9.525 0.91043 71.1039 0.895659 69.199
192 9.575 0.90305 72.1773 0.89834 70.2667
193 9.625 0.927933 73.2917 0.902385 71.3505
194 9.675 0.930006 74.4204 0.905722 72.4497
195 9.725 0.907826 75.5335 0.91033 73.5659
196 9.775 0.928128 76.6833 0.915163 74.6996
197 9.825 0.940779 77.8606 0.9208 75.852
198 9.875 0.916643 79.0195 0.926846 77.0237
199 9.925 0.918002 80.1919 0.934571 78.2173
200 9.975 0.924132 81.384 0.94222 79.4327
5000000 200
1 0.025 0 0 0 0
2 0.075 0 0 0 0
3 0.125 0 0 0 0
4 0.175 0 0 0 0
5 0.225 0 0 0 0
6 0.275 0 0 0 0
7 0.325 0 0 0 0
8 0.375 0 0 0 0
9 0.425 0 0 0 0
10 0.475 0 0 0 0
11 0.525 0 0 0 0
12 0.575 0 0 0 0
13 0.625 0 0 0 0
14 0.675 0 0 0 0
15 0.725 0 0 0 0
16 0.775 0 0 0 0
17 0.825 0 0 0 0
18 0.875 0 0 0 0
19 0.925 0 0 0 0
20 0.975 0 0 0 0
21 1.025 0 0 0 0
22 1.075 0 0 0 0
23 1.125 0 0 0 0
24 1.175 0 0 0 0
25 1.225 0 0 0 0
26 1.275 0 0 0 0
27 1.325 0 0 0 0
28 1.375 0 0 0 0
29 1.425 0 0 0 0
30 1.475 0 0 0 0
31 1.525 0 0 0 0
32 1.575 0 0 0 0
33 1.625 0 0 0 0
34 1.675 0 0 0 0
35 1.725 0 0 0 0
36 1.775 0 0 0 0
37 1.825 0 0 0 0
38 1.875 0 0 0 0
39 1.925 0 0 0 0
40 1.975 0 0 0 0
41 2.025 0 0 0 0
42 2.075 0 0 0 0
43 2.125 0 0 0 0
44 2.175 0 0 0 0
45 2.225 0 0 0 0
46 2.275 0 0 0 0
47 2.325 0 0 0 0
48 2.375 0.0123066 0.0009 5.65821e-05 4.13793e-06
49 2.425 0.175754 0.0143 0.00310803 0.000241103
50 2.475 0.975833 0.0918 0.0496379 0.00418331
51 2.525 2.78005 0.3216 0.331708 0.0316025
52 2.575 4.9624 0.7482 1.14446 0.129987
53 2.625 6.49113 1.3281 2.43698 0.347701
54 2.675 6.91797 1.9699 3.65668 0.686942
55 2.725 6.34339 2.5806 4.2811 1.0991
56 2.775 5.41474 3.1212 4.22047 1.52046
57 2.825 4.19354 3.5551 3.71587 1.90494
58 2.875 3.2315 3.9014 3.06826 2.23375
59 2.925 2.50263 4.179 2.46043 2.50667
60 2.975 1.86757 4.3933 1.97637 2.73345
61 3.025 1.49194 4.5703 1.61814 2.92542
62 3.075 1.11508 4.707 1.37651 3.09417
63 3.125 0.97859 4.8309 1.21419 3.2479
64 3.175 0.817172 4.9377 1.1144 3.39355
65 3.225 0.67115 5.0282 1.0549 3.53579
66 3.275 0.629959 5.1158 1.02289 3.67803
67 3.325 0.582551 5.1993 1.00879 3.82263
68 3.375 0.537655 5.2787 1.00621 3.97122
69 3.425 0.477361 5.3513 1.01097 4.12498
70 3.475 0.482246 5.4268 1.01974 4.28463
71 3.525 0.484802 5.5049 1.03336 4.4511
72 3.575 0.557034 5.5972 1.05172 4.62537
73 3.625 0.565252 5.6935 1.06787 4.8073
74 3.675 0.59338 5.7974 1.08729 4.99768
75 3.725 0.627587 5.9103 1.10791 5.19699
76 3.775 0.648419 6.0301 1.12488 5.40482
77 3.825 0.695368 6.162 1.14517 5.62204
78 3.875 0.750995 6.3082 1.1625 5.84835
79 3.925 0.842632 6.4765 1.18108 6.08424
80 3.975 0.864037 6.6535 1.19837 6.32973
81 4.025 0.905073 6.8436 1.21354 6.58462
82 4.075 0.994942 7.0578 1.22591 6.84855
83 4.125 1.06933 7.2937 1.2374 7.12152
84 4.175 1.19831 7.5645 1.24495 7.40286
85 4.225 1.24444 7.8525 1.25108 7.6924
86 4.275 1.25222 8.1492 1.2519 7.98903
87 4.325 1.33724 8.4735 1.25138 8.2925
88 4.375 1.36246 8.8116 1.2455 8.60158
89 4.425 1.43741 9.1765 1.23817 8.9159
90 4.475 1.47519 9.5595 1.22506 9.23396
91 4.525 1.46725 9.949 1.20908 9.55493
92 4.575 1.47921 10.3504 1.19099 9.87812
93 4.625 1.47661 10.7599 1.17014 10.2026
94 4.675 1.44272 11.1687 1.14622 10.5274
95 4.725 1.44552 11.5871 1.124 10.8527
96 4.775 1.41912 12.0066 1.09789 11.1773
97 4.825 1.36667 12.4191 1.074 11.5015
98 4.875 1.3654 12.8398 1.04927 11.8248
99 4.925 1.32986 13.258 1.02594 12.1474
100 4.975 1.28831 13.6714 1.00348 12.4694
101 5.025 1.20629 14.0663 0.983337 12.7913
102 5.075 1.20689 14.4693 0.961802 13.1125
103 5.125 1.16877 14.8673 0.945277 13.4343
104 5.175 1.09906 15.2489 0.93044 13.7574
105 5.225 1.07531 15.6295 0.914805 14.0812
106 5.275 1.02092 15.9978 0.900691 14.4061
107 5.325 0.974094 16.3559 0.886745 14.7321
108 5.375 0.950716 16.712 0.873982 15.0595
109 5.425 0.884001 17.0493 0.859917 15.3876
110 5.475 0.88028 17.3914 0.845926 15.7163
111 5.525 0.816157 17.7144 0.834109 16.0464
112 5.575 0.828137 18.0481 0.821899 16.3776
113 5.625 0.79471 18.3741 0.812325 16.7108
114 5.675 0.782205 18.7007 0.80555 17.0472
115 5.725 0.775191 19.0301 0.800161 17.3872
116 5.775 0.778709 19.3668 0.796438 17.7316
117 5.825 0.771081 19.706 0.796467 18.0819
118 5.875 0.757789 20.0451 0.79938 18.4396
119 5.925 0.77076 20.3959 0.801627 18.8045
120 5.975 0.775631 20.7549 0.807471 19.1782
121 6.025 0.734975 21.1008 0.813731 19.5612
122 6.075 0.778939 21.4735 0.821649 19.9543
123 6.125 0.757638 21.842 0.829806 20.3579
124 6.175 0.769895 22.2226 0.837549 20.772
125 6.225 0.777282 22.6131 0.845258 21.1966
126 6.275 0.769254 23.0058 0.854953 21.6331
127 6.325 0.818066 23.4301 0.863371 22.0809
128 6.375 0.811168 23.8575 0.871125 22.5399
129 6.425 0.808682 24.2903 0.877863 23.0097
130 6.475 0.827332 24.74 0.884296 23.4904
131 6.525 0.82992 25.1981 0.891001 23.9822
132 6.575 0.828051 25.6622 0.895848 24.4843
133 6.625 0.826319 26.1324 0.900472 24.9967
134 6.675 0.834587 26.6145 0.903698 25.5187
135 6.725 0.866907 27.1228 0.905219 26.0494
136 6.775 0.83769 27.6213 0.907504 26.5895
137 6.825 0.888385 28.1578 0.909005 27.1384
138 6.875 0.875347 28.6942 0.910805 27.6966
139 6.925 0.873207 29.2371 0.910139 28.2624
140 6.975 0.886576 29.7963 0.910381 28.8367
141 7.025 0.860715 30.347 0.911711 29.42
142 7.075 0.892509 30.9262 0.912306 30.012
143 7.125 0.856476 31.4899 0.914204 30.6137
144 7.175 0.896721 32.0884 0.917173 31.2259
145 7.225 0.885831 32.6879 0.920726 31.849
146 7.275 0.917563 33.3175 0.923244 32.4825
147 7.325 0.865259 33.9194 0.922625 33.1243
148 7.375 0.871861 34.5342 0.922401 33.7747
149 7.425 0.884222 35.1662 0.91834 34.4311
150 7.475 0.896176 35.8154 0.912152 35.0919
151 7.525 0.89316 36.4711 0.905998 35.757
152 7.575 0.869714 37.1181 0.899709 36.4263
153 7.625 0.850252 37.759 0.894472 37.1006
154 7.675 0.850079 38.4082 0.889412 37.7798
155 7.725 0.874396 39.0847 0.885694 38.465
156 7.775 0.866376 39.7637 0.882075 39.1563
157 7.825 0.858867 40.4455 0.878633 39.8538
158 7.875 0.87399 41.1482 0.876348 40.5584
159 7.925 0.875154 41.8608 0.873909 41.27
160 7.975 0.875009 42.5823 0.873246 41.9901
161 8.025 0.865816 43.3052 0.872381 42.7184
162 8.075 0.872161 44.0425 0.871479 43.4552
163 8.125 0.870106 44.7872 0.87046 44.2002
164 8.175 0.875422 45.5457 0.870657 44.9545
165 8.225 0.884764 46.3217 0.870939 45.7184
166 8.275 0.887959 47.11 0.870014 46.4908
167 8.325 0.894353 47.9136 0.87089 47.2733
168 8.375 0.900091 48.7321 0.871041 48.0654
169 8.425 0.90574 49.5656 0.871079 48.867
170 8.475 0.909474 50.4125 0.871265 49.6783
171 8.525 0.913059 51.2728 0.871602 50.4995
172 8.575 0.901393 52.1321 0.87182 51.3307
173 8.625 0.924878 53.0241 0.871912 52.1716
174 8.675 0.921422 53.9231 0.872864 53.0232
175 8.725 0.919301 54.8304 0.872715 53.8845
176 8.775 0.909456 55.7383 0.871903 54.7549
177 8.825 0.928891 56.6762 0.873101 55.6365
178 8.875 0.94509 57.6413 0.873453 56.5284
179 8.925 0.929592 58.6013 0.874808 57.4319
180 8.975 0.935351 59.5781 0.874854 58.3455
181 9.025 0.93297 60.5633 0.876392 59.2709
182 9.075 0.93583 61.5625 0.876363 60.2066
183 9.125 0.932828 62.5695 0.878193 61.1547
184 9.175 0.923422 63.5773 0.879992 62.1151
185 9.225 0.925403 64.5983 0.8812 63.0873
186 9.275 0.925136 65.6301 0.883483 64.0726
187 9.325 0.936619 66.686 0.885237 65.0706
188 9.375 0.922004 67.7366 0.887235 66.0816
189 9.425 0.91546 68.7909 0.890007 67.1066
190 9.475 0.933403 69.8773 0.89284 68.1458
191 9.525 0.915213 70.9538 0.895636 69.1993
192 9.575 0.91485 72.0412 0.898599 70.2673
193 9.625 0.925768 73.1531 0.902284 71.351
194 9.675 0.931468 74.2835 0.905632 72.4501
195 9.725 0.924606 75.4172 0.910207 73.5661
196 9.775 0.93059 76.57 0.915149 74.6998
197 9.825 0.950468 77.7595 0.92083 75.8522
198 9.875 0.921883 78.925 0.926701 77.0238
199 9.925 0.923894 80.1049 0.934293 78.217
200 9.975 0.936516 81.313 0.942306 79.4325
6000000 200
1 0.025 0 0 0 0
2 0.075 0 0 0 0
3 0.125 0 0 0 0
4 0.175 0 0 0 0
5 0.225 0 0 0 0
6 0.275 0 0 0 0
7 0.325 0 0 0 0
8 0.375 0 0 0 0
9 0.425 0 0 0 0
10 0.475 0 0 0 0
11 0.525 0 0 0 0
12 0.575 0 0 0 0
13 0.625 0 0 0 0
14 0.675 0 0 0 0
15 0.725 0 0 0 0
16 0.775 0 0 0 0
17 0.825 0 0 0 0
18 0.875 0 0 0 0
19 0.925 0 0 0 0
20 0.975 0 0 0 0
21 1.025 0 0 0 0
22 1.075 0 0 0 0
23 1.125 0 0 0 0
24 1.175 0 0 0 0
25 1.225 0 0 0 0
26 1.275 0 0 0 0
27 1.325 0 0 0 0
28 1.375 0 0 0 0
29 1.425 0 0 0 0
30 1.475 0 0 0 0
31 1.525 0 0 0 0
32 1.575 0 0 0 0
33 1.625 0 0 0 0
34 1.675 0 0 0 0
35 1.725 0 0 0 0
36 1.775 0 0 0 0
37 1.825 0 0 0 0
38 1.875 0 0 0 0
39 1.925 0 0 0 0
40 1.975 0 0 0 0
41 2.025 0 0 0 0
42 2.075 0 0 0 0
43 2.125 0 0 0 0
44 2.175 0 0 0 0
45 2.225 0 0 0 0
46 2.275 0 0 0 0
47 2.325 0 0 0 0
48 2.375 0.0125345 0.000916667 5.97255e-05 4.36782e-06
49 2.425 0.172693 0.0140833 0.00310109 0.000240805
50 2.475 0.977931 0.09175 0.0496796 0.00418632
51 2.525 2.75625 0.319583 0.33133 0.0315743
52 2.575 4.88659 0.739667 1.14552 0.130051
53 2.625 6.47359 1.318 2.43737 0.347799
54 2.675 6.91294 1.95933 3.65782 0.687145
55 2.725 6.3543 2.57108 4.2815 1.09934
56 2.775 5.41958 3.11217 4.21987 1.52065
57 2.825 4.20175 3.54692 3.71616 1.90515
58 2.875 3.25748 3.896 3.0675 2.23388
59 2.925 2.51375 4.17483 2.45982 2.50673
60 2.975 1.88384 4.391 1.97646 2.73352
61 3.025 1.51231 4.57042 1.61856 2.92555
62 3.075 1.12569 4.70842 1.37605 3.09424
63 3.125 0.991886 4.834 1.21416 3.24796
64 3.175 0.825079 4.94183 1.11427 3.39359
65 3.225 0.679802 5.0335 1.05439 3.53577
66 3.275 0.63703 5.12208 1.02242 3.67794
67 3.325 0.583132 5.20567 1.00875 3.82253
68 3.375 0.535511 5.28475 1.00562 3.97104
69 3.425 0.487662 5.35892 1.01089 4.12478
70 3.475 0.491827 5.43592 1.01936 4.28437
71 3.525 0.489871 5.51483 1.03286 4.45076
72 3.575 0.560755 5.60775 1.05201 4.62508
73 3.625 0.561535 5.70342 1.06771 4.80698
74 3.675 0.60347 5.80908 1.08673 4.99727
75 3.725 0.633701 5.92308 1.10743 5.19649
76 3.775 0.651305 6.04342 1.12485 5.40431
77 3.825 0.694138 6.17508 1.1445 5.62141
78 3.875 0.740978 6.31933 1.16253 5.84772
79 3.925 0.828196 6.48475 1.18077 6.08356
80 3.975 0.863223 6.66158 1.19838 6.32905
81 4.025 0.903407 6.85133 1.21297 6.58382
82 4.075 1.00446 7.06758 1.22603 6.84777
83 4.125 1.08452 7.30683 1.23765 7.1208
84 4.175 1.1826 7.57408 1.24509 7.40217
85 4.225 1.24264 7.86167 1.25176 7.69186
86 4.275 1.27458 8.16367 1.25321 7.9888
87 4.325 1.36693 8.49517 1.25163 8.29234
88 4.375 1.36776 8.83458 1.24563 8.60145
89 4.425 1.44043 9.20025 1.2385 8.91585
90 4.475 1.47711 9.58375 1.22491 9.23387
91 4.525 1.46819 9.9735 1.20911 9.55484
92 4.575 1.45317 10.3678 1.19064 9.87794
93 4.625 1.46759 10.7748 1.16977 10.2023
94 4.675 1.43931 11.1827 1.14649 10.5272
95 4.725 1.4496 11.6022 1.12393 10.8525
96 4.775 1.40785 12.0184 1.09853 11.1773
97 4.825 1.37164 12.4324 1.07365 11.5013
98 4.875 1.36772 12.8538 1.04901 11.8245
99 4.925 1.31253 13.2666 1.02555 12.147
100 4.975 1.2868 13.6795 1.00345 12.469
101 5.025 1.2043 14.0738 0.983342 12.7909
102 5.075 1.21188 14.4784 0.962265 13.1123
103 5.125 1.16951 14.8767 0.94508 13.4341
104 5.175 1.09902 15.2582 0.930364 13.7571
105 5.225 1.06867 15.6365 0.915266 14.0811
106 5.275 1.00808 16.0002 0.901012 14.4061
107 5.325 0.987196 16.3631 0.886608 14.732
108 5.375 0.953341 16.7202 0.87379 15.0593
109 5.425 0.890859 17.0601 0.859897 15.3874
110 5.475 0.874447 17.3999 0.846045 15.7162
111 5.525 0.821 17.7248 0.833833 16.0462
112 5.575 0.822264 18.0562 0.821965 16.3774
113 5.625 0.798163 18.3836 0.812461 16.7107
114 5.675 0.78476 18.7112 0.805603 17.0471
115 5.725 0.769347 19.0382 0.800148 17.3871
116 5.775 0.777861 19.3745 0.796665 17.7316
117 5.825 0.7729 19.7145 0.796084 18.0818
118 5.875 0.759428 20.0543 0.799645 18.4396
119 5.925 0.769002 20.4043 0.801499 18.8044
120 5.975 0.784453 20.7674 0.807483 19.1781
121 6.025 0.744041 21.1176 0.813604 19.561
122 6.075 0.77765 21.4897 0.821825 19.9542
123 6.125 0.763292 21.8609 0.829665 20.3578
124 6.175 0.774581 22.2438 0.837489 20.7718
125 6.225 0.782425 22.6369 0.845597 21.1966
126 6.275 0.773107 23.0316 0.854611 21.6329
127 6.325 0.817006 23.4553 0.862802 22.0804
128 6.375 0.816261 23.8854 0.870852 22.5392
129 6.425 0.818865 24.3237 0.877831 23.009
130 6.475 0.819912 24.7693 0.884769 23.49
131 6.525 0.841816 25.234 0.891061 23.9818
132 6.575 0.831143 25.6998 0.895798 24.4839
133 6.625 0.832997 26.1738 0.899952 24.996
134 6.675 0.840617 26.6594 0.903308 25.5178
135 6.725 0.87009 27.1696 0.905687 26.0488
136 6.775 0.849173 27.6749 0.907946 26.5891
137 6.825 0.891007 28.213 0.908708 27.1379
138 6.875 0.87619 28.7499 0.910756 27.696
139 6.925 0.876719 29.295 0.910337 28.262
140 6.975 0.890222 29.8565 0.910433 28.8362
141 7.025 0.86965 30.4129 0.911795 29.4196
142 7.075 0.901061 30.9977 0.912493 30.0118
143 7.125 0.860984 31.5643 0.914377 30.6136
144 7.175 0.894224 32.1612 0.917116 31.2257
145 7.225 0.89051 32.7638 0.920406 31.8486
146 7.275 0.910981 33.3889 0.922747 32.4818
147 7.325 0.871992 33.9955 0.922722 33.1236
148 7.375 0.87628 34.6134 0.922603 33.7742
149 7.425 0.892733 35.2515 0.91849 34.4307
150 7.475 0.895785 35.9004 0.911882 35.0913
151 7.525 0.888688 36.5528 0.90618 35.7565
152 7.575 0.876883 37.2052 0.899768 36.4259
153 7.625 0.868848 37.8601 0.894388 37.1001
154 7.675 0.857892 38.5153 0.889846 37.7796
155 7.725 0.875258 39.1924 0.885877 38.465
156 7.775 0.866908 39.8718 0.882226 39.1564
157 7.825 0.863737 40.5575 0.878616 39.8539
158 7.875 0.870113 41.2571 0.876297 40.5585
159 7.925 0.879023 41.9728 0.874287 41.2704
160 7.975 0.88087 42.6992 0.873228 41.9904
161 8.025 0.871625 43.4269 0.87248 42.7189
162 8.075 0.874566 44.1662 0.871529 43.4556
163 8.125 0.872112 44.9127 0.870675 44.2008
164 8.175 0.869171 45.6658 0.870718 44.9552
165 8.225 0.883624 46.4408 0.871109 45.7193
166 8.275 0.890062 47.2309 0.870103 46.4917
167 8.325 0.893129 48.0334 0.870659 47.274
168 8.375 0.902199 48.8538 0.871192 48.0662
169 8.425 0.909724 49.691 0.871064 48.8678
170 8.475 0.909582 50.538 0.871144 49.679
171 8.525 0.911945 51.3973 0.871728 50.5004
172 8.575 0.904925 52.2599 0.871671 51.3314
173 8.625 0.927383 53.1543 0.872122 52.1725
174 8.675 0.924155 54.056 0.872698 53.0239
175 8.725 0.917477 54.9615 0.872494 53.885
176 8.775 0.913312 55.8733 0.872017 54.7556
177 8.825 0.926762 56.809 0.873202 55.6372
178 8.875 0.940749 57.7697 0.873475 56.5292
179 8.925 0.934757 58.735 0.874594 57.4324
180 8.975 0.933867 59.7102 0.874922 58.3461
181 9.025 0.936648 60.6993 0.876312 59.2715
182 9.075 0.931194 61.6936 0.876341 60.2072
183 9.125 0.927501 62.6948 0.878055 61.155
184 9.175 0.923758 63.703 0.879773 62.1152
185 9.225 0.928726 64.7277 0.881113 63.0873
186 9.275 0.932339 65.7675 0.883246 64.0724
187 9.325 0.930572 66.8166 0.885051 65.0702
188 9.375 0.914164 67.8582 0.887165 66.0811
189 9.425 0.914404 68.9113 0.889811 67.1058
190 9.475 0.935565 70.0003 0.892618 68.1448
191 9.525 0.915638 71.0773 0.895564 69.1981
192 9.575 0.915495 72.1654 0.898862 70.2665
193 9.625 0.926337 73.278 0.902375 71.3504
194 9.675 0.929147 74.4056 0.905572 72.4493
195 9.725 0.924171 75.5388 0.910323 73.5655
196 9.775 0.926581 76.6866 0.915205 74.6993
197 9.825 0.944608 77.8688 0.920896 75.8517
198 9.875 0.928014 79.042 0.926691 77.0233
199 9.925 0.92469 80.2229 0.934296 78.2165
200 9.975 0.943415 81.4399 0.942116 79.4318
7000000 200
1 0.025 0 0 0 0
2 0.075 0 0 0 0
3 0.125 0 0 0 0
4 0.175 0 0 0 0
5 0.225 0 0 0 0
6 0.275 0 0 0 0
7 0.325 0 0 0 0
8 0.375 0 0 0 0
9 0.425 0 0 0 0
10 0.475 0 0 0 0
11 0.525 0 0 0 0
12 0.575 0 0 0 0
13 0.625 0 0 0 0
14 0.675 0 0 0 0
15 0.725 0 0 0 0
16 0.775 0 0 0 0
17 0.825 0 0 0 0
18 0.875 0 0 0 0
19 0.925 0 0 0 0
20 0.975 0 0 0 0
21 1.025 0 0 0 0
22 1.075 0 0 0 0
23 1.125 0 0 0 0
24 1.175 0 0 0 0
25 1.225 0 0 0 0
26 1.275 0 0 0 0
27 1.325 0 0 0 0
28 1.375 0 0 0 0
29 1.425 0 0 0 0
30 1.475 0 0 0 0
31 1.525 0 0 0 0
32 1.575 0 0 0 0
33 1.625 0 0 0 0
34 1.675 0 0 0 0
35 1.725 0 0 0 0
36 1.775 0 0 0 0
37 1.825 0 0 0 0
38 1.875 0 0 0 0
39 1.925 0 0 0 0
40 1.975 0 0 0 0
41 2.025 0 0 0 0
42 2.075 0 0 0 0
43 2.125 0 0 0 0
44 2.175 0 0 0 0
45 2.225 0 0 0 0
46 2.275 0 0 0 0
47 2.325 0 0 0 0
48 2.375 0.0117206 0.000857143 6.46652e-05 4.72906e-06
49 2.425 0.170507 0.0138571 0.00312715 0.000243153
50 2.475 0.972235 0.0910714 0.049852 0.00420236
51 2.525 2.70556 0.314714 0.331631 0.0316152
52 2.575 4.86319 0.732786 1.14549 0.130089
53 2.625 6.46027 1.30993 2.43787 0.347882
54 2.675 6.90164 1.95021 3.6573 0.687181
55 2.725 6.36061 2.56257 4.28106 1.09933
56 2.775 5.41302 3.103 4.21966 1.52062
57 2.825 4.19726 3.53729 3.71695 1.90521
58 2.875 3.24337 3.88486 3.0682 2.23401
59 2.925 2.49078 4.16114 2.46033 2.50691
60 2.975 1.87554 4.37636 1.97768 2.73385
61 3.025 1.5094 4.55543 1.61811 2.92582
62 3.075 1.12569 4.69343 1.37571 3.09447
63 3.125 0.982765 4.81786 1.21424 3.2482
64 3.175 0.814877 4.92436 1.11428 3.39383
65 3.225 0.676447 5.01557 1.05442 3.53601
66 3.275 0.62513 5.1025 1.02243 3.67819
67 3.325 0.574578 5.18486 1.00848 3.82274
68 3.375 0.53011 5.26314 1.00513 3.97118
69 3.425 0.477642 5.33579 1.01081 4.12491
70 3.475 0.486809 5.412 1.01951 4.28452
71 3.525 0.494379 5.49164 1.03303 4.45094
72 3.575 0.549619 5.58271 1.05223 4.62529
73 3.625 0.566426 5.67921 1.06785 4.80722
74 3.675 0.593951 5.78321 1.08683 4.99752
75 3.725 0.630525 5.89664 1.1068 5.19663
76 3.775 0.656847 6.018 1.12474 5.40443
77 3.825 0.684222 6.14779 1.14454 5.62153
78 3.875 0.735291 6.29093 1.16287 5.84791
79 3.925 0.830759 6.45686 1.18031 6.08366
80 3.975 0.86578 6.63421 1.19822 6.32912
81 4.025 0.91752 6.82693 1.21308 6.58391
82 4.075 1.0033 7.04293 1.22588 6.84783
83 4.125 1.11318 7.2885 1.2375 7.12082
84 4.175 1.19098 7.55764 1.24547 7.40228
85 4.225 1.24567 7.84593 1.25167 7.69196
86 4.275 1.27639 8.14836 1.25339 7.98893
87 4.325 1.37547 8.48193 1.2515 8.29244
88 4.375 1.36493 8.82064 1.24545 8.60151
89 4.425 1.44034 9.18629 1.2379 8.91576
90 4.475 1.47381 9.56893 1.22499 9.2338
91 4.525 1.47398 9.96021 1.20893 9.55472
92 4.575 1.45589 10.3553 1.19088 9.87788
93 4.625 1.46708 10.7621 1.16969 10.2023
94 4.675 1.44065 11.1704 1.14617 10.527
95 4.725 1.44808 11.5895 1.12407 10.8524
96 4.775 1.39182 12.0009 1.09862 11.1772
97 4.825 1.37543 12.4161 1.07372 11.5012
98 4.875 1.36892 12.8379 1.04907 11.8245
99 4.925 1.29538 13.2452 1.02576 12.147
100 4.975 1.28528 13.6576 1.00371 12.4691
101 5.025 1.20943 14.0536 0.983484 12.7911
102 5.075 1.19513 14.4526 0.962256 13.1124
103 5.125 1.15934 14.8474 0.945239 13.4343
104 5.175 1.10927 15.2326 0.93012 13.7572
105 5.225 1.06735 15.6104 0.91537 14.0812
106 5.275 1.00801 15.974 0.90112 14.4063
107 5.325 0.985091 16.3361 0.886917 14.7323
108 5.375 0.952356 16.6929 0.873925 15.0597
109 5.425 0.898752 17.0358 0.859767 15.3877
110 5.475 0.881677 17.3784 0.846299 15.7166
111 5.525 0.831138 17.7074 0.833768 16.0466
112 5.575 0.825869 18.0401 0.822197 16.3779
113 5.625 0.796451 18.3669 0.81242 16.7112
114 5.675 0.784531 18.6944 0.805394 17.0474
115 5.725 0.767862 19.0207 0.799718 17.3873
116 5.775 0.781551 19.3586 0.796978 17.7319
117 5.825 0.764457 19.6949 0.796419 18.0822
118 5.875 0.759321 20.0347 0.79958 18.44
119 5.925 0.76963 20.385 0.801825 18.8049
120 5.975 0.787051 20.7493 0.807367 19.1786
121 6.025 0.754008 21.1041 0.813939 19.5617
122 6.075 0.773594 21.4743 0.821623 19.9548
123 6.125 0.769093 21.8484 0.829541 20.3583
124 6.175 0.774461 22.2312 0.837697 20.7724
125 6.225 0.784107 22.6251 0.845803 21.1973
126 6.275 0.777818 23.0222 0.854544 21.6336
127 6.325 0.822033 23.4486 0.862781 22.0811
128 6.375 0.822745 23.8821 0.870884 22.5399
129 6.425 0.820667 24.3213 0.877566 23.0096
130 6.475 0.828804 24.7718 0.884715 23.4905
131 6.525 0.837373 25.234 0.89103 23.9823
132 6.575 0.835136 25.7021 0.895556 24.4843
133 6.625 0.837265 26.1785 0.899899 24.9963
134 6.675 0.841338 26.6645 0.90337 25.5182
135 6.725 0.871999 27.1758 0.905771 26.0492
136 6.775 0.853414 27.6836 0.90761 26.5894
137 6.825 0.890987 28.2217 0.908663 27.1381
138 6.875 0.886934 28.7652 0.910603 27.6961
139 6.925 0.874747 29.3091 0.910281 28.2621
140 6.975 0.88388 29.8666 0.910295 28.8362
141 7.025 0.87045 30.4235 0.911566 29.4195
142 7.075 0.896714 31.0054 0.91248 30.0116
143 7.125 0.862033 31.5728 0.914449 30.6135
144 7.175 0.898434 32.1724 0.91679 31.2254
145 7.225 0.895963 32.7788 0.920315 31.8482
146 7.275 0.906695 33.4009 0.922638 32.4813
147 7.325 0.87372 34.0087 0.922904 33.1233
148 7.375 0.889567 34.636 0.922432 33.7737
149 7.425 0.890218 35.2723 0.918237 34.4301
150 7.475 0.898069 35.9229 0.911872 35.0906
151 7.525 0.886564 36.5737 0.906485 35.7561
152 7.575 0.8821 37.2299 0.899787 36.4255
153 7.625 0.873033 37.888 0.894183 37.0995
154 7.675 0.859544 38.5444 0.889932 37.7791
155 7.725 0.877627 39.2234 0.8857 38.4644
156 7.775 0.870204 39.9054 0.882466 39.156
157 7.825 0.865417 40.5924 0.878747 39.8536
158 7.875 0.868144 41.2904 0.876266 40.5581
159 7.925 0.87819 42.0055 0.874319 41.27
160 7.975 0.878041 42.7295 0.873344 41.9901
161 8.025 0.870812 43.4566 0.872308 42.7185
162 8.075 0.878397 44.1991 0.871438 43.4552
163 8.125 0.877383 44.9501 0.870742 44.2004
164 8.175 0.87806 45.7109 0.870706 44.9548
165 8.225 0.891442 46.4927 0.870993 45.7187
166 8.275 0.893817 47.2862 0.870212 46.4913
167 8.325 0.897183 48.0924 0.870632 47.2736
168 8.375 0.904883 48.9152 0.871275 48.0659
169 8.425 0.911095 49.7536 0.871087 48.8675
170 8.475 0.908968 50.6001 0.871097 49.6786
171 8.525 0.912665 51.46 0.871708 50.5
172 8.575 0.911194 52.3286 0.871838 51.3311
173 8.625 0.927766 53.2234 0.872036 52.1721
174 8.675 0.929914 54.1307 0.872582 53.0235
175 8.725 0.911398 55.0302 0.872633 53.8847
176 8.775 0.911058 55.9397 0.872149 54.7554
177 8.825 0.926161 56.8749 0.873112 55.637
178 8.875 0.939257 57.834 0.873604 56.5291
179 8.925 0.932359 58.7969 0.874551 57.4322
180 8.975 0.931165 59.7693 0.874879 58.3459
181 9.025 0.934404 60.756 0.876095 59.271
182 9.075 0.929354 61.7483 0.876362 60.2067
183 9.125 0.923498 62.7452 0.878044 61.1546
184 9.175 0.923801 63.7534 0.879848 62.1148
185 9.225 0.922101 64.7708 0.881139 63.087
186 9.275 0.92903 65.8069 0.883182 64.072
187 9.325 0.927077 66.8521 0.885168 65.0699
188 9.375 0.913955 67.8935 0.887352 66.081
189 9.425 0.912719 68.9446 0.889683 67.1056
190 9.475 0.928395 70.0252 0.89269 68.1446
191 9.525 0.914362 71.1007 0.895601 69.1981
192 9.575 0.912951 72.1859 0.898903 70.2665
193 9.625 0.919488 73.2902 0.902316 71.3502
194 9.675 0.921957 74.4091 0.905623 72.4493
195 9.725 0.924268 75.5424 0.910152 73.5653
196 9.775 0.926369 76.6899 0.915432 74.6993
197 9.825 0.943333 77.8705 0.921113 75.852
198 9.875 0.927251 79.0428 0.926846 77.0238
199 9.925 0.926881 80.2265 0.934407 78.2171
200 9.975 0.947125 81.4483 0.942067 79.4324
8000000 200
1 0.025 0 0 0 0
2 0.075 0 0 0 0
3 0.125 0 0 0 0
4 0.175 0 0 0 0
5 0.225 0 0 0 0
6 0.275 0 0 0 0
7 0.325 0 0 0 0
8 0.375 0 0 0 0
9 0.425 0 0 0 0
10 0.475 0 0 0 0
11 0.525 0 0 0 0
12 0.575 0 0 0 0
13 0.625 0 0 0 0
14 0.675 0 0 0 0
15 0.725 0 0 0 0
16 0.775 0 0 0 0
17 0.825 0 0 0 0
18 0.875 0 0 0 0
19 0.925 0 0 0 0
20 0.975 0 0 0 0
21 1.025 0 0 0 0
22 1.075 0 0 0 0
23 1.125 0 0 0 0
24 1.175 0 0 0 0
25 1.225 0 0 0 0
26 1.275 0 0 0 0
27 1.325 0 0 0 0
28 1.375 0 0 0 0
29 1.425 0 0 0 0
30 1.475 0 0 0 0
31 1.525 0 0 0 0
32 1.575 0 0 0 0
33 1.625 0 0 0 0
34 1.675 0 0 0 0
35 1.725 0 0 0 0
36 1.775 0 0 0 0
37 1.825 0 0 0 0
38 1.875 0 0 0 0
39 1.925 0 0 0 0
40 1.975 0 0 0 0
41 2.025 0 0 0 0
42 2.075 0 0 0 0
43 2.125 0 0 0 0
44 2.175 0 0 0 0
45 2.225 0 0 0 0
46 2.275 0 0 0 0
47 2.325 0 0 0 0
48 2.375 0.0102555 0.00075 6.36548e-05 4.65517e-06
49 2.425 0.172147 0.013875 0.00310034 0.000241034
50 2.475 0.973472 0.0911875 0.0497262 0.00419026
51 2.525 2.68946 0.3135 0.331685 0.0316075
52 2.575 4.8769 0.73275 1.145 0.130039
53 2.625 6.43488 1.30762 2.43772 0.347818
54 2.675 6.8925 1.94706 3.65685 0.687075
55 2.725 6.33353 2.55681 4.28078 1.0992
56 2.775 5.40247 3.09619 4.22073 1.52059
57 2.825 4.17336 3.528 3.717 1.90519
58 2.875 3.22521 3.87363 3.06848 2.23401
59 2.925 2.48538 4.14931 2.46098 2.507
60 2.975 1.85951 4.36269 1.97662 2.73381
61 3.025 1.49352 4.53987 1.61867 2.92584
62 3.075 1.12824 4.67819 1.37566 3.09449
63 3.125 0.97938 4.80219 1.21445 3.24825
64 3.175 0.815355 4.90875 1.11412 3.39386
65 3.225 0.673004 4.9995 1.05432 3.53603
66 3.275 0.630138 5.08713 1.02198 3.67814
67 3.325 0.574702 5.1695 1.00868 3.82272
68 3.375 0.531984 5.24806 1.00484 3.97111
69 3.425 0.480402 5.32113 1.01043 4.12479
70 3.475 0.481448 5.3965 1.01966 4.28442
71 3.525 0.512115 5.479 1.033 4.45084
72 3.575 0.539381 5.56837 1.05209 4.62517
73 3.625 0.570095 5.6655 1.06786 4.80709
74 3.675 0.590739 5.76894 1.08681 4.99739
75 3.725 0.6271 5.88175 1.10637 5.19642
76 3.775 0.660664 6.00381 1.12442 5.40417
77 3.825 0.692271 6.13513 1.14401 5.62117
78 3.875 0.751573 6.28144 1.1626 5.8475
79 3.925 0.830178 6.44725 1.18043 6.08326
80 3.975 0.881427 6.62781 1.19799 6.32867
81 4.025 0.915012 6.82 1.21327 6.58351
82 4.075 1.00766 7.03694 1.22579 6.84741
83 4.125 1.12588 7.28531 1.23761 7.12043
84 4.175 1.19975 7.55644 1.24534 7.40186
85 4.225 1.25767 7.8475 1.25187 7.69158
86 4.275 1.28276 8.15144 1.25312 7.98849
87 4.325 1.37672 8.48531 1.25114 8.29191
88 4.375 1.37918 8.82756 1.24588 8.60108
89 4.425 1.43904 9.19288 1.2378 8.91531
90 4.475 1.47519 9.57587 1.22502 9.23336
91 4.525 1.47526 9.9675 1.20876 9.55424
92 4.575 1.46092 10.3639 1.191 9.87743
93 4.625 1.46624 10.7706 1.1695 10.2018
94 4.675 1.45203 11.182 1.14621 10.5265
95 4.725 1.44457 11.6001 1.12396 10.8519
96 4.775 1.37789 12.0074 1.09882 11.1767
97 4.825 1.36564 12.4196 1.07372 11.5008
98 4.875 1.35663 12.8376 1.04925 11.8241
99 4.925 1.29087 13.2436 1.02621 12.1468
100 4.975 1.27985 13.6542 1.0037 12.4688
101 5.025 1.219 14.0533 0.983462 12.7908
102 5.075 1.18892 14.4503 0.962416 13.1122
103 5.125 1.16474 14.8469 0.945601 13.4342
104 5.175 1.11354 15.2336 0.93036 13.7572
105 5.225 1.07555 15.6143 0.91541 14.0812
106 5.275 1.00311 15.9761 0.901111 14.4063
107 5.325 0.979772 16.3363 0.886938 14.7323
108 5.375 0.951617 16.6927 0.873944 15.0597
109 5.425 0.890258 17.0324 0.860021 15.3878
110 5.475 0.872625 17.3716 0.846327 15.7167
111 5.525 0.822316 17.697 0.833693 16.0467
112 5.575 0.827796 18.0306 0.822387 16.3781
113 5.625 0.796538 18.3573 0.812464 16.7113
114 5.675 0.776876 18.6817 0.805011 17.0475
115 5.725 0.761895 19.0054 0.799964 17.3874
116 5.775 0.774055 19.3401 0.797098 17.732
117 5.825 0.759687 19.6743 0.796521 18.0824
118 5.875 0.75589 20.0126 0.799681 18.4403
119 5.925 0.766805 20.3616 0.801844 18.8052
120 5.975 0.778061 20.7217 0.807261 19.1789
121 6.025 0.751124 21.0752 0.813969 19.5619
122 6.075 0.774994 21.446 0.821515 19.955
123 6.125 0.764192 21.8177 0.829583 20.3585
124 6.175 0.768428 22.1976 0.837713 20.7726
125 6.225 0.782632 22.5907 0.84601 21.1977
126 6.275 0.771556 22.9846 0.854484 21.6339
127 6.325 0.813994 23.4068 0.862728 22.0813
128 6.375 0.818831 23.8382 0.870619 22.5401
129 6.425 0.810107 24.2718 0.87741 23.0096
130 6.475 0.82593 24.7207 0.88484 23.4906
131 6.525 0.838117 25.1834 0.890831 23.9823
132 6.575 0.836347 25.6521 0.895467 24.4842
133 6.625 0.839148 26.1296 0.899848 24.9962
134 6.675 0.842096 26.6161 0.903082 25.5179
135 6.725 0.87343 27.1282 0.905906 26.0491
136 6.775 0.854915 27.6369 0.907495 26.5891
137 6.825 0.892111 28.1757 0.908644 27.1379
138 6.875 0.884792 28.7179 0.910248 27.6956
139 6.925 0.873569 29.261 0.91017 28.2615
140 6.975 0.882989 29.8179 0.910425 28.8358
141 7.025 0.873981 30.3771 0.911364 29.4189
142 7.075 0.898557 30.9602 0.912152 30.0108
143 7.125 0.875925 31.5368 0.914502 30.6127
144 7.175 0.898594 32.1365 0.916781 31.2246
145 7.225 0.899129 32.745 0.920289 31.8474
146 7.275 0.912043 33.3708 0.922543 32.4804
147 7.325 0.881036 33.9837 0.923112 33.1226
148 7.375 0.893859 34.614 0.922477 33.7731
149 7.425 0.896289 35.2546 0.918341 34.4295
150 7.475 0.902371 35.9083 0.912155 35.0902
151 7.525 0.883864 36.5572 0.906583 35.7558
152 7.575 0.884164 37.2149 0.89986 36.4252
153 7.625 0.878162 37.8769 0.894382 37.0994
154 7.675 0.869213 38.5407 0.889842 37.7789
155 7.725 0.87997 39.2215 0.885579 38.4641
156 7.775 0.873633 39.9062 0.882307 39.1556
157 7.825 0.87266 40.5989 0.878792 39.8532
158 7.875 0.867755 41.2966 0.876283 40.5577
159 7.925 0.881556 42.0144 0.874379 41.2697
160 7.975 0.874781 42.7357 0.873289 41.9898
161 8.025 0.870203 43.4623 0.872278 42.7181
162 8.075 0.88016 44.2064 0.871558 43.4549
163 8.125 0.87681 44.9568 0.870647 44.2
164 8.175 0.883646 45.7224 0.870639 44.9544
165 8.225 0.895168 46.5076 0.870899 45.7182
166 8.275 0.890367 47.298 0.87041 46.491
167 8.325 0.896329 48.1034 0.870868 47.2735
168 8.375 0.902566 48.9241 0.87136 48.0658
169 8.425 0.910562 49.7621 0.871164 48.8675
170 8.475 0.907031 50.6067 0.871151 49.6787
171 8.525 0.908363 51.4626 0.871958 50.5003
172 8.575 0.903898 52.3242 0.871923 51.3315
173 8.625 0.921573 53.2131 0.87197 52.1725
174 8.675 0.924368 54.1149 0.872519 53.0238
175 8.725 0.909308 55.0124 0.872889 53.8853
176 8.775 0.90486 55.9157 0.872166 54.7559
177 8.825 0.918839 56.8434 0.873217 55.6376
178 8.875 0.936975 57.8002 0.873638 56.5298
179 8.925 0.928442 58.7591 0.874501 57.4329
180 8.975 0.918067 59.7178 0.874896 58.3465
181 9.025 0.926152 60.6958 0.876071 59.2716
182 9.075 0.920131 61.6782 0.876648 60.2077
183 9.125 0.914706 62.6657 0.878109 61.1556
184 9.175 0.916618 63.6661 0.87977 62.1157
185 9.225 0.913223 64.6736 0.880978 63.0877
186 9.275 0.918983 65.6986 0.883275 64.0728
187 9.325 0.919854 66.7356 0.885052 65.0706
188 9.375 0.907545 67.7697 0.887106 66.0814
189 9.425 0.909121 68.8167 0.889891 67.1063
190 9.475 0.924521 69.8928 0.89262 68.1452
191 9.525 0.910058 70.9632 0.895679 69.1987
192 9.575 0.909833 72.0446 0.898933 70.2672
193 9.625 0.917057 73.1461 0.902235 71.3509
194 9.675 0.91507 74.2566 0.905685 72.45
195 9.725 0.922557 75.3878 0.91026 73.5661
196 9.775 0.92838 76.5378 0.915304 74.6999
197 9.825 0.938582 77.7124 0.92109 75.8527
198 9.875 0.926778 78.8841 0.926867 77.0245
199 9.925 0.928377 80.0697 0.934317 78.2177
200 9.975 0.945837 81.2899 0.94212 79.433
9000000 200
1 0.025 0 0 0 0
2 0.075 0 0 0 0
3 0.125 0 0 0 0
4 0.175 0 0 0 0
5 0.225 0 0 0 0
6 0.275 0 0 0 0
7 0.325 0 0 0 0
8 0.375 0 0 0 0
9 0.425 0 0 0 0
10 0.475 0 0 0 0
11 0.525 0 0 0 0
12 0.575 0 0 0 0
13 0.625 0 0 0 0
14 0.675 0 0 0 0
15 0.725 0 0 0 0
16 0.775 0 0 0 0
17 0.825 0 0 0 0
18 0.875 0 0 0 0
19 0.925 0 0 0 0
20 0.975 0 0 0 0
21 1.025 0 0 0 0
22 1.075 0 0 0 0
23 1.125 0 0 0 0
24 1.175 0 0 0 0
25 1.225 0 0 0 0
26 1.275 0 0 0 0
27 1.325 0 0 0 0
28 1.375 0 0 0 0
29 1.425 0 0 0 0
30 1.475 0 0 0 0
31 1.525 0 0 0 0
32 1.575 0 0 0 0
33 1.625 0 0 0 0
34 1.675 0 0 0 0
35 1.725 0 0 0 0
36 1.775 0 0 0 0
37 1.825 0 0 0 0
38 1.875 0 0 0 0
39 1.925 0 0 0 0
40 1.975 0 0 0 0
41 2.025 0 0 0 0
42 2.075 0 0 0 0
43 2.125 0 0 0 0
44 2.175 0 0 0 0
45 2.225 0 0 0 0
46 2.275 0 0 0 0
47 2.325 0 0 0 0
48 2.375 0.0106353 0.000777778 6.18212e-05 4.52107e-06
49 2.425 0.172693 0.0139444 0.00313677 0.000243678
50 2.475 0.973734 0.0912778 0.0496352 0.00418567
51 2.525 2.68434 0.313167 0.331468 0.031585
52 2.575 4.92505 0.736556 1.14523 0.130037
53 2.625 6.49287 1.31661 2.43855 0.34789
54 2.675 6.95425 1.96178 3.65729 0.687188
55 2.725 6.38863 2.57683 4.2797 1.09921
56 2.775 5.43265 3.11922 4.22029 1.52056
57 2.825 4.24444 3.55839 3.71778 1.90523
58 2.875 3.27536 3.90939 3.06875 2.23409
59 2.925 2.50473 4.18722 2.46075 2.50705
60 2.975 1.9032 4.40561 1.97645 2.73384
61 3.025 1.52472 4.5865 1.6188 2.92589
62 3.075 1.15424 4.728 1.37529 3.09449
63 3.125 0.992544 4.85367 1.21436 3.24824
64 3.175 0.836981 4.96306 1.1138 3.39381
65 3.225 0.692574 5.05644 1.05443 3.53599
66 3.275 0.639627 5.14539 1.02202 3.67811
67 3.325 0.589915 5.22994 1.0087 3.82269
68 3.375 0.548866 5.311 1.00513 3.97113
69 3.425 0.49789 5.38672 1.01099 4.12488
70 3.475 0.491117 5.46361 1.02019 4.2846
71 3.525 0.527633 5.54861 1.03341 4.45108
72 3.575 0.548182 5.63944 1.05202 4.6254
73 3.625 0.57947 5.73817 1.06832 4.80741
74 3.675 0.59649 5.84261 1.08721 4.99778
75 3.725 0.63679 5.95717 1.10641 5.19682
76 3.775 0.668746 6.08072 1.12465 5.4046
77 3.825 0.70146 6.21378 1.14407 5.62161
78 3.875 0.753106 6.36039 1.16277 5.84798
79 3.925 0.832507 6.52667 1.18078 6.08381
80 3.975 0.881665 6.70728 1.19804 6.32924
81 4.025 0.917822 6.90006 1.21318 6.58405
82 4.075 1.00924 7.11733 1.2262 6.84804
83 4.125 1.12292 7.36506 1.23783 7.12111
84 4.175 1.19625 7.63539 1.24511 7.40248
85 4.225 1.2514 7.925 1.25172 7.69217
86 4.275 1.26872 8.22561 1.2533 7.98913
87 4.325 1.37265 8.5585 1.25125 8.29258
88 4.375 1.36855 8.89811 1.24615 8.60181
89 4.425 1.42665 9.26028 1.2376 8.91599
90 4.475 1.46021 9.63939 1.22479 9.23398
91 4.525 1.46851 10.0292 1.2089 9.5549
92 4.575 1.45071 10.4229 1.191 9.87809
93 4.625 1.45197 10.8256 1.16927 10.2024
94 4.675 1.43558 11.2323 1.14604 10.5271
95 4.725 1.43243 11.6469 1.12349 10.8523
96 4.775 1.37007 12.0519 1.09854 11.177
97 4.825 1.35213 12.4601 1.0735 11.501
98 4.875 1.34798 12.8754 1.04924 11.8243
99 4.925 1.28435 13.2793 1.0263 12.1471
100 4.975 1.27183 13.6874 1.00349 12.4691
101 5.025 1.20523 14.0819 0.983133 12.7909
102 5.075 1.1826 14.4768 0.962642 13.1123
103 5.125 1.16143 14.8723 0.945749 13.4344
104 5.175 1.0991 15.2539 0.930447 13.7575
105 5.225 1.06529 15.631 0.915131 14.0814
106 5.275 1.00176 15.9924 0.901244 14.4065
107 5.325 0.979262 16.3524 0.886955 14.7326
108 5.375 0.950894 16.7086 0.873867 15.0599
109 5.425 0.88569 17.0465 0.860164 15.3881
110 5.475 0.869444 17.3844 0.846239 15.7169
111 5.525 0.823738 17.7104 0.833682 16.0469
112 5.575 0.823781 18.0423 0.822263 16.3782
113 5.625 0.800804 18.3708 0.812492 16.7115
114 5.675 0.779437 18.6963 0.804879 17.0476
115 5.725 0.767582 19.0224 0.799701 17.3874
116 5.775 0.775163 19.3576 0.796967 17.732
117 5.825 0.759766 19.6918 0.796544 18.0824
118 5.875 0.756945 20.0306 0.799682 18.4402
119 5.925 0.766439 20.3794 0.801851 18.8052
120 5.975 0.778031 20.7395 0.807326 19.1789
121 6.025 0.751124 21.093 0.813673 19.5618
122 6.075 0.774573 21.4636 0.821383 19.9548
123 6.125 0.767347 21.8368 0.829658 20.3583
124 6.175 0.773064 22.219 0.837783 20.7725
125 6.225 0.786018 22.6139 0.846068 21.1975
126 6.275 0.777351 23.0107 0.854476 21.6338
127 6.325 0.808598 23.4301 0.862866 22.0813
128 6.375 0.816841 23.8605 0.8708 22.5401
129 6.425 0.81435 24.2963 0.877448 23.0097
130 6.475 0.824001 24.7442 0.884811 23.4907
131 6.525 0.838193 25.2069 0.890797 23.9824
132 6.575 0.839172 25.6772 0.895478 24.4842
133 6.625 0.837293 26.1537 0.899959 24.9964
134 6.675 0.843358 26.6408 0.903191 25.5181
135 6.725 0.871133 27.1516 0.90578 26.0492
136 6.775 0.850293 27.6576 0.907636 26.5893
137 6.825 0.88443 28.1917 0.908714 27.1381
138 6.875 0.873244 28.7268 0.910214 27.6958
139 6.925 0.867381 29.2661 0.91024 28.2618
140 6.975 0.876217 29.8188 0.910236 28.8359
141 7.025 0.874122 30.3781 0.911372 29.419
142 7.075 0.89066 30.9561 0.912124 30.0109
143 7.125 0.871957 31.5299 0.914393 30.6127
144 7.175 0.890728 32.1244 0.91677 31.2246
145 7.225 0.890181 32.7269 0.920173 31.8474
146 7.275 0.905434 33.3482 0.922466 32.4803
147 7.325 0.878022 33.9589 0.923229 33.1226
148 7.375 0.884592 34.5827 0.922457 33.773
149 7.425 0.886399 35.2163 0.918325 34.4294
150 7.475 0.896514 35.8657 0.912022 35.0901
151 7.525 0.880553 36.5122 0.906594 35.7557
152 7.575 0.878227 37.1655 0.899949 36.4251
153 7.625 0.872643 37.8233 0.894269 37.0992
154 7.675 0.862693 38.4821 0.889852 37.7788
155 7.725 0.874612 39.1588 0.88565 38.464
156 7.775 0.868786 39.8397 0.882106 39.1553
157 7.825 0.869476 40.5299 0.878726 39.8529
158 7.875 0.858401 41.2201 0.876387 40.5575
159 7.925 0.873326 41.9312 0.874286 41.2694
160 7.975 0.872449 42.6506 0.873318 41.9895
161 8.025 0.866867 43.3743 0.872303 42.7178
162 8.075 0.872069 44.1116 0.871737 43.4548
163 8.125 0.873897 44.8595 0.870714 44.2
164 8.175 0.876769 45.6192 0.870657 44.9544
165 8.225 0.893315 46.4027 0.870818 45.7181
166 8.275 0.888185 47.1912 0.870456 46.4909
167 8.325 0.890841 47.9916 0.870792 47.2733
168 8.375 0.900458 48.8104 0.871377 48.0657
169 8.425 0.909181 49.6471 0.87135 48.8676
170 8.475 0.903615 50.4886 0.871212 49.6788
171 8.525 0.906078 51.3423 0.871865 50.5003
172 8.575 0.905682 52.2057 0.871806 51.3314
173 8.625 0.917908 53.0909 0.871937 52.1724
174 8.675 0.918688 53.9873 0.872507 53.0236
175 8.725 0.907739 54.8832 0.872894 53.8851
176 8.775 0.903712 55.7853 0.872206 54.7559
177 8.825 0.917271 56.7115 0.873224 55.6375
178 8.875 0.933785 57.6651 0.873484 56.5295
179 8.925 0.929539 58.625 0.874597 57.4327
180 8.975 0.918519 59.5842 0.874789 58.3463
181 9.025 0.927257 60.5634 0.875995 59.2713
182 9.075 0.920553 61.5463 0.876744 60.2074
183 9.125 0.916102 62.5352 0.878144 61.1554
184 9.175 0.917904 63.537 0.879728 62.1155
185 9.225 0.917447 64.5492 0.881015 63.0875
186 9.275 0.923024 65.5787 0.883236 64.0726
187 9.325 0.921332 66.6173 0.885194 65.0705
188 9.375 0.910995 67.6554 0.887118 66.0814
189 9.425 0.917804 68.7124 0.889962 67.1063
190 9.475 0.9301 69.7949 0.89263 68.1453
191 9.525 0.914599 70.8707 0.895515 69.1986
192 9.575 0.909839 71.9522 0.898874 70.267
193 9.625 0.919329 73.0563 0.902207 71.3506
194 9.675 0.916169 74.1682 0.905586 72.4496
195 9.725 0.92911 75.3074 0.910359 73.5658
196 9.775 0.931021 76.4607 0.915139 74.6995
197 9.825 0.940302 77.6375 0.921173 75.8523
198 9.875 0.930057 78.8133 0.926812 77.0241
199 9.925 0.92941 80.0003 0.934288 78.2172
200 9.975 0.945568 81.2201 0.94206 79.4325
10000000 200
1 0.025 0 0 0 0
2 0.075 0 0 0 0
3 0.125 0 0 0 0
4 0.175 0 0 0 0
5 0.225 0 0 0 0
6 0.275 0 0 0 0
7 0.325 0 0 0 0
8 0.375 0 0 0 0
9 0.425 0 0 0 0
10 0.475 0 0 0 0
11 0.525 0 0 0 0
12 0.575 0 0 0 0
13 0.625 0 0 0 0
14 0.675 0 0 0 0
15 0.725 0 0 0 0
16 0.775 0 0 0 0
17 0.825 0 0 0 0
18 0.875 0 0 0 0
19 0.925 0 0 0 0
20 0.975 0 0 0 0
21 1.025 0 0 0 0
22 1.075 0 0 0 0
23 1.125 0 0 0 0
24 1.175 0 0 0 0
25 1.225 0 0 0 0
26 1.275 0 0 0 0
27 1.325 0 0 0 0
28 1.375 0 0 0 0
29 1.425 0 0 0 0
30 1.475 0 0 0 0
31 1.525 0 0 0 0
32 1.575 0 0 0 0
33 1.625 0 0 0 0
34 1.675 0 0 0 0
35 1.725 0 0 0 0
36 1.775 0 0 0 0
37 1.825 0 0 0 0
38 1.875 0 0 0 0
39 1.925 0 0 0 0
40 1.975 0 0 0 0
41 2.025 0 0 0 0
42 2.075 0 0 0 0
43 2.125 0 0 0 0
44 2.175 0 0 0 0
45 2.225 0 0 0 0
46 2.275 0 0 0 0
47 2.325 0 0 0 0
48 2.375 0.0116229 0.00085 6.41264e-05 4.68966e-06
49 2.425 0.171819 0.01395 0.00314693 0.000244621
50 2.475 0.977092 0.09155 0.0496657 0.00418903
51 2.525 2.66209 0.3116 0.331312 0.0315754
52 2.575 4.91354 0.734 1.14519 0.130023
53 2.625 6.49449 1.3142 2.43895 0.347912
54 2.675 6.95354 1.9593 3.65731 0.687211
55 2.725 6.38131 2.57365 4.27976 1.09924
56 2.775 5.41724 3.1145 4.21964 1.52052
57 2.825 4.25442 3.5547 3.71845 1.90526
58 2.875 3.25903 3.90395 3.06846 2.23409
59 2.925 2.52111 4.1836 2.46062 2.50703
60 2.975 1.90853 4.4026 1.97699 2.73389
61 3.025 1.52186 4.58315 1.6186 2.92592
62 3.075 1.16036 4.7254 1.37524 3.09451
63 3.125 0.990438 4.8508 1.21461 3.24829
64 3.175 0.840892 4.9607 1.11384 3.39386
65 3.225 0.692285 5.05405 1.05408 3.536
66 3.275 0.64542 5.1438 1.02168 3.67807
67 3.325 0.595807 5.2292 1.00867 3.82265
68 3.375 0.549505 5.31035 1.00506 3.97108
69 3.425 0.50399 5.387 1.01101 4.12484
70 3.475 0.495979 5.46465 1.02014 4.28455
71 3.525 0.529806 5.55 1.03377 4.45109
72 3.575 0.54436 5.6402 1.05147 4.62531
73 3.625 0.577285 5.73855 1.06804 4.80727
74 3.675 0.596807 5.84305 1.08715 4.99763
75 3.725 0.631478 5.95665 1.10618 5.19662
76 3.775 0.668715 6.0802 1.12455 5.40439
77 3.825 0.695368 6.2121 1.14409 5.62141
78 3.875 0.758186 6.3597 1.16278 5.84777
79 3.925 0.823106 6.5241 1.1809 6.08364
80 3.975 0.878193 6.704 1.19773 6.32899
81 4.025 0.924355 6.89815 1.21348 6.58387
82 4.075 1.02351 7.1185 1.2264 6.8479
83 4.125 1.12486 7.36665 1.23791 7.12099
84 4.175 1.19654 7.63705 1.24518 7.40238
85 4.225 1.25632 7.9278 1.25198 7.69213
86 4.275 1.27163 8.2291 1.25315 7.98905
87 4.325 1.3762 8.56285 1.25155 8.29257
88 4.375 1.38261 8.90595 1.24638 8.60186
89 4.425 1.43406 9.27 1.23773 8.91607
90 4.475 1.46999 9.65165 1.22497 9.23411
91 4.525 1.47215 10.0425 1.20914 9.55509
92 4.575 1.45231 10.4365 1.19105 9.87829
93 4.625 1.44776 10.8381 1.1696 10.2026
94 4.675 1.43002 11.2433 1.14622 10.5274
95 4.725 1.42271 11.655 1.12325 10.8526
96 4.775 1.36466 12.0585 1.09881 11.1774
97 4.825 1.35806 12.4684 1.07353 11.5014
98 4.875 1.34105 12.8815 1.04914 11.8246
99 4.925 1.29313 13.2882 1.02624 12.1474
100 4.975 1.25917 13.6922 1.00344 12.4694
101 5.025 1.20277 14.086 0.982961 12.7911
102 5.075 1.18174 14.4806 0.962686 13.1126
103 5.125 1.16657 14.8779 0.945768 13.4347
104 5.175 1.09345 15.2575 0.930435 13.7577
105 5.225 1.06725 15.6353 0.915162 14.0816
106 5.275 1.00471 15.9977 0.901374 14.4068
107 5.325 0.97559 16.3563 0.887275 14.733
108 5.375 0.948981 16.7118 0.873755 15.0603
109 5.425 0.887277 17.0504 0.860183 15.3885
110 5.475 0.867157 17.3873 0.84627 15.7174
111 5.525 0.827781 17.7149 0.833518 16.0472
112 5.575 0.826028 18.0478 0.822077 16.3785
113 5.625 0.797148 18.3748 0.812427 16.7118
114 5.675 0.771667 18.697 0.804777 17.0478
115 5.725 0.767778 19.0232 0.799598 17.3875
116 5.775 0.765989 19.3544 0.796881 17.7321
117 5.825 0.756874 19.6874 0.79647 18.0825
118 5.875 0.752537 20.0241 0.799388 18.4402
119 5.925 0.766476 20.373 0.801828 18.8051
120 5.975 0.771418 20.73 0.807101 19.1787
121 6.025 0.747406 21.0818 0.813626 19.5616
122 6.075 0.772878 21.4516 0.821541 19.9547
123 6.125 0.768843 21.8255 0.829448 20.3581
124 6.175 0.768883 22.2056 0.837598 20.7722
125 6.225 0.784846 22.5999 0.846232 21.1973
126 6.275 0.778951 22.9976 0.854392 21.6335
127 6.325 0.809005 23.4172 0.863002 22.0811
128 6.375 0.820563 23.8496 0.87074 22.5399
129 6.425 0.817651 24.2872 0.877513 23.0095
130 6.475 0.825585 24.7359 0.884651 23.4904
131 6.525 0.841877 25.2006 0.890765 23.9821
132 6.575 0.840451 25.6716 0.895508 24.484
133 6.625 0.837127 26.148 0.900092 24.9962
134 6.675 0.843935 26.6355 0.903255 25.5179
135 6.725 0.881063 27.1521 0.905775 26.049
136 6.775 0.855755 27.6614 0.907545 26.5891
137 6.825 0.882093 28.194 0.908711 27.1379
138 6.875 0.877713 28.7319 0.910293 27.6957
139 6.925 0.865648 29.2701 0.910157 28.2615
140 6.975 0.876984 29.8232 0.910337 28.8357
141 7.025 0.880408 30.3866 0.911423 29.4189
142 7.075 0.893434 30.9663 0.912174 30.0108
143 7.125 0.876608 31.5433 0.914333 30.6126
144 7.175 0.892002 32.1387 0.916679 31.2244
145 7.225 0.889377 32.7405 0.920165 31.8472
146 7.275 0.908236 33.3638 0.922677 32.4803
147 7.325 0.883301 33.9782 0.92321 33.1225
148 7.375 0.885616 34.6027 0.922463 33.773
149 7.425 0.890938 35.2395 0.918253 34.4293
150 7.475 0.896314 35.8888 0.91189 35.0899
151 7.525 0.889142 36.5416 0.906443 35.7553
152 7.575 0.883761 37.199 0.899988 36.4249
153 7.625 0.873734 37.8576 0.894253 37.0989
154 7.675 0.86553 38.5186 0.889892 37.7785
155 7.725 0.875818 39.1962 0.885614 38.4637
156 7.775 0.8688 39.8771 0.882174 39.1551
157 7.825 0.867559 40.5658 0.878789 39.8527
158 7.875 0.862547 41.2593 0.87644 40.5574
159 7.925 0.873067 41.9702 0.874242 41.2692
160 7.975 0.871431 42.6887 0.873449 41.9894
161 8.025 0.870487 43.4155 0.872323 42.7178
162 8.075 0.86808 44.1494 0.871774 43.4547
163 8.125 0.87145 44.8953 0.870668 44.1999
164 8.175 0.879462 45.6572 0.870837 44.9545
165 8.225 0.891206 46.4389 0.871011 45.7184
166 8.275 0.891564 47.2304 0.870459 46.4912
167 8.325 0.89196 48.0319 0.870852 47.2736
168 8.375 0.898992 48.8494 0.871354 48.066
169 8.425 0.906663 49.6837 0.871281 48.8678
170 8.475 0.90244 50.5241 0.871117 49.679
171 8.525 0.901968 51.3739 0.871857 50.5005
172 8.575 0.904645 52.2363 0.87188 51.3316
173 8.625 0.914665 53.1184 0.871919 52.1725
174 8.675 0.917527 54.0137 0.872566 53.0239
175 8.725 0.906889 54.9087 0.872903 53.8854
176 8.775 0.902544 55.8097 0.872457 54.7564
177 8.825 0.916462 56.7351 0.873138 55.638
178 8.875 0.928786 57.6835 0.873493 56.5299
179 8.925 0.927607 58.6414 0.874607 57.4332
180 8.975 0.915864 59.5979 0.874735 58.3467
181 9.025 0.926105 60.5758 0.875982 59.2717
182 9.075 0.918925 61.557 0.876655 60.2077
183 9.125 0.914255 62.5439 0.877978 61.1555
184 9.175 0.919161 63.5471 0.879686 62.1156
185 9.225 0.914617 64.5562 0.881017 63.0876
186 9.275 0.921729 65.5842 0.88328 64.0727
187 9.325 0.920076 66.6215 0.885151 65.0706
188 9.375 0.911429 67.66 0.887074 66.0814
189 9.425 0.91902 68.7184 0.889748 67.1061
190 9.475 0.929193 69.7999 0.892666 68.1451
191 9.525 0.915128 70.8763 0.89547 69.1983
192 9.575 0.906647 71.9539 0.898649 70.2665
193 9.625 0.921189 73.0603 0.902117 71.35
194 9.675 0.914123 74.1697 0.905559 72.4489
195 9.725 0.924566 75.3033 0.91044 73.5653
196 9.775 0.928451 76.4535 0.915236 74.699
197 9.825 0.940479 77.6305 0.921118 75.8518
198 9.875 0.931257 78.8079 0.926862 77.0236
199 9.925 0.929845 79.9954 0.934394 78.2169
200 9.975 0.945741 81.2154 0.942096 79.4322
