# Time-averaged data for fix 51
# TimeStep Number-of-rows
# Row c_myRDF[1] c_myRDF[2] c_myRDF[3] c_myRDF[4] c_myRDF[5]
1000000 200
1 0.025 0 0 0 0
2 0.075 0 0 0 0
3 0.125 0 0 0 0
4 0.175 0 0 0 0
5 0.225 0 0 0 0
6 0.275 0 0 0 0
7 0.325 0 0 0 0
8 0.375 0 0 0 0
9 0.425 0 0 0 0
10 0.475 0 0 0 0
11 0.525 0 0 0 0
12 0.575 0 0 0 0
13 0.625 0 0 0 0
14 0.675 0 0 0 0
15 0.725 0 0 0 0
16 0.775 0 0 0 0
17 0.825 0 0 0 0
18 0.875 0 0 0 0
19 0.925 0 0 0 0
20 0.975 0 0 0 0
21 1.025 0 0 0 0
22 1.075 0 0 0 0
23 1.125 0 0 0 0
24 1.175 0 0 0 0
25 1.225 0 0 0 0
26 1.275 0 0 0 0
27 1.325 0 0 0 0
28 1.375 0 0 0 0
29 1.425 0 0 0 0
30 1.475 0 0 0 0
31 1.525 0 0 0 0
32 1.575 0 0 0 0
33 1.625 0 0 0 0
34 1.675 0 0 0 0
35 1.725 0 0 0 0
36 1.775 0 0 0 0
37 1.825 0 0 0 0
38 1.875 0 0 0 0
39 1.925 0 0 0 0
40 1.975 0 0 0 0
41 2.025 0 0 0 0
42 2.075 0 0 0 0
43 2.125 0 0 0 0
44 2.175 0 0 0 0
45 2.225 0 0 0 0
46 2.275 0 0 0 0
47 2.325 0 0 0 0
48 2.375 0.027348 0.002 7.54428e-05 5.51724e-06
49 2.425 0.203297 0.0175 0.00316592 0.000246897
50 2.475 1.00731 0.0975 0.0499835 0.00421655
51 2.525 2.98208 0.344 0.333963 0.0318221
52 2.575 5.49051 0.816 1.1474 0.13046
53 2.625 7.07991 1.4485 2.4375 0.34822
54 2.675 7.94952 2.186 3.65841 0.687621
55 2.725 7.08399 2.868 4.28147 1.09981
56 2.775 6.26511 3.4935 4.21056 1.52019
57 2.825 4.87103 3.9975 3.71058 1.90412
58 2.875 3.60197 4.3835 3.06887 2.23299
59 2.925 2.99305 4.7155 2.46279 2.50617
60 2.975 2.14818 4.962 1.97656 2.73298
61 3.025 1.62681 5.155 1.61979 2.92515
62 3.075 1.37856 5.324 1.38057 3.09439
63 3.125 1.15314 5.47 1.21419 3.24812
64 3.175 0.941126 5.593 1.11632 3.39402
65 3.225 0.823178 5.704 1.05835 3.53673
66 3.275 0.765874 5.8105 1.02544 3.67932
67 3.325 0.648829 5.9035 1.00847 3.82387
68 3.375 0.650062 5.9995 1.00679 3.97255
69 3.425 0.53588 6.081 1.01081 4.12628
70 3.475 0.568476 6.17 1.02017 4.286
71 3.525 0.555567 6.2595 1.03401 4.45257
72 3.575 0.600486 6.359 1.05537 4.62745
73 3.625 0.648602 6.4695 1.06821 4.80944
74 3.675 0.713884 6.5945 1.08479 4.99938
75 3.725 0.744877 6.7285 1.10427 5.19803
76 3.775 0.757751 6.8685 1.12636 5.40614
77 3.825 0.735435 7.008 1.14546 5.62341
78 3.875 0.757672 7.1555 1.16212 5.84965
79 3.925 0.973808 7.35 1.17834 6.085
80 3.975 0.854274 7.525 1.19533 6.32987
81 4.025 0.91888 7.718 1.21218 6.58447
82 4.075 0.973111 7.9275 1.22601 6.84842
83 4.125 0.981394 8.144 1.23522 7.12091
84 4.175 1.1638 8.407 1.24445 7.40214
85 4.225 1.28549 8.7045 1.25052 7.69155
86 4.275 1.2577 9.0025 1.25241 7.98829
87 4.325 1.19993 9.2935 1.25124 8.29174
88 4.375 1.23713 9.6005 1.24531 8.60077
89 4.425 1.35705 9.945 1.23701 8.91479
90 4.475 1.3423 10.2935 1.22383 9.23253
91 4.525 1.37496 10.6585 1.20976 9.55368
92 4.575 1.35797 11.027 1.18983 9.87655
93 4.625 1.33237 11.3965 1.1704 10.2011
94 4.675 1.25109 11.751 1.14729 10.5262
95 4.725 1.33531 12.1375 1.12362 10.8514
96 4.775 1.33624 12.5325 1.09821 11.1761
97 4.825 1.33188 12.9345 1.07467 11.5005
98 4.875 1.34365 13.3485 1.04872 11.8236
99 4.925 1.26881 13.7475 1.02552 12.1461
100 4.975 1.20448 14.134 1.00576 12.4688
101 5.025 1.20812 14.5295 0.983458 12.7908
102 5.075 1.19192 14.9275 0.961922 13.112
103 5.125 1.0704 15.292 0.944439 13.4336
104 5.175 1.10166 15.6745 0.93062 13.7567
105 5.225 1.06372 16.051 0.915234 14.0806
106 5.275 1.05613 16.432 0.901078 14.4057
107 5.325 0.998303 16.799 0.887861 14.7321
108 5.375 0.973142 17.1635 0.874153 15.0595
109 5.425 0.859627 17.4915 0.860735 15.3879
110 5.475 0.898035 17.8405 0.846672 15.717
111 5.525 0.900805 18.197 0.833432 16.0468
112 5.575 0.857421 18.5425 0.822638 16.3783
113 5.625 0.789834 18.8665 0.812228 16.7115
114 5.675 0.781965 19.193 0.804703 17.0475
115 5.725 0.77072 19.5205 0.800119 17.3875
116 5.775 0.778247 19.857 0.796259 17.7318
117 5.825 0.759261 20.191 0.796963 18.0823
118 5.875 0.758683 20.5305 0.798639 18.4397
119 5.925 0.729454 20.8625 0.800185 18.8039
120 5.975 0.736741 21.2035 0.808353 19.1781
121 6.025 0.765998 21.564 0.815203 19.5617
122 6.075 0.807781 21.9505 0.821932 19.955
123 6.125 0.739134 22.31 0.82973 20.3586
124 6.175 0.75351 22.6825 0.837254 20.7725
125 6.225 0.78823 23.0785 0.845976 21.1975
126 6.275 0.761027 23.467 0.853839 21.6333
127 6.325 0.792424 23.878 0.864781 22.0819
128 6.375 0.7734 24.2855 0.871514 22.5411
129 6.425 0.829609 24.7295 0.876915 23.0104
130 6.475 0.823285 25.177 0.884602 23.4912
131 6.525 0.778106 25.6065 0.890835 23.9829
132 6.575 0.752043 26.028 0.897224 24.4858
133 6.625 0.75743 26.459 0.899519 24.9977
134 6.675 0.785941 26.913 0.904256 25.52
135 6.725 0.826316 27.3975 0.90629 26.0514
136 6.775 0.799881 27.8735 0.907518 26.5915
137 6.825 0.856923 28.391 0.91 27.141
138 6.875 0.831449 28.9005 0.91254 27.7002
139 6.925 0.850046 29.429 0.911048 28.2666
140 6.975 0.818877 29.9455 0.909663 28.8404
141 7.025 0.793977 30.4535 0.912541 29.4242
142 7.075 0.8244 30.9885 0.911234 30.0156
143 7.125 0.814389 31.5245 0.91578 30.6183
144 7.175 0.856268 32.096 0.917193 31.2305
145 7.225 0.857756 32.6765 0.920801 31.8537
146 7.275 0.86058 33.267 0.924007 32.4877
147 7.325 0.850309 33.8585 0.922063 33.1291
148 7.375 0.821801 34.438 0.92123 33.7787
149 7.425 0.819165 35.0235 0.91815 34.435
150 7.475 0.849656 35.639 0.912783 35.0962
151 7.525 0.833635 36.251 0.904913 35.7605
152 7.575 0.807207 36.8515 0.899791 36.4299
153 7.625 0.831149 37.478 0.893668 37.1035
154 7.675 0.803987 38.092 0.888541 37.7821
155 7.725 0.812355 38.7205 0.884719 38.4666
156 7.775 0.815338 39.3595 0.881229 39.1572
157 7.825 0.791095 39.9875 0.879286 39.8552
158 7.875 0.856328 40.676 0.875275 40.559
159 7.925 0.825293 41.348 0.873448 41.2702
160 7.975 0.863488 42.06 0.873407 41.9904
161 8.025 0.83779 42.7595 0.87184 42.7183
162 8.075 0.790777 43.428 0.870806 43.4544
163 8.125 0.86403 44.1675 0.870208 44.1992
164 8.175 0.860995 44.9135 0.870541 44.9535
165 8.225 0.883054 45.688 0.87104 45.7175
166 8.275 0.869035 46.4595 0.869371 46.4893
167 8.325 0.871427 47.2425 0.870585 47.2715
168 8.375 0.876448 48.0395 0.869521 48.0622
169 8.425 0.90248 48.87 0.871611 48.8643
170 8.475 0.837094 49.6495 0.870829 49.6752
171 8.525 0.867103 50.4665 0.873311 50.4981
172 8.575 0.905799 51.33 0.870628 51.328
173 8.625 0.933691 52.2305 0.872496 52.1695
174 8.675 0.885036 53.094 0.87349 53.0217
175 8.725 0.904305 53.9865 0.872614 53.883
176 8.775 0.887518 54.8725 0.8724 54.7539
177 8.825 0.940875 55.8225 0.874422 55.6368
178 8.875 0.94891 56.7915 0.872979 56.5282
179 8.925 0.921362 57.743 0.874673 57.4315
180 8.975 0.889579 58.672 0.87583 58.3462
181 9.025 0.935622 59.66 0.876589 59.2718
182 9.075 0.936579 60.66 0.876337 60.2075
183 9.125 0.949965 61.6855 0.878388 61.1557
184 9.175 0.970793 62.745 0.880954 62.1172
185 9.225 0.956673 63.8005 0.881185 63.0894
186 9.275 0.93742 64.846 0.884135 64.0755
187 9.325 0.945135 65.9115 0.885465 65.0737
188 9.375 0.928498 66.9695 0.887456 66.0849
189 9.425 0.931263 68.042 0.88996 67.1099
190 9.475 0.979884 69.1825 0.891423 68.1474
191 9.525 0.922864 70.268 0.895503 69.2007
192 9.575 0.93176 71.3755 0.899326 70.2697
193 9.625 0.9654 72.535 0.902932 71.3541
194 9.675 0.965747 73.707 0.905593 72.4531
195 9.725 0.957474 74.881 0.910057 73.569
196 9.775 0.996945 76.116 0.9157 74.7034
197 9.825 0.986425 77.3505 0.921268 75.8563
198 9.875 0.91872 78.512 0.927683 77.0291
199 9.925 0.938067 79.71 0.933573 78.2214
200 9.975 0.937989 80.92 0.941331 79.4357
2000000 200
1 0.025 0 0 0 0
2 0.075 0 0 0 0
3 0.125 0 0 0 0
4 0.175 0 0 0 0
5 0.225 0 0 0 0
6 0.275 0 0 0 0
7 0.325 0 0 0 0
8 0.375 0 0 0 0
9 0.425 0 0 0 0
10 0.475 0 0 0 0
11 0.525 0 0 0 0
12 0.575 0 0 0 0
13 0.625 0 0 0 0
14 0.675 0 0 0 0
15 0.725 0 0 0 0
16 0.775 0 0 0 0
17 0.825 0 0 0 0
18 0.875 0 0 0 0
19 0.925 0 0 0 0
20 0.975 0 0 0 0
21 1.025 0 0 0 0
22 1.075 0 0 0 0
23 1.125 0 0 0 0
24 1.175 0 0 0 0
25 1.225 0 0 0 0
26 1.275 0 0 0 0
27 1.325 0 0 0 0
28 1.375 0 0 0 0
29 1.425 0 0 0 0
30 1.475 0 0 0 0
31 1.525 0 0 0 0
32 1.575 0 0 0 0
33 1.625 0 0 0 0
34 1.675 0 0 0 0
35 1.725 0 0 0 0
36 1.775 0 0 0 0
37 1.825 0 0 0 0
38 1.875 0 0 0 0
39 1.925 0 0 0 0
40 1.975 0 0 0 0
41 2.025 0 0 0 0
42 2.075 0 0 0 0
43 2.125 0 0 0 0
44 2.175 0 0 0 0
45 2.225 0 0 0 0
46 2.275 0 0 0 0
47 2.325 0 0 0 0
48 2.375 0.006837 0.0005 5.65821e-05 4.13793e-06
49 2.425 0.118044 0.0095 0.00294883 0.000228966
50 2.475 0.975833 0.087 0.0510168 0.00428069
51 2.525 2.64334 0.3055 0.330442 0.0315952
52 2.575 4.78675 0.717 1.1431 0.129863
53 2.625 6.15085 1.2665 2.43841 0.347705
54 2.675 6.9309 1.9095 3.65394 0.686692
55 2.725 6.15435 2.502 4.27535 1.09829
56 2.775 5.36866 3.038 4.22488 1.5201
57 2.825 4.25249 3.478 3.72208 1.90522
58 2.875 3.36401 3.8385 3.06479 2.23365
59 2.925 2.70457 4.1385 2.46459 2.50704
60 2.975 2.03925 4.3725 1.97632 2.73381
61 3.025 1.55516 4.557 1.62033 2.92605
62 3.075 1.13385 4.696 1.37328 3.0944
63 3.125 1.07021 4.8315 1.21219 3.24787
64 3.175 0.845483 4.942 1.11363 3.39342
65 3.225 0.730478 5.0405 1.05361 3.53549
66 3.275 0.658005 5.132 1.02068 3.67742
67 3.325 0.645341 5.2245 1.01041 3.82225
68 3.375 0.59589 5.3125 1.00666 3.97091
69 3.425 0.447115 5.3805 1.01048 4.1246
70 3.475 0.488633 5.457 1.0213 4.28449
71 3.525 0.536945 5.5435 1.03063 4.45052
72 3.575 0.630661 5.648 1.05123 4.62471
73 3.625 0.628058 5.755 1.06517 4.80618
74 3.675 0.545407 5.8505 1.0881 4.9967
75 3.725 0.611466 5.9605 1.10664 5.19578
76 3.775 0.652207 6.081 1.12143 5.40297
77 3.825 0.701167 6.214 1.1455 5.62026
78 3.875 0.80904 6.3715 1.16105 5.84628
79 3.925 0.87868 6.547 1.18184 6.08233
80 3.975 0.90553 6.7325 1.20144 6.32845
81 4.025 0.904597 6.9225 1.21524 6.5837
82 4.075 1.03582 7.1455 1.22913 6.84832
83 4.125 1.08112 7.384 1.23728 7.12126
84 4.175 1.29655 7.677 1.24289 7.40214
85 4.225 1.27468 7.972 1.25441 7.69245
86 4.275 1.32734 8.2865 1.25267 7.98926
87 4.325 1.37724 8.6205 1.25374 8.29331
88 4.375 1.29959 8.943 1.24496 8.60225
89 4.425 1.49296 9.322 1.23514 8.9158
90 4.475 1.4983 9.711 1.22473 9.23377
91 4.525 1.39756 10.082 1.20917 9.55476
92 4.575 1.37271 10.4545 1.19126 9.87803
93 4.625 1.44596 10.8555 1.17006 10.2025
94 4.675 1.42755 11.26 1.14731 10.5276
95 4.725 1.40613 11.667 1.12513 10.8533
96 4.775 1.33455 12.0615 1.09734 11.1777
97 4.825 1.33023 12.463 1.07531 11.5022
98 4.875 1.3258 12.8715 1.04915 11.8255
99 4.925 1.21952 13.255 1.02793 12.1487
100 4.975 1.20915 13.643 1.00494 12.4712
101 5.025 1.15008 14.0195 0.982963 12.793
102 5.075 1.0886 14.383 0.959739 13.1135
103 5.125 1.15115 14.775 0.944913 13.4352
104 5.175 1.06565 15.145 0.932248 13.7589
105 5.225 0.991677 15.496 0.914256 14.0825
106 5.275 0.977124 15.8485 0.902237 14.408
107 5.325 0.93846 16.1935 0.887673 14.7343
108 5.375 0.933095 16.543 0.874774 15.062
109 5.425 0.838661 16.863 0.859069 15.3898
110 5.475 0.86973 17.201 0.843008 15.7174
111 5.525 0.712558 17.483 0.834558 16.0477
112 5.575 0.779248 17.797 0.823222 16.3794
113 5.625 0.733766 18.098 0.811505 16.7123
114 5.675 0.724486 18.4005 0.804358 17.0481
115 5.725 0.773073 18.729 0.799573 17.3879
116 5.775 0.725053 19.0425 0.798219 17.733
117 5.825 0.820638 19.4035 0.797219 18.0837
118 5.875 0.757566 19.7425 0.799741 18.4416
119 5.925 0.756918 20.087 0.800262 18.8058
120 5.975 0.747544 20.433 0.805579 19.1787
121 6.025 0.739438 20.781 0.813604 19.5616
122 6.075 0.725226 21.128 0.821123 19.9545
123 6.125 0.786422 21.5105 0.830276 20.3583
124 6.175 0.791944 21.902 0.836153 20.7716
125 6.225 0.792211 22.3 0.84549 21.1964
126 6.275 0.774739 22.6955 0.855259 21.633
127 6.325 0.803028 23.112 0.862385 22.0803
128 6.375 0.851214 23.5605 0.869837 22.5386
129 6.425 0.791305 23.984 0.87715 23.0081
130 6.475 0.796609 24.417 0.883493 23.4883
131 6.525 0.865066 24.8945 0.891446 23.9803
132 6.575 0.859096 25.376 0.895004 24.482
133 6.625 0.873417 25.873 0.900405 24.9943
134 6.675 0.85865 26.369 0.904213 25.5166
135 6.725 0.860426 26.8735 0.905034 26.0473
136 6.775 0.861216 27.386 0.908251 26.5878
137 6.825 0.914052 27.938 0.907691 27.136
138 6.875 0.894277 28.486 0.910252 27.6937
139 6.925 0.8412 29.009 0.911248 28.2603
140 6.975 0.922724 29.591 0.91114 28.835
141 7.025 0.873688 30.15 0.912324 29.4187
142 7.075 0.898365 30.733 0.91208 30.0106
143 7.125 0.874405 31.3085 0.913405 30.6118
144 7.175 0.942419 31.9375 0.917122 31.2239
145 7.225 0.882875 32.535 0.92122 31.8473
146 7.275 0.946565 33.1845 0.923231 32.4808
147 7.325 0.84384 33.7715 0.923193 33.123
148 7.375 0.939505 34.434 0.922844 33.7738
149 7.425 0.877926 35.0615 0.918114 34.43
150 7.475 0.898661 35.7125 0.911652 35.0904
151 7.525 0.907872 36.379 0.906111 35.7556
152 7.575 0.922139 37.065 0.89983 36.425
153 7.625 0.870285 37.721 0.894055 37.0989
154 7.675 0.84196 38.364 0.889208 37.778
155 7.725 0.919635 39.0755 0.885781 38.4633
156 7.775 0.884877 39.769 0.882516 39.155
157 7.825 0.867307 40.4575 0.877611 39.8517
158 7.875 0.860059 41.149 0.87554 40.5556
159 7.925 0.915559 41.8945 0.873704 41.267
160 7.975 0.865913 42.6085 0.873277 41.9871
161 8.025 0.806051 43.2815 0.872716 42.7158
162 8.075 0.84105 43.9925 0.872069 43.453
163 8.125 0.837741 44.7095 0.870541 44.1981
164 8.175 0.850608 45.4465 0.871792 44.9534
165 8.225 0.85398 46.1955 0.870679 45.7171
166 8.275 0.814404 46.9185 0.871156 46.4904
167 8.325 0.855846 47.6875 0.871674 47.2737
168 8.375 0.879197 48.487 0.871576 48.0662
169 8.425 0.865533 49.2835 0.869715 48.8666
170 8.475 0.875217 50.0985 0.87085 49.6775
171 8.525 0.889922 50.937 0.871835 50.499
172 8.575 0.842335 51.74 0.871859 51.3301
173 8.625 0.89118 52.5995 0.870762 52.1699
174 8.675 0.938333 53.515 0.873361 53.022
175 8.725 0.912918 54.416 0.873591 53.8842
176 8.775 0.933597 55.348 0.87257 54.7553
177 8.825 0.937409 56.2945 0.872993 55.6368
178 8.875 0.973391 57.2885 0.873727 56.529
179 8.925 0.931045 58.25 0.873961 57.4315
180 8.975 0.956609 59.249 0.874881 58.3452
181 9.025 0.943671 60.2455 0.875103 59.2693
182 9.075 0.952969 61.263 0.876917 60.2056
183 9.125 0.955986 62.295 0.877653 61.153
184 9.175 0.885121 63.261 0.879572 62.113
185 9.225 0.939905 64.298 0.881139 63.0851
186 9.275 0.903348 65.3055 0.883725 64.0707
187 9.325 0.939369 66.3645 0.886013 65.0696
188 9.375 0.911824 67.4035 0.8858 66.0789
189 9.425 0.932566 68.4775 0.890129 67.1041
190 9.475 0.940792 69.5725 0.892061 68.1423
191 9.525 0.890132 70.6195 0.895469 69.1956
192 9.575 0.897687 71.6865 0.898425 70.2635
193 9.625 0.953743 72.832 0.902311 71.3472
194 9.675 0.941027 73.974 0.90515 72.4457
195 9.725 0.890189 75.0655 0.911233 73.563
196 9.775 0.908149 76.1905 0.915588 74.6972
197 9.825 0.954463 77.385 0.920516 75.8492
198 9.875 0.925047 78.5545 0.926572 77.0206
199 9.925 0.95451 79.7735 0.934945 78.2147
200 9.975 0.918996 80.959 0.942207 79.4301
3000000 200
1 0.025 0 0 0 0
2 0.075 0 0 0 0
3 0.125 0 0 0 0
4 0.175 0 0 0 0
5 0.225 0 0 0 0
6 0.275 0 0 0 0
7 0.325 0 0 0 0
8 0.375 0 0 0 0
9 0.425 0 0 0 0
10 0.475 0 0 0 0
11 0.525 0 0 0 0
12 0.575 0 0 0 0
13 0.625 0 0 0 0
14 0.675 0 0 0 0
15 0.725 0 0 0 0
16 0.775 0 0 0 0
17 0.825 0 0 0 0
18 0.875 0 0 0 0
19 0.925 0 0 0 0
20 0.975 0 0 0 0
21 1.025 0 0 0 0
22 1.075 0 0 0 0
23 1.125 0 0 0 0
24 1.175 0 0 0 0
25 1.225 0 0 0 0
26 1.275 0 0 0 0
27 1.325 0 0 0 0
28 1.375 0 0 0 0
29 1.425 0 0 0 0
30 1.475 0 0 0 0
31 1.525 0 0 0 0
32 1.575 0 0 0 0
33 1.625 0 0 0 0
34 1.675 0 0 0 0
35 1.725 0 0 0 0
36 1.775 0 0 0 0
37 1.825 0 0 0 0
38 1.875 0 0 0 0
39 1.925 0 0 0 0
40 1.975 0 0 0 0
41 2.025 0 0 0 0
42 2.075 0 0 0 0
43 2.125 0 0 0 0
44 2.175 0 0 0 0
45 2.225 0 0 0 0
46 2.275 0 0 0 0
47 2.325 0 0 0 0
48 2.375 0.006837 0.0005 1.88607e-05 1.37931e-06
49 2.425 0.203297 0.016 0.00321115 0.000246207
50 2.475 1.0262 0.0975 0.0490109 0.00413862
51 2.525 2.81271 0.33 0.33463 0.0317993
52 2.575 4.72277 0.736 1.14452 0.13019
53 2.625 6.02212 1.274 2.4353 0.347752
54 2.675 6.55902 1.8825 3.65216 0.686574
55 2.725 6.00893 2.461 4.28629 1.09923
56 2.775 4.96801 2.957 4.22778 1.52133
57 2.825 3.96738 3.3675 3.71262 1.90547
58 2.875 2.85078 3.673 3.06912 2.23436
59 2.925 2.31241 3.9295 2.45907 2.50713
60 2.975 1.78217 4.134 1.98773 2.73522
61 3.025 1.39501 4.2995 1.61526 2.92685
62 3.075 0.933995 4.414 1.37525 3.09544
63 3.125 0.860907 4.523 1.21492 3.24927
64 3.175 0.814877 4.6295 1.111 3.39447
65 3.225 0.585865 4.7085 1.0552 3.53676
66 3.275 0.607665 4.793 1.02124 3.67877
67 3.325 0.603481 4.8795 1.00899 3.82339
68 3.375 0.474003 4.9495 1.00748 3.97217
69 3.425 0.479991 5.0225 1.00849 4.12555
70 3.475 0.498215 5.1005 1.02416 4.28589
71 3.525 0.428314 5.1695 1.03664 4.45289
72 3.575 0.50996 5.254 1.05067 4.62699
73 3.625 0.519469 5.3425 1.0685 4.80902
74 3.675 0.576818 5.4435 1.08823 4.99957
75 3.725 0.575334 5.547 1.1092 5.19911
76 3.775 0.646795 5.6665 1.12618 5.40718
77 3.825 0.690623 5.7975 1.14448 5.62427
78 3.875 0.734557 5.9405 1.1616 5.8504
79 3.925 0.778546 6.096 1.18018 6.08612
80 3.975 0.878681 6.276 1.19833 6.3316
81 4.025 0.87365 6.4595 1.2126 6.5863
82 4.075 1.00795 6.6765 1.2265 6.85035
83 4.125 1.12192 6.924 1.23951 7.12379
84 4.175 1.21026 7.1975 1.2458 7.40532
85 4.225 1.25092 7.487 1.25018 7.69465
86 4.275 1.25981 7.7855 1.25141 7.99116
87 4.325 1.30508 8.102 1.24712 8.2936
88 4.375 1.49705 8.4735 1.24501 8.60256
89 4.425 1.42402 8.835 1.24048 8.91747
90 4.475 1.46748 9.216 1.22469 9.23543
91 4.525 1.48609 9.6105 1.2088 9.55632
92 4.575 1.55697 10.033 1.1923 9.87986
93 4.625 1.53971 10.46 1.16951 10.2042
94 4.675 1.38873 10.8535 1.14446 10.5285
95 4.725 1.43031 11.2675 1.12028 10.8527
96 4.775 1.40052 11.6815 1.09831 11.1774
97 4.825 1.34845 12.0885 1.07106 11.5007
98 4.875 1.41992 12.526 1.04718 11.8233
99 4.925 1.32128 12.9415 1.02721 12.1464
100 4.975 1.33381 13.3695 1.00357 12.4684
101 5.025 1.17757 13.755 0.982887 12.7902
102 5.075 1.27278 14.18 0.96054 13.1109
103 5.125 1.18199 14.5825 0.945905 13.433
104 5.175 1.04549 14.9455 0.930447 13.7561
105 5.225 1.11316 15.3395 0.912302 14.079
106 5.275 1.03534 15.713 0.899153 14.4033
107 5.325 0.975182 16.0715 0.887099 14.7295
108 5.375 0.970473 16.435 0.873111 15.0565
109 5.425 0.902871 16.7795 0.860448 15.3848
110 5.475 0.853004 17.111 0.847246 15.7141
111 5.525 0.87301 17.4565 0.832874 16.0437
112 5.575 0.8264 17.7895 0.822173 16.375
113 5.625 0.843465 18.1355 0.811542 16.7079
114 5.675 0.795138 18.4675 0.80649 17.0446
115 5.725 0.79543 18.8055 0.801675 17.3853
116 5.775 0.782872 19.144 0.797542 17.7301
117 5.825 0.771763 19.4835 0.796695 18.0806
118 5.875 0.774326 19.83 0.80101 18.439
119 5.925 0.796467 20.1925 0.802138 18.8041
120 5.975 0.791835 20.559 0.807338 19.1778
121 6.025 0.671443 20.875 0.814526 19.5611
122 6.075 0.765981 21.2415 0.822167 19.9545
123 6.125 0.764834 21.6135 0.830384 20.3584
124 6.175 0.758567 21.9885 0.838904 20.7731
125 6.225 0.741454 22.361 0.847258 21.1988
126 6.275 0.782575 22.7605 0.855089 21.6353
127 6.325 0.868581 23.211 0.864152 22.0835
128 6.375 0.799021 23.632 0.870099 22.5419
129 6.425 0.829609 24.076 0.879429 23.0126
130 6.475 0.841682 24.5335 0.884175 23.4932
131 6.525 0.903111 25.032 0.890375 23.9847
132 6.575 0.84393 25.505 0.895747 24.4867
133 6.625 0.846177 25.9865 0.901341 24.9996
134 6.675 0.800656 26.449 0.903 25.5212
135 6.725 0.915002 26.9855 0.905516 26.0522
136 6.775 0.851974 27.4925 0.905276 26.5909
137 6.825 0.853612 28.008 0.911134 27.1411
138 6.875 0.890197 28.5535 0.909454 27.6984
139 6.925 0.860501 29.0885 0.908093 28.263
140 6.975 0.890222 29.65 0.910529 28.8373
141 7.025 0.901821 30.227 0.910704 29.42
142 7.075 0.891431 30.8055 0.913185 30.0126
143 7.125 0.876684 31.3825 0.913048 30.6135
144 7.175 0.900467 31.9835 0.915493 31.2246
145 7.225 0.89839 32.5915 0.920343 31.8474
146 7.275 0.905758 33.213 0.922451 32.4804
147 7.325 0.912842 33.848 0.92166 33.1215
148 7.375 0.89058 34.476 0.921914 33.7716
149 7.425 0.928293 35.1395 0.918501 34.4281
150 7.475 0.878645 35.776 0.911537 35.0884
151 7.525 0.958271 36.4795 0.905379 35.7531
152 7.575 0.883156 37.1365 0.900293 36.4229
153 7.625 0.862988 37.787 0.894415 37.097
154 7.675 0.873386 38.454 0.889817 37.7766
155 7.725 0.917696 39.164 0.886625 38.4626
156 7.775 0.850426 39.8305 0.880444 39.1526
157 7.825 0.857229 40.511 0.878466 39.8499
158 7.875 0.894263 41.23 0.876266 40.5545
159 7.925 0.868277 41.937 0.873858 41.266
160 7.975 0.876828 42.66 0.873686 41.9864
161 8.025 0.909053 43.419 0.872397 42.7148
162 8.075 0.886001 44.168 0.871681 43.4517
163 8.125 0.870456 44.913 0.869533 44.1959
164 8.175 0.903122 45.6955 0.870157 44.9499
165 8.225 0.899586 46.4845 0.870511 45.7134
166 8.275 0.89607 47.28 0.870412 46.4861
167 8.325 0.88033 48.071 0.870918 47.2686
168 8.375 0.919336 48.907 0.87204 48.0616
169 8.425 0.87151 49.709 0.87133 48.8635
170 8.475 0.943409 50.5875 0.870922 49.6745
171 8.525 0.941396 51.4745 0.871544 50.4956
172 8.575 0.896882 52.3295 0.872571 51.3275
173 8.625 0.934728 53.231 0.87192 52.1684
174 8.675 0.902973 54.112 0.873628 53.0208
175 8.725 0.89164 54.992 0.872789 53.8821
176 8.775 0.899539 55.89 0.871942 54.7526
177 8.825 0.911163 56.81 0.873121 55.6342
178 8.875 0.946461 57.7765 0.874071 56.5268
179 8.925 0.920393 58.727 0.8748 57.4302
180 8.975 0.929797 59.698 0.874077 58.343
181 9.025 0.928046 60.678 0.876029 59.2681
182 9.075 0.931896 61.673 0.876506 60.2039
183 9.125 0.909206 62.6545 0.877975 61.1517
184 9.175 0.915358 63.6535 0.880396 62.1126
185 9.225 0.909088 64.6565 0.880878 63.0844
186 9.275 0.942351 65.7075 0.881776 64.0679
187 9.325 0.901226 66.7235 0.884816 65.0654
188 9.375 0.93508 67.789 0.887394 66.0765
189 9.425 0.883072 68.806 0.890039 67.1016
190 9.475 0.905136 69.8595 0.893578 68.1416
191 9.525 0.930091 70.9535 0.895661 69.1951
192 9.575 0.879178 71.9985 0.897685 70.2621
193 9.625 0.937924 73.125 0.902044 71.3455
194 9.675 0.911774 74.2315 0.90599 72.445
195 9.725 0.911394 75.349 0.910529 73.5614
196 9.775 0.915414 76.483 0.914866 74.6948
197 9.825 0.9229 77.638 0.920202 75.8464
198 9.875 0.941262 78.828 0.925825 77.0169
199 9.925 0.923581 80.0075 0.934817 78.2107
200 9.975 0.951942 81.2355 0.942764 79.4269
4000000 200
1 0.025 0 0 0 0
2 0.075 0 0 0 0
3 0.125 0 0 0 0
4 0.175 0 0 0 0
5 0.225 0 0 0 0
6 0.275 0 0 0 0
7 0.325 0 0 0 0
8 0.375 0 0 0 0
9 0.425 0 0 0 0
10 0.475 0 0 0 0
11 0.525 0 0 0 0
12 0.575 0 0 0 0
13 0.625 0 0 0 0
14 0.675 0 0 0 0
15 0.725 0 0 0 0
16 0.775 0 0 0 0
17 0.825 0 0 0 0
18 0.875 0 0 0 0
19 0.925 0 0 0 0
20 0.975 0 0 0 0
21 1.025 0 0 0 0
22 1.075 0 0 0 0
23 1.125 0 0 0 0
24 1.175 0 0 0 0
25 1.225 0 0 0 0
26 1.275 0 0 0 0
27 1.325 0 0 0 0
28 1.375 0 0 0 0
29 1.425 0 0 0 0
30 1.475 0 0 0 0
31 1.525 0 0 0 0
32 1.575 0 0 0 0
33 1.625 0 0 0 0
34 1.675 0 0 0 0
35 1.725 0 0 0 0
36 1.775 0 0 0 0
37 1.825 0 0 0 0
38 1.875 0 0 0 0
39 1.925 0 0 0 0
40 1.975 0 0 0 0
41 2.025 0 0 0 0
42 2.075 0 0 0 0
43 2.125 0 0 0 0
44 2.175 0 0 0 0
45 2.225 0 0 0 0
46 2.275 0 0 0 0
47 2.325 0 0 0 0
48 2.375 0.006837 0.0005 6.60124e-05 4.82759e-06
49 2.425 0.13116 0.0105 0.00307547 0.00023931
50 2.475 0.780666 0.0725 0.0491238 0.00414069
51 2.525 2.28041 0.261 0.329416 0.0313703
52 2.575 4.22839 0.6245 1.1421 0.129552
53 2.625 5.8766 1.1495 2.43701 0.347268
54 2.675 5.56736 1.666 3.66344 0.687137
55 2.725 5.37012 2.183 4.28618 1.09978
56 2.775 4.38708 2.621 4.22131 1.52123
57 2.825 3.36333 2.969 3.72059 1.9062
58 2.875 2.84611 3.274 3.06973 2.23516
59 2.925 1.92475 3.4875 2.4602 2.50805
60 2.975 1.44229 3.653 1.97261 2.73441
61 3.025 1.14635 3.789 1.61596 2.92612
62 3.075 0.938074 3.904 1.37754 3.095
63 3.125 0.809568 4.0065 1.21392 3.24869
64 3.175 0.600637 4.085 1.11682 3.39465
65 3.225 0.522829 4.1555 1.05471 3.53687
66 3.275 0.478222 4.222 1.02562 3.67949
67 3.325 0.436041 4.2845 1.00576 3.82365
68 3.375 0.416446 4.346 1.00616 3.97224
69 3.425 0.374787 4.403 1.00959 4.12579
70 3.475 0.367274 4.4605 1.01682 4.28498
71 3.525 0.412796 4.527 1.0348 4.45168
72 3.575 0.464698 4.604 1.05224 4.62604
73 3.625 0.460772 4.6825 1.0666 4.80775
74 3.675 0.491152 4.7685 1.08652 4.998
75 3.725 0.514188 4.861 1.10823 5.19736
76 3.775 0.589963 4.97 1.12369 5.40497
77 3.825 0.64054 5.0915 1.1443 5.62203
78 3.875 0.711442 5.23 1.16287 5.84841
79 3.925 0.771036 5.384 1.18152 6.0844
80 3.975 0.84207 5.5565 1.19582 6.32936
81 4.025 0.897455 5.745 1.21488 6.58453
82 4.075 0.942919 5.948 1.22565 6.8484
83 4.125 1.21484 6.216 1.23796 7.1215
84 4.175 1.19477 6.486 1.24527 7.40291
85 4.225 1.2574 6.777 1.25096 7.69242
86 4.275 1.28303 7.081 1.24943 7.98846
87 4.325 1.45352 7.4335 1.24902 8.29137
88 4.375 1.49504 7.8045 1.24613 8.60061
89 4.425 1.59931 8.2105 1.23843 8.91499
90 4.475 1.59651 8.625 1.22341 9.23262
91 4.525 1.61605 9.054 1.20895 9.55355
92 4.575 1.6362 9.498 1.19298 9.87728
93 4.625 1.60101 9.942 1.16911 10.2015
94 4.675 1.67282 10.416 1.14718 10.5266
95 4.725 1.64797 10.893 1.12728 10.8529
96 4.775 1.62548 11.3735 1.09871 11.1776
97 4.825 1.44287 11.809 1.07512 11.5021
98 4.875 1.35663 12.227 1.05193 11.8263
99 4.925 1.39283 12.665 1.02576 12.1488
100 4.975 1.38367 13.109 1.00107 12.4701
101 5.025 1.28907 13.531 0.982828 12.7918
102 5.075 1.2608 13.952 0.963285 13.1135
103 5.125 1.19227 14.358 0.947499 13.4361
104 5.175 1.10742 14.7425 0.929781 13.7589
105 5.225 1.12447 15.1405 0.915887 14.0831
106 5.275 0.995142 15.4995 0.90095 14.4081
107 5.325 0.986063 15.862 0.885411 14.7336
108 5.375 0.946444 16.2165 0.874389 15.0611
109 5.425 0.883215 16.5535 0.861901 15.39
110 5.475 0.944352 16.9205 0.846951 15.7191
111 5.525 0.828791 17.2485 0.834516 16.0494
112 5.575 0.835086 17.585 0.821387 16.3804
113 5.625 0.858092 17.937 0.813316 16.714
114 5.675 0.84184 18.2885 0.806497 17.0508
115 5.725 0.807197 18.6315 0.800166 17.3908
116 5.775 0.810625 18.982 0.795969 17.7349
117 5.825 0.794496 19.3315 0.797054 18.0856
118 5.875 0.735219 19.6605 0.799125 18.4432
119 5.925 0.807452 20.028 0.803881 18.809
120 5.975 0.808039 20.402 0.806926 19.1825
121 6.025 0.756436 20.758 0.813421 19.5653
122 6.075 0.817185 21.149 0.821041 19.9582
123 6.125 0.794646 21.5355 0.829367 20.3616
124 6.175 0.768681 21.9155 0.838316 20.776
125 6.225 0.808135 22.3215 0.843821 21.1999
126 6.275 0.779637 22.7195 0.854066 21.6359
127 6.325 0.882077 23.177 0.860479 22.0822
128 6.375 0.883478 23.6425 0.870701 22.541
129 6.425 0.830543 24.087 0.877489 23.0106
130 6.475 0.869279 24.5595 0.883742 23.491
131 6.525 0.883182 25.047 0.89058 23.9826
132 6.575 0.892104 25.547 0.895587 24.4845
133 6.625 0.891869 26.0545 0.89993 24.9966
134 6.675 0.901063 26.575 0.904076 25.5188
135 6.725 0.920119 27.1145 0.905445 26.0497
136 6.775 0.866257 27.63 0.908581 26.5904
137 6.825 0.979459 28.2215 0.90814 27.1389
138 6.875 0.970976 28.8165 0.910572 27.6968
139 6.925 0.934488 29.3975 0.908102 28.2614
140 6.975 0.95681 30.001 0.90963 28.8352
141 7.025 0.903384 30.579 0.910447 29.4177
142 7.075 0.973871 31.211 0.911671 30.0093
143 7.125 0.897196 31.8015 0.914285 30.6111
144 7.175 0.960398 32.4425 0.917736 31.2236
145 7.225 0.96045 33.0925 0.919714 31.846
146 7.275 0.983728 33.7675 0.922689 32.4792
147 7.325 0.951656 34.4295 0.923835 33.1218
148 7.375 0.906179 35.0685 0.921342 33.7715
149 7.425 0.947881 35.746 0.917721 34.4274
150 7.475 0.973894 36.4515 0.911384 35.0877
151 7.525 0.912639 37.1215 0.90688 35.7534
152 7.575 0.930876 37.814 0.899083 36.4223
153 7.625 0.868958 38.469 0.895584 37.0973
154 7.675 0.927728 39.1775 0.889002 37.7763
155 7.725 0.902832 39.876 0.885717 38.4615
156 7.775 0.928898 40.604 0.883905 39.1543
157 7.825 0.931552 41.3435 0.879145 39.8522
158 7.875 0.901725 42.0685 0.876497 40.5569
159 7.925 0.933367 42.8285 0.874909 41.2693
160 7.975 0.903509 43.5735 0.873517 41.9895
161 8.025 0.928216 44.3485 0.873852 42.7192
162 8.075 0.95875 45.159 0.872073 43.4564
163 8.125 0.908429 45.9365 0.871532 44.2023
164 8.175 0.931976 46.744 0.870198 44.9563
165 8.225 0.933791 47.563 0.871185 45.7204
166 8.275 0.960839 48.416 0.869126 46.4919
167 8.325 0.95601 49.275 0.871091 47.2746
168 8.375 0.962773 50.1505 0.87063 48.0664
169 8.425 0.965507 51.039 0.870916 48.8678
170 8.475 0.972941 51.945 0.872672 49.6804
171 8.525 0.968991 52.858 0.871214 50.5013
172 8.575 0.955626 53.769 0.872786 51.3333
173 8.625 0.979313 54.7135 0.872205 52.1745
174 8.675 0.985993 55.6755 0.871894 53.0252
175 8.725 0.971685 56.6345 0.873546 53.8874
176 8.775 0.944616 57.5775 0.871454 54.7573
177 8.825 0.938399 58.525 0.872924 55.6387
178 8.875 0.94842 59.4935 0.873565 56.5308
179 8.925 0.946054 60.4705 0.875877 57.4353
180 8.975 0.939851 61.452 0.874462 58.3485
181 9.025 0.92189 62.4255 0.876873 59.2745
182 9.075 0.917379 63.405 0.876395 60.2102
183 9.125 0.919396 64.3975 0.877596 61.1576
184 9.175 0.895658 65.375 0.878815 62.1167
185 9.225 0.891867 66.359 0.882068 63.0899
186 9.275 0.939661 67.407 0.883585 64.0754
187 9.325 0.934047 68.46 0.885792 65.074
188 9.375 0.85478 69.434 0.888411 66.0863
189 9.425 0.892189 70.4615 0.889924 67.1112
190 9.475 0.907284 71.5175 0.892925 68.1505
191 9.525 0.898634 72.5745 0.896003 69.2044
192 9.575 0.903576 73.6485 0.897924 70.2716
193 9.625 0.854664 74.675 0.902255 71.3553
194 9.675 0.901474 75.769 0.906153 72.455
195 9.725 0.872247 76.8385 0.909502 73.5702
196 9.775 0.892004 77.9435 0.9145 74.703
197 9.825 0.899328 79.069 0.921212 75.8559
198 9.875 0.881544 80.1835 0.927306 77.0283
199 9.925 0.855849 81.2765 0.934948 78.2223
200 9.975 0.887601 82.4215 0.942579 79.4382
5000000 200
1 0.025 0 0 0 0
2 0.075 0 0 0 0
3 0.125 0 0 0 0
4 0.175 0 0 0 0
5 0.225 0 0 0 0
6 0.275 0 0 0 0
7 0.325 0 0 0 0
8 0.375 0 0 0 0
9 0.425 0 0 0 0
10 0.475 0 0 0 0
11 0.525 0 0 0 0
12 0.575 0 0 0 0
13 0.625 0 0 0 0
14 0.675 0 0 0 0
15 0.725 0 0 0 0
16 0.775 0 0 0 0
17 0.825 0 0 0 0
18 0.875 0 0 0 0
19 0.925 0 0 0 0
20 0.975 0 0 0 0
21 1.025 0 0 0 0
22 1.075 0 0 0 0
23 1.125 0 0 0 0
24 1.175 0 0 0 0
25 1.225 0 0 0 0
26 1.275 0 0 0 0
27 1.325 0 0 0 0
28 1.375 0 0 0 0
29 1.425 0 0 0 0
30 1.475 0 0 0 0
31 1.525 0 0 0 0
32 1.575 0 0 0 0
33 1.625 0 0 0 0
34 1.675 0 0 0 0
35 1.725 0 0 0 0
36 1.775 0 0 0 0
37 1.825 0 0 0 0
38 1.875 0 0 0 0
39 1.925 0 0 0 0
40 1.975 0 0 0 0
41 2.025 0 0 0 0
42 2.075 0 0 0 0
43 2.125 0 0 0 0
44 2.175 0 0 0 0
45 2.225 0 0 0 0
46 2.275 0 0 0 0
47 2.325 0 0 0 0
48 2.375 0.013674 0.001 6.60124e-05 4.82759e-06
49 2.425 0.222971 0.018 0.00313878 0.000244138
50 2.475 1.08916 0.1045 0.0490543 0.00414
51 2.525 3.18169 0.3675 0.330091 0.0314255
52 2.575 5.58357 0.8475 1.14517 0.129872
53 2.625 7.32617 1.502 2.43669 0.347559
54 2.675 7.58303 2.2055 3.65544 0.686685
55 2.725 7.09957 2.889 4.27622 1.09837
56 2.775 6.08482 3.4965 4.21781 1.51947
57 2.825 4.51344 3.9635 3.71348 1.9037
58 2.875 3.49465 4.338 3.06879 2.23256
59 2.925 2.57835 4.624 2.45552 2.50494
60 2.975 1.92596 4.845 1.96866 2.73084
61 3.025 1.73638 5.051 1.61934 2.92295
62 3.075 1.19095 5.197 1.37589 3.09163
63 3.125 0.999126 5.3235 1.21574 3.24555
64 3.175 0.88374 5.439 1.11422 3.39117
65 3.225 0.693398 5.5325 1.05263 3.53311
66 3.275 0.640026 5.6215 1.02144 3.67515
67 3.325 0.579063 5.7045 1.01033 3.81997
68 3.375 0.551875 5.786 1.00399 3.96823
69 3.425 0.549031 5.8695 1.01547 4.12267
70 3.475 0.488633 5.946 1.01625 4.28178
71 3.525 0.490389 6.025 1.0307 4.44782
72 3.575 0.579363 6.121 1.04911 4.62166
73 3.625 0.569361 6.218 1.07086 4.80409
74 3.675 0.63964 6.33 1.08883 4.99475
75 3.725 0.692069 6.4545 1.11121 5.19465
76 3.775 0.595376 6.5645 1.12673 5.40282
77 3.825 0.709075 6.699 1.1461 5.62022
78 3.875 0.742262 6.8435 1.16485 5.84698
79 3.925 0.811089 7.0055 1.18353 6.08337
80 3.975 0.839629 7.1775 1.20092 6.32938
81 4.025 0.930783 7.373 1.21279 6.58411
82 4.075 1.01491 7.5915 1.22225 6.84725
83 4.125 0.947397 7.8005 1.23704 7.12015
84 4.175 1.12618 8.055 1.24634 7.4018
85 4.225 1.1537 8.322 1.24935 7.69094
86 4.275 1.1332 8.5905 1.25358 7.98796
87 4.325 1.35043 8.918 1.25578 8.29251
88 4.375 1.28348 9.2365 1.24607 8.60172
89 4.425 1.31372 9.57 1.23978 8.91645
90 4.475 1.47134 9.952 1.22867 9.23545
91 4.525 1.4616 10.34 1.20872 9.55632
92 4.575 1.47221 10.7395 1.18859 9.87885
93 4.625 1.46399 11.1455 1.17163 10.2038
94 4.675 1.47342 11.563 1.14485 10.5282
95 4.725 1.40786 11.9705 1.12369 10.8534
96 4.775 1.39883 12.384 1.09689 11.1777
97 4.825 1.37992 12.8005 1.07386 11.5018
98 4.875 1.38097 13.226 1.04939 11.8251
99 4.925 1.44689 13.681 1.0233 12.1469
100 4.975 1.31043 14.1015 1.00205 12.4685
101 5.025 1.20659 14.4965 0.984547 12.7908
102 5.075 1.22037 14.904 0.963527 13.1125
103 5.125 1.24806 15.329 0.943629 13.4338
104 5.175 1.1751 15.737 0.929102 13.7564
105 5.225 1.0835 16.1205 0.916349 14.0808
106 5.275 1.04088 16.496 0.900036 14.4055
107 5.325 0.972462 16.8535 0.885683 14.731
108 5.375 0.930426 17.202 0.87348 15.0582
109 5.425 0.935631 17.559 0.857433 15.3854
110 5.475 0.836279 17.884 0.845755 15.7141
111 5.525 0.765621 18.187 0.835166 16.0446
112 5.575 0.842531 18.5265 0.820073 16.375
113 5.625 0.748392 18.8335 0.813033 16.7086
114 5.675 0.767595 19.154 0.805704 17.045
115 5.725 0.729536 19.464 0.799275 17.3846
116 5.775 0.796749 19.8085 0.794203 17.728
117 5.825 0.709249 20.1205 0.794402 18.0775
118 5.875 0.763152 20.462 0.798382 18.4347
119 5.925 0.763509 20.8095 0.801666 18.7996
120 5.975 0.793995 21.177 0.809161 19.1741
121 6.025 0.741562 21.526 0.811903 19.5562
122 6.075 0.778521 21.8985 0.821984 19.9495
123 6.125 0.703154 22.2405 0.829272 20.3528
124 6.175 0.776772 22.6245 0.837116 20.7667
125 6.225 0.756382 23.0045 0.843745 21.1906
126 6.275 0.748294 23.3865 0.856514 21.6278
127 6.325 0.744223 23.7725 0.865059 22.0765
128 6.375 0.748727 24.167 0.873473 22.5367
129 6.425 0.762343 24.575 0.878333 23.0068
130 6.475 0.805807 25.013 0.885467 23.4881
131 6.525 0.720133 25.4105 0.891768 23.9803
132 6.575 0.79308 25.855 0.895678 24.4823
133 6.625 0.762702 26.289 0.901163 24.9951
134 6.675 0.826623 26.7665 0.902944 25.5167
135 6.725 0.812672 27.243 0.90381 26.0466
136 6.775 0.809123 27.7245 0.907895 26.5869
137 6.825 0.837881 28.2305 0.908063 27.1353
138 6.875 0.789836 28.7145 0.911205 27.6937
139 6.925 0.879802 29.2615 0.912203 28.2608
140 6.975 0.844244 29.794 0.910945 28.8354
141 7.025 0.830707 30.3255 0.912541 29.4193
142 7.075 0.87448 30.893 0.91336 30.012
143 7.125 0.819707 31.4325 0.914504 30.6139
144 7.175 0.824055 31.9825 0.918318 31.2268
145 7.225 0.829681 32.544 0.921552 31.8505
146 7.275 0.891185 33.1555 0.923841 32.4844
147 7.325 0.76765 33.6895 0.922375 33.126
148 7.375 0.801238 34.2545 0.924676 33.7781
149 7.425 0.847846 34.8605 0.919217 34.4351
150 7.475 0.880025 35.498 0.913406 35.0967
151 7.525 0.853386 36.1245 0.906707 35.7624
152 7.575 0.805191 36.7235 0.899551 36.4316
153 7.625 0.817882 37.34 0.894638 37.1059
154 7.675 0.803332 37.9535 0.890491 37.786
155 7.725 0.819464 38.5875 0.885626 38.4712
156 7.775 0.85234 39.2555 0.88228 39.1627
157 7.825 0.847151 39.928 0.878655 39.8602
158 7.875 0.857572 40.6175 0.878163 40.5662
159 7.925 0.833276 41.296 0.873627 41.2776
160 7.975 0.865307 42.0095 0.872343 41.9969
161 8.025 0.84797 42.7175 0.871101 42.7242
162 8.075 0.884227 43.465 0.870768 43.4603
163 8.125 0.869872 44.2095 0.870483 44.2053
164 8.175 0.83041 44.929 0.870597 44.9597
165 8.225 0.85341 45.6775 0.871278 45.7238
166 8.275 0.899449 46.476 0.870007 46.4962
167 8.325 0.908154 47.292 0.87018 47.2781
168 8.375 0.862702 48.0765 0.871438 48.0705
169 8.425 0.92367 48.9265 0.871821 48.8728
170 8.475 0.91871 49.782 0.871052 49.6839
171 8.525 0.897882 50.628 0.870106 50.5038
172 8.575 0.906323 51.492 0.871258 51.3343
173 8.625 0.885477 52.346 0.872179 52.1755
174 8.675 0.894773 53.219 0.871945 53.0262
175 8.725 0.915957 54.123 0.871032 53.8859
176 8.775 0.882009 55.0035 0.871148 54.7555
177 8.825 0.91661 55.929 0.872047 55.6361
178 8.875 0.90827 56.8565 0.872923 56.5275
179 8.925 0.929108 57.816 0.874727 57.4308
180 8.975 0.960918 58.8195 0.875021 58.3446
181 9.025 0.935622 59.8075 0.877366 59.2711
182 9.075 0.940326 60.8115 0.87566 60.206
183 9.125 0.929586 61.815 0.879354 61.1553
184 9.175 0.950177 62.852 0.880221 62.116
185 9.225 0.929481 63.8775 0.880731 63.0877
186 9.275 0.9029 64.8845 0.884195 64.0738
187 9.325 0.963319 65.9705 0.884098 65.0705
188 9.375 0.979837 67.087 0.887112 66.0813
189 9.425 0.93821 68.1675 0.889981 67.1063
190 9.475 0.933919 69.2545 0.894212 68.1471
191 9.525 0.934341 70.3535 0.895544 69.2004
192 9.575 0.962047 71.497 0.899636 70.2698
193 9.625 0.917109 72.5985 0.90188 71.353
194 9.675 0.937319 73.736 0.905272 72.4516
195 9.725 0.991727 74.952 0.909716 73.567
196 9.775 0.940438 76.117 0.915094 74.7006
197 9.825 0.989221 77.355 0.920953 75.8532
198 9.875 0.942844 78.547 0.926119 77.024
199 9.925 0.947463 79.757 0.933181 78.2158
200 9.975 0.986051 81.029 0.942649 79.4318
6000000 200
1 0.025 0 0 0 0
2 0.075 0 0 0 0
3 0.125 0 0 0 0
4 0.175 0 0 0 0
5 0.225 0 0 0 0
6 0.275 0 0 0 0
7 0.325 0 0 0 0
8 0.375 0 0 0 0
9 0.425 0 0 0 0
10 0.475 0 0 0 0
11 0.525 0 0 0 0
12 0.575 0 0 0 0
13 0.625 0 0 0 0
14 0.675 0 0 0 0
15 0.725 0 0 0 0
16 0.775 0 0 0 0
17 0.825 0 0 0 0
18 0.875 0 0 0 0
19 0.925 0 0 0 0
20 0.975 0 0 0 0
21 1.025 0 0 0 0
22 1.075 0 0 0 0
23 1.125 0 0 0 0
24 1.175 0 0 0 0
25 1.225 0 0 0 0
26 1.275 0 0 0 0
27 1.325 0 0 0 0
28 1.375 0 0 0 0
29 1.425 0 0 0 0
30 1.475 0 0 0 0
31 1.525 0 0 0 0
32 1.575 0 0 0 0
33 1.625 0 0 0 0
34 1.675 0 0 0 0
35 1.725 0 0 0 0
36 1.775 0 0 0 0
37 1.825 0 0 0 0
38 1.875 0 0 0 0
39 1.925 0 0 0 0
40 1.975 0 0 0 0
41 2.025 0 0 0 0
42 2.075 0 0 0 0
43 2.125 0 0 0 0
44 2.175 0 0 0 0
45 2.225 0 0 0 0
46 2.275 0 0 0 0
47 2.325 0 0 0 0
48 2.375 0.013674 0.001 7.54428e-05 5.51724e-06
49 2.425 0.157391 0.013 0.00306642 0.00023931
50 2.475 0.988424 0.0915 0.049888 0.00420138
51 2.525 2.63729 0.3095 0.329441 0.0314331
52 2.575 4.50757 0.697 1.15083 0.130366
53 2.625 6.38591 1.2675 2.4393 0.348287
54 2.675 6.88778 1.9065 3.66351 0.688161
55 2.725 6.40883 2.5235 4.28351 1.10055
56 2.775 5.44378 3.067 4.21686 1.52156
57 2.825 4.24283 3.506 3.7176 1.90621
58 2.875 3.38734 3.869 3.0637 2.23453
59 2.925 2.56934 4.154 2.45673 2.50704
60 2.975 1.96518 4.3795 1.97688 2.73388
61 3.025 1.61416 4.571 1.6207 2.92616
62 3.075 1.17871 4.7155 1.37375 3.09457
63 3.125 1.05836 4.8495 1.21401 3.24827
64 3.175 0.864611 4.9625 1.11363 3.39382
65 3.225 0.723062 5.06 1.05181 3.53565
66 3.275 0.672387 5.1535 1.02008 3.6775
67 3.325 0.586039 5.2375 1.00854 3.82206
68 3.375 0.524789 5.315 1.00264 3.97012
69 3.425 0.539168 5.397 1.0105 4.12381
70 3.475 0.539732 5.4815 1.01747 4.2831
71 3.525 0.515219 5.5645 1.0304 4.4491
72 3.575 0.579363 5.6605 1.05345 4.62365
73 3.625 0.542947 5.753 1.06691 4.80542
74 3.675 0.653918 5.8675 1.08389 4.99521
75 3.725 0.664275 5.987 1.10502 5.194
76 3.775 0.665739 6.11 1.12469 5.40179
77 3.825 0.687987 6.2405 1.14117 5.61825
78 3.875 0.690895 6.375 1.16268 5.8446
79 3.925 0.756015 6.526 1.17923 6.08012
80 3.975 0.859155 6.702 1.19843 6.32563
81 4.025 0.895075 6.89 1.21011 6.5798
82 4.075 1.05207 7.1165 1.22664 6.84388
83 4.125 1.16045 7.3725 1.23887 7.11718
84 4.175 1.10406 7.622 1.24577 7.3987
85 4.225 1.23363 7.9075 1.25515 7.68918
86 4.275 1.38643 8.236 1.25975 7.98767
87 4.325 1.51537 8.6035 1.25285 8.2915
88 4.375 1.39429 8.9495 1.2463 8.60078
89 4.425 1.45553 9.319 1.24014 8.9156
90 4.475 1.48674 9.705 1.22415 9.23342
91 4.525 1.4729 10.096 1.20925 9.55443
92 4.575 1.32296 10.455 1.18888 9.87704
93 4.625 1.42252 10.8495 1.16789 10.2009
94 4.675 1.42225 11.2525 1.14787 10.5262
95 4.725 1.47005 11.678 1.12358 10.8514
96 4.775 1.35147 12.0775 1.10174 11.1771
97 4.825 1.39649 12.499 1.07189 11.5006
98 4.875 1.37935 12.924 1.04769 11.8234
99 4.925 1.22588 13.3095 1.02355 12.1453
100 4.975 1.27927 13.72 1.00329 12.4672
101 5.025 1.19437 14.111 0.983369 12.7892
102 5.075 1.23684 14.524 0.96458 13.1112
103 5.125 1.17318 14.9235 0.944093 13.4327
104 5.175 1.09878 15.305 0.929988 13.7556
105 5.225 1.03547 15.6715 0.91757 14.0804
106 5.275 0.943861 16.012 0.902615 14.406
107 5.325 1.05271 16.399 0.885921 14.7317
108 5.375 0.966468 16.761 0.872833 15.0586
109 5.425 0.925148 17.114 0.859799 15.3867
110 5.475 0.845285 17.4425 0.846637 15.7157
111 5.525 0.845216 17.777 0.832454 16.0452
112 5.575 0.792898 18.0965 0.822296 16.3765
113 5.625 0.815431 18.431 0.813139 16.7101
114 5.675 0.797533 18.764 0.805867 17.0466
115 5.725 0.740126 19.0785 0.800078 17.3865
116 5.775 0.773621 19.413 0.797797 17.7315
117 5.825 0.781993 19.757 0.79417 18.0809
118 5.875 0.767622 20.1005 0.80097 18.4393
119 5.925 0.760214 20.4465 0.800861 18.8038
120 5.975 0.828564 20.83 0.807542 19.1775
121 6.025 0.789371 21.2015 0.812965 19.5601
122 6.075 0.771206 21.5705 0.822704 19.9538
123 6.125 0.791562 21.9555 0.828962 20.357
124 6.175 0.798012 22.35 0.83719 20.7708
125 6.225 0.808135 22.756 0.847294 21.1965
126 6.275 0.792369 23.1605 0.852899 21.6319
127 6.325 0.811704 23.5815 0.859955 22.0779
128 6.375 0.841724 24.025 0.86949 22.5361
129 6.425 0.869781 24.4905 0.877673 23.0058
130 6.475 0.782811 24.916 0.887136 23.488
131 6.525 0.901299 25.4135 0.891358 23.98
132 6.575 0.846606 25.888 0.895548 24.4819
133 6.625 0.866387 26.381 0.897353 24.9926
134 6.675 0.870768 26.884 0.901354 25.5132
135 6.725 0.886008 27.4035 0.908029 26.0456
136 6.775 0.906588 27.943 0.910158 26.5873
137 6.825 0.904116 28.489 0.907221 27.1351
138 6.875 0.880406 29.0285 0.910511 27.6931
139 6.925 0.894277 29.5845 0.911325 28.2597
140 6.975 0.908455 30.1575 0.910693 28.8341
141 7.025 0.914324 30.7425 0.912212 29.4178
142 7.075 0.943822 31.355 0.913427 30.0105
143 7.125 0.883521 31.9365 0.915243 30.6129
144 7.175 0.881738 32.525 0.916831 31.2248
145 7.225 0.913905 33.1435 0.918806 31.8466
146 7.275 0.878068 33.746 0.920263 32.4781
147 7.325 0.905654 34.376 0.923206 33.1203
148 7.375 0.898379 35.0095 0.923609 33.7716
149 7.425 0.935289 35.678 0.919238 34.4286
150 7.475 0.893829 36.3255 0.910528 35.0882
151 7.525 0.866326 36.9615 0.90709 35.7542
152 7.575 0.912729 37.6405 0.900062 36.4237
153 7.625 0.961824 38.3655 0.893968 37.0976
154 7.675 0.896956 39.0505 0.892016 37.7788
155 7.725 0.879566 39.731 0.886795 38.4649
156 7.775 0.869566 40.4125 0.882983 39.1569
157 7.825 0.888092 41.1175 0.878531 39.8543
158 7.875 0.850731 41.8015 0.876041 40.5587
159 7.925 0.898366 42.533 0.876179 41.2721
160 7.975 0.910179 43.2835 0.873138 41.9921
161 8.025 0.900669 44.0355 0.872977 42.7209
162 8.075 0.886593 44.785 0.87178 43.4579
163 8.125 0.88214 45.54 0.871751 44.204
164 8.175 0.837912 46.266 0.871021 44.9587
165 8.225 0.877923 47.036 0.87196 45.7235
166 8.275 0.900575 47.8355 0.870546 46.4963
167 8.325 0.887008 48.6325 0.869508 47.2776
168 8.375 0.912738 49.4625 0.871946 48.0705
169 8.425 0.929646 50.318 0.870989 48.872
170 8.475 0.910118 51.1655 0.870537 49.6827
171 8.525 0.906373 52.0195 0.872357 50.5046
172 8.575 0.922583 52.899 0.870926 51.3349
173 8.625 0.939912 53.8055 0.873169 52.177
174 8.675 0.937821 54.7205 0.871868 53.0277
175 8.725 0.908358 55.617 0.87139 53.8877
176 8.775 0.932595 56.548 0.872586 54.7588
177 8.825 0.916115 57.473 0.873702 55.6409
178 8.875 0.919042 58.4115 0.873584 56.533
179 8.925 0.960579 59.4035 0.873524 57.4351
180 8.975 0.926445 60.371 0.875259 58.3492
181 9.025 0.955035 61.3795 0.875911 59.2741
182 9.075 0.908014 62.349 0.87623 60.2097
183 9.125 0.900869 63.3215 0.877364 61.1568
184 9.175 0.925437 64.3315 0.87868 62.1158
185 9.225 0.945343 65.3745 0.880676 63.0874
186 9.275 0.968353 66.4545 0.88206 64.0712
187 9.325 0.900339 67.4695 0.884121 65.0679
188 9.375 0.874965 68.4665 0.886817 66.0784
189 9.425 0.909121 69.5135 0.888831 67.102
190 9.475 0.946377 70.615 0.891506 68.1397
191 9.525 0.917763 71.6945 0.895204 69.1926
192 9.575 0.91872 72.7865 0.900177 70.2626
193 9.625 0.929182 73.9025 0.902827 71.3469
194 9.675 0.917543 75.016 0.905271 72.4456
195 9.725 0.921997 76.1465 0.910902 73.5624
196 9.775 0.906534 77.2695 0.915483 74.6965
197 9.825 0.915309 78.415 0.921225 75.8494
198 9.875 0.958664 79.627 0.926643 77.021
199 9.925 0.92867 80.813 0.934312 78.2142
200 9.975 0.977911 82.0745 0.941168 79.4283
7000000 200
1 0.025 0 0 0 0
2 0.075 0 0 0 0
3 0.125 0 0 0 0
4 0.175 0 0 0 0
5 0.225 0 0 0 0
6 0.275 0 0 0 0
7 0.325 0 0 0 0
8 0.375 0 0 0 0
9 0.425 0 0 0 0
10 0.475 0 0 0 0
11 0.525 0 0 0 0
12 0.575 0 0 0 0
13 0.625 0 0 0 0
14 0.675 0 0 0 0
15 0.725 0 0 0 0
16 0.775 0 0 0 0
17 0.825 0 0 0 0
18 0.875 0 0 0 0
19 0.925 0 0 0 0
20 0.975 0 0 0 0
21 1.025 0 0 0 0
22 1.075 0 0 0 0
23 1.125 0 0 0 0
24 1.175 0 0 0 0
25 1.225 0 0 0 0
26 1.275 0 0 0 0
27 1.325 0 0 0 0
28 1.375 0 0 0 0
29 1.425 0 0 0 0
30 1.475 0 0 0 0
31 1.525 0 0 0 0
32 1.575 0 0 0 0
33 1.625 0 0 0 0
34 1.675 0 0 0 0
35 1.725 0 0 0 0
36 1.775 0 0 0 0
37 1.825 0 0 0 0
38 1.875 0 0 0 0
39 1.925 0 0 0 0
40 1.975 0 0 0 0
41 2.025 0 0 0 0
42 2.075 0 0 0 0
43 2.125 0 0 0 0
44 2.175 0 0 0 0
45 2.225 0 0 0 0
46 2.275 0 0 0 0
47 2.325 0 0 0 0
48 2.375 0.006837 0.0005 9.43035e-05 6.89655e-06
49 2.425 0.157391 0.0125 0.00328351 0.000257241
50 2.475 0.938059 0.087 0.0508866 0.00429862
51 2.525 2.40139 0.2855 0.333437 0.0318607
52 2.575 4.72277 0.6915 1.14535 0.130322
53 2.625 6.38031 1.2615 2.44088 0.348383
54 2.675 6.83389 1.8955 3.65422 0.687397
55 2.725 6.39844 2.5115 4.27838 1.09929
56 2.775 5.37367 3.048 4.21839 1.52045
57 2.825 4.17034 3.4795 3.72168 1.90553
58 2.875 3.15872 3.818 3.07239 2.23478
59 2.925 2.35297 4.079 2.46338 2.50802
60 2.975 1.82574 4.2885 1.98501 2.7358
61 3.025 1.49194 4.4655 1.6154 2.92745
62 3.075 1.12569 4.6035 1.37368 3.09585
63 3.125 0.928042 4.721 1.2147 3.24964
64 3.175 0.753666 4.8195 1.11435 3.39528
65 3.225 0.656318 4.908 1.05462 3.53749
66 3.275 0.553731 4.985 1.02252 3.67968
67 3.325 0.523249 5.06 1.00682 3.82399
68 3.375 0.497704 5.1335 1.00217 3.97199
69 3.425 0.417526 5.197 1.01032 4.12565
70 3.475 0.456697 5.2685 1.02045 4.28541
71 3.525 0.521426 5.3525 1.03403 4.45199
72 3.575 0.482803 5.4325 1.05352 4.62656
73 3.625 0.595775 5.534 1.06867 4.80862
74 3.675 0.536841 5.628 1.08746 4.99903
75 3.725 0.611466 5.738 1.10304 5.19747
76 3.775 0.690095 5.8655 1.1241 5.40515
77 3.825 0.624724 5.984 1.14475 5.62229
78 3.875 0.701168 6.1205 1.16493 5.84907
79 3.925 0.846136 6.2895 1.17755 6.08427
80 3.975 0.881122 6.47 1.19724 6.32953
81 4.025 1.0022 6.6805 1.21374 6.58446
82 4.075 0.996335 6.895 1.22497 6.84818
83 4.125 1.28511 7.1785 1.23659 7.12098
84 4.175 1.24123 7.459 1.2478 7.40296
85 4.225 1.26388 7.7515 1.25109 7.6925
86 4.275 1.28725 8.0565 1.25449 7.98974
87 4.325 1.42672 8.4025 1.25076 8.29307
88 4.375 1.34795 8.737 1.2444 8.60187
89 4.425 1.43978 9.1025 1.2343 8.91521
90 4.475 1.454 9.48 1.22545 9.23337
91 4.525 1.50869 9.8805 1.20785 9.55401
92 4.575 1.47221 10.28 1.1923 9.87755
93 4.625 1.46399 10.686 1.1692 10.2018
94 4.675 1.44872 11.0965 1.14423 10.526
95 4.725 1.43895 11.513 1.12493 10.8516
96 4.775 1.29565 11.896 1.09918 11.1765
97 4.825 1.39815 12.318 1.07415 11.5008
98 4.875 1.37611 12.742 1.04944 11.8241
99 4.925 1.19249 13.117 1.02704 12.1471
100 4.975 1.27615 13.5265 1.00528 12.4697
101 5.025 1.24019 13.9325 0.984339 12.7919
102 5.075 1.09459 14.298 0.962201 13.1132
103 5.125 1.0983 14.672 0.946197 13.4354
104 5.175 1.17078 15.0785 0.928653 13.7578
105 5.225 1.05948 15.4535 0.915994 14.082
106 5.275 1.00762 15.817 0.901772 14.4074
107 5.325 0.972462 16.1745 0.88877 14.7341
108 5.375 0.946444 16.529 0.874735 15.0617
109 5.425 0.946114 16.89 0.858986 15.3895
110 5.475 0.925053 17.2495 0.847826 15.719
111 5.525 0.891961 17.6025 0.833378 16.0488
112 5.575 0.847495 17.944 0.823587 16.3807
113 5.625 0.786178 18.2665 0.812174 16.7138
114 5.675 0.783163 18.5935 0.804141 17.0496
115 5.725 0.758953 18.916 0.797144 17.3883
116 5.775 0.803687 19.2635 0.798854 17.7337
117 5.825 0.713796 19.5775 0.798428 18.0849
118 5.875 0.758683 19.917 0.799194 18.4426
119 5.925 0.773397 20.269 0.803784 18.8084
120 5.975 0.802637 20.6405 0.806668 19.1818
121 6.025 0.813806 21.0235 0.815953 19.5658
122 6.075 0.749261 21.382 0.820408 19.9583
123 6.125 0.803898 21.773 0.828794 20.3614
124 6.175 0.773738 22.1555 0.838944 20.7762
125 6.225 0.794202 22.5545 0.847039 21.2017
126 6.275 0.806082 22.966 0.854143 21.6377
127 6.325 0.852193 23.408 0.862659 22.0852
128 6.375 0.861652 23.862 0.871075 22.5441
129 6.425 0.831477 24.307 0.875974 23.013
130 6.475 0.882157 24.7865 0.884389 23.4937
131 6.525 0.810716 25.234 0.890844 23.9854
132 6.575 0.859096 25.7155 0.894106 24.4865
133 6.625 0.862872 26.2065 0.899582 24.9984
134 6.675 0.845666 26.695 0.903743 25.5205
135 6.725 0.88345 27.213 0.90627 26.0518
136 6.775 0.878861 27.736 0.905594 26.5907
137 6.825 0.890869 28.274 0.908395 27.1393
138 6.875 0.951393 28.857 0.909691 27.6968
139 6.925 0.862913 29.3935 0.909944 28.2625
140 6.975 0.84583 29.927 0.909464 28.8362
141 7.025 0.875251 30.487 0.910196 29.4185
142 7.075 0.870628 31.052 0.9124 30.0106
143 7.125 0.868328 31.6235 0.914878 30.6128
144 7.175 0.92369 32.24 0.914838 31.2234
145 7.225 0.928681 32.8685 0.919773 31.8458
146 7.275 0.880983 33.473 0.921982 32.4785
147 7.325 0.884091 34.088 0.923998 33.1212
148 7.375 0.969285 34.7715 0.921407 33.771
149 7.425 0.875128 35.397 0.916718 34.4262
150 7.475 0.911775 36.0575 0.911814 35.0867
151 7.525 0.873818 36.699 0.908317 35.7535
152 7.575 0.913401 37.3785 0.899902 36.423
153 7.625 0.898145 38.0555 0.892952 37.0961
154 7.675 0.869458 38.7195 0.890453 37.7761
155 7.725 0.891845 39.4095 0.884636 38.4605
156 7.775 0.889981 40.107 0.883908 39.1533
157 7.825 0.875495 40.802 0.879534 39.8515
158 7.875 0.856328 41.4905 0.87608 40.5559
159 7.925 0.87319 42.2015 0.874509 41.2679
160 7.975 0.861062 42.9115 0.874039 41.9886
161 8.025 0.865936 43.6345 0.871274 42.7161
162 8.075 0.901379 44.3965 0.870889 43.4523
163 8.125 0.909014 45.1745 0.871146 44.1979
164 8.175 0.931399 45.9815 0.870635 44.9523
165 8.225 0.938352 46.8045 0.8703 45.7156
166 8.275 0.916345 47.618 0.870863 46.4887
167 8.325 0.921509 48.446 0.870465 47.2708
168 8.375 0.920985 49.2835 0.871772 48.0636
169 8.425 0.919323 50.1295 0.871228 48.8653
170 8.475 0.905286 50.9725 0.870813 49.6762
171 8.525 0.916986 51.8365 0.871588 50.4974
172 8.575 0.948807 52.741 0.872839 51.3295
173 8.625 0.930062 53.638 0.871523 52.1701
174 8.675 0.964469 54.579 0.871885 53.0207
175 8.725 0.874922 55.4425 0.873465 53.8828
176 8.775 0.897535 56.3385 0.872945 54.7543
177 8.825 0.922553 57.27 0.872573 55.6353
178 8.875 0.930303 58.22 0.874383 56.5282
179 8.925 0.917972 59.168 0.874292 57.4311
180 8.975 0.914955 60.1235 0.874625 58.3445
181 9.025 0.920943 61.096 0.874794 59.2682
182 9.075 0.918316 62.0765 0.876491 60.2041
183 9.125 0.89948 63.0475 0.877979 61.1519
184 9.175 0.924063 64.056 0.880299 62.1126
185 9.225 0.88235 65.0295 0.881297 63.0849
186 9.275 0.909176 66.0435 0.882797 64.0695
187 9.325 0.906105 67.065 0.885873 65.0682
188 9.375 0.912701 68.105 0.888476 66.0806
189 9.425 0.902609 69.1445 0.888915 67.1043
190 9.475 0.885375 70.175 0.893127 68.1438
191 9.525 0.906711 71.2415 0.895824 69.1975
192 9.575 0.897687 72.3085 0.89915 70.2663
193 9.625 0.878393 73.3635 0.901965 71.3496
194 9.675 0.878814 74.43 0.905932 72.449
195 9.725 0.924851 75.564 0.909122 73.5637
196 9.775 0.925101 76.71 0.916791 74.6994
197 9.825 0.935685 77.881 0.922419 75.8538
198 9.875 0.922674 79.0475 0.927773 77.0268
199 9.925 0.940024 80.248 0.935074 78.2209
200 9.975 0.969384 81.4985 0.94177 79.4358
8000000 200
1 0.025 0 0 0 0
2 0.075 0 0 0 0
3 0.125 0 0 0 0
4 0.175 0 0 0 0
5 0.225 0 0 0 0
6 0.275 0 0 0 0
7 0.325 0 0 0 0
8 0.375 0 0 0 0
9 0.425 0 0 0 0
10 0.475 0 0 0 0
11 0.525 0 0 0 0
12 0.575 0 0 0 0
13 0.625 0 0 0 0
14 0.675 0 0 0 0
15 0.725 0 0 0 0
16 0.775 0 0 0 0
17 0.825 0 0 0 0
18 0.875 0 0 0 0
19 0.925 0 0 0 0
20 0.975 0 0 0 0
21 1.025 0 0 0 0
22 1.075 0 0 0 0
23 1.125 0 0 0 0
24 1.175 0 0 0 0
25 1.225 0 0 0 0
26 1.275 0 0 0 0
27 1.325 0 0 0 0
28 1.375 0 0 0 0
29 1.425 0 0 0 0
30 1.475 0 0 0 0
31 1.525 0 0 0 0
32 1.575 0 0 0 0
33 1.625 0 0 0 0
34 1.675 0 0 0 0
35 1.725 0 0 0 0
36 1.775 0 0 0 0
37 1.825 0 0 0 0
38 1.875 0 0 0 0
39 1.925 0 0 0 0
40 1.975 0 0 0 0
41 2.025 0 0 0 0
42 2.075 0 0 0 0
43 2.125 0 0 0 0
44 2.175 0 0 0 0
45 2.225 0 0 0 0
46 2.275 0 0 0 0
47 2.325 0 0 0 0
48 2.375 0 0 5.65821e-05 4.13793e-06
49 2.425 0.183623 0.014 0.00291265 0.000226207
50 2.475 0.982129 0.092 0.0488459 0.00410552
51 2.525 2.5768 0.305 0.33206 0.0315538
52 2.575 4.97287 0.7325 1.14152 0.129686
53 2.625 6.25718 1.2915 2.43663 0.347368
54 2.675 6.8285 1.925 3.65369 0.686332
55 2.725 6.14396 2.5165 4.27881 1.09827
56 2.775 5.3286 3.0485 4.22824 1.52041
57 2.825 4.00604 3.463 3.7174 1.90504
58 2.875 3.09806 3.795 3.07041 2.23408
59 2.925 2.44763 4.0665 2.46555 2.50757
60 2.975 1.74731 4.267 1.96918 2.73353
61 3.025 1.38236 4.431 1.62257 2.92603
62 3.075 1.14608 4.5715 1.37531 3.09463
63 3.125 0.955685 4.6925 1.21596 3.24858
64 3.175 0.818703 4.7995 1.11295 3.39404
65 3.225 0.648902 4.887 1.05365 3.53612
66 3.275 0.665196 4.9795 1.0188 3.67779
67 3.325 0.575574 5.062 1.01014 3.82257
68 3.375 0.545104 5.1425 1.00283 3.97067
69 3.425 0.499716 5.2185 1.00781 4.12394
70 3.475 0.443922 5.288 1.02066 4.28374
71 3.525 0.636264 5.3905 1.03277 4.45011
72 3.575 0.467715 5.468 1.05113 4.62429
73 3.625 0.595775 5.5695 1.06795 4.80623
74 3.675 0.568251 5.669 1.08664 4.9965
75 3.725 0.603128 5.7775 1.10334 5.19498
76 3.775 0.687389 5.9045 1.12217 5.40231
77 3.825 0.748614 6.0465 1.14029 5.61861
78 3.875 0.865544 6.215 1.16071 5.84457
79 3.925 0.82611 6.38 1.18123 6.0805
80 3.975 0.990957 6.583 1.19637 6.32558
81 4.025 0.897455 6.7715 1.21465 6.5807
82 4.075 1.03814 6.995 1.22518 6.84447
83 4.125 1.21484 7.263 1.23844 7.11767
84 4.175 1.26115 7.548 1.24438 7.39888
85 4.225 1.34166 7.8585 1.25333 7.68894
86 4.275 1.32734 8.173 1.25122 7.9854
87 4.325 1.38548 8.509 1.24859 8.28821
88 4.375 1.47892 8.876 1.2489 8.59813
89 4.425 1.42993 9.239 1.23715 8.91219
90 4.475 1.48482 9.6245 1.22524 9.23029
91 4.525 1.4842 10.0185 1.20753 9.55085
92 4.575 1.49616 10.4245 1.19185 9.87427
93 4.625 1.46038 10.8295 1.16819 10.1982
94 4.675 1.53166 11.2635 1.14653 10.5231
95 4.725 1.41995 11.6745 1.12321 10.8482
96 4.775 1.28042 12.053 1.10016 11.1734
97 4.825 1.2971 12.4445 1.07374 11.4975
98 4.875 1.27063 12.836 1.05051 11.8212
99 4.925 1.25927 13.232 1.02935 12.1449
100 4.975 1.24187 13.6305 1.00361 12.4669
101 5.025 1.28601 14.0515 0.983304 12.7888
102 5.075 1.1455 14.434 0.963535 13.1106
103 5.125 1.20255 14.8435 0.948129 13.4334
104 5.175 1.14342 15.2405 0.932038 13.7571
105 5.225 1.13294 15.6415 0.915692 14.0812
106 5.275 0.968808 15.991 0.901042 14.4062
107 5.325 0.94254 16.3375 0.887086 14.7323
108 5.375 0.946444 16.692 0.87408 15.0597
109 5.425 0.830798 17.009 0.8618 15.3886
110 5.475 0.80926 17.3235 0.84652 15.7175
111 5.525 0.760568 17.6245 0.833167 16.0473
112 5.575 0.84129 17.9635 0.823717 16.3792
113 5.625 0.797148 18.2905 0.812773 16.7126
114 5.675 0.723288 18.5925 0.802328 17.0476
115 5.725 0.720123 18.8985 0.80168 17.3883
116 5.775 0.721584 19.2105 0.79794 17.7333
117 5.825 0.726299 19.53 0.797235 18.084
118 5.875 0.731866 19.8575 0.800383 18.4421
119 5.925 0.747031 20.1975 0.801972 18.8071
120 5.975 0.715136 20.5285 0.806519 19.1804
121 6.025 0.730938 20.8725 0.814174 19.5636
122 6.075 0.784791 21.248 0.820762 19.9563
123 6.125 0.729882 21.603 0.829878 20.36
124 6.175 0.726201 21.962 0.83783 20.7741
125 6.225 0.772306 22.35 0.847456 21.1999
126 6.275 0.727726 22.7215 0.854065 21.6359
127 6.325 0.757719 23.1145 0.862356 22.0832
128 6.375 0.79143 23.5315 0.868766 22.5409
129 6.425 0.736184 23.9255 0.876313 23.0099
130 6.475 0.805807 24.3635 0.885715 23.4913
131 6.525 0.843326 24.829 0.889439 23.9823
132 6.575 0.844822 25.3025 0.894843 24.4838
133 6.625 0.852328 25.7875 0.899491 24.9957
134 6.675 0.847397 26.277 0.901066 25.5162
135 6.725 0.88345 26.795 0.906853 26.0479
136 6.775 0.865417 27.31 0.906687 26.5874
137 6.825 0.899977 27.8535 0.908512 27.1361
138 6.875 0.869799 28.3865 0.907762 27.6924
139 6.925 0.865326 28.9245 0.909399 28.2578
140 6.975 0.876746 29.4775 0.911338 28.8326
141 7.025 0.898695 30.0525 0.909947 29.4148
142 7.075 0.911463 30.644 0.909861 30.0052
143 7.125 0.973165 31.2845 0.914876 30.6074
144 7.175 0.899718 31.885 0.916718 31.2192
145 7.225 0.921293 32.5085 0.920101 31.8419
146 7.275 0.94948 33.16 0.921885 32.4745
147 7.325 0.932249 33.8085 0.924566 33.1176
148 7.375 0.923906 34.46 0.922791 33.7684
149 7.425 0.938787 35.131 0.919068 34.4253
150 7.475 0.932482 35.8065 0.914134 35.0875
151 7.525 0.864964 36.4415 0.907266 35.7535
152 7.575 0.898615 37.11 0.900369 36.4233
153 7.625 0.914065 37.799 0.895778 37.0985
154 7.675 0.936894 38.5145 0.889205 37.7776
155 7.725 0.896369 39.208 0.884734 38.4621
156 7.775 0.897637 39.9115 0.881194 39.1527
157 7.825 0.923363 40.6445 0.87911 39.8506
158 7.875 0.865035 41.34 0.876407 40.5553
159 7.925 0.90512 42.077 0.874798 41.2676
160 7.975 0.851966 42.7795 0.872904 41.9873
161 8.025 0.865936 43.5025 0.872063 42.7154
162 8.075 0.892507 44.257 0.872396 43.4529
163 8.125 0.872793 45.004 0.869982 44.1975
164 8.175 0.922742 45.8035 0.870174 44.9515
165 8.225 0.921249 46.6115 0.870237 45.7147
166 8.275 0.866219 47.3805 0.871796 46.4887
167 8.325 0.890347 48.1805 0.87252 47.2727
168 8.375 0.886345 48.9865 0.871956 48.0656
169 8.425 0.906826 49.821 0.871705 48.8678
170 8.475 0.893473 50.653 0.871531 49.6793
171 8.525 0.878247 51.4805 0.873706 50.5026
172 8.575 0.852825 52.2935 0.872521 51.3343
173 8.625 0.878219 53.1405 0.871509 52.1749
174 8.675 0.885549 54.0045 0.872082 53.0257
175 8.725 0.89468 54.8875 0.874683 53.889
176 8.775 0.861473 55.7475 0.872282 54.7598
177 8.825 0.867586 56.6235 0.873952 55.6422
178 8.875 0.921 57.564 0.873875 56.5346
179 8.925 0.901027 58.4945 0.874155 57.4373
180 8.975 0.82638 59.3575 0.875017 58.3511
181 9.025 0.868386 60.2745 0.875901 59.2761
182 9.075 0.855565 61.188 0.87865 60.2142
183 9.125 0.853162 62.109 0.878562 61.1626
184 9.175 0.866338 63.0545 0.879223 62.1222
185 9.225 0.851081 63.9935 0.879847 63.0929
186 9.275 0.848654 64.94 0.883923 64.0788
187 9.325 0.869293 65.92 0.884236 65.0756
188 9.375 0.862678 66.903 0.885378 66.0845
189 9.425 0.88394 67.921 0.891345 67.111
190 9.475 0.897404 68.9655 0.892124 68.1494
191 9.525 0.87993 70.0005 0.896228 69.2035
192 9.575 0.888011 71.056 0.899139 70.2723
193 9.625 0.900041 72.137 0.901665 71.3552
194 9.675 0.866866 73.189 0.906119 72.4548
195 9.725 0.910579 74.3055 0.91102 73.5719
196 9.775 0.942456 75.473 0.914414 74.7046
197 9.825 0.905321 76.606 0.920929 75.8572
198 9.875 0.923465 77.7735 0.927018 77.0292
199 9.925 0.93885 78.9725 0.933688 78.2216
200 9.975 0.936826 80.181 0.942493 79.4374
9000000 200
1 0.025 0 0 0 0
2 0.075 0 0 0 0
3 0.125 0 0 0 0
4 0.175 0 0 0 0
5 0.225 0 0 0 0
6 0.275 0 0 0 0
7 0.325 0 0 0 0
8 0.375 0 0 0 0
9 0.425 0 0 0 0
10 0.475 0 0 0 0
11 0.525 0 0 0 0
12 0.575 0 0 0 0
13 0.625 0 0 0 0
14 0.675 0 0 0 0
15 0.725 0 0 0 0
16 0.775 0 0 0 0
17 0.825 0 0 0 0
18 0.875 0 0 0 0
19 0.925 0 0 0 0
20 0.975 0 0 0 0
21 1.025 0 0 0 0
22 1.075 0 0 0 0
23 1.125 0 0 0 0
24 1.175 0 0 0 0
25 1.225 0 0 0 0
26 1.275 0 0 0 0
27 1.325 0 0 0 0
28 1.375 0 0 0 0
29 1.425 0 0 0 0
30 1.475 0 0 0 0
31 1.525 0 0 0 0
32 1.575 0 0 0 0
33 1.625 0 0 0 0
34 1.675 0 0 0 0
35 1.725 0 0 0 0
36 1.775 0 0 0 0
37 1.825 0 0 0 0
38 1.875 0 0 0 0
39 1.925 0 0 0 0
40 1.975 0 0 0 0
41 2.025 0 0 0 0
42 2.075 0 0 0 0
43 2.125 0 0 0 0
44 2.175 0 0 0 0
45 2.225 0 0 0 0
46 2.275 0 0 0 0
47 2.325 0 0 0 0
48 2.375 0.013674 0.001 4.71517e-05 3.44828e-06
49 2.425 0.177065 0.0145 0.00342824 0.000264828
50 2.475 0.975833 0.092 0.0489067 0.00414897
51 2.525 2.64334 0.3105 0.329733 0.0314048
52 2.575 5.31021 0.767 1.14712 0.130019
53 2.625 6.95678 1.3885 2.44525 0.34847
54 2.675 7.44829 2.0795 3.6608 0.688094
55 2.725 6.82951 2.737 4.27109 1.09929
56 2.775 5.67415 3.3035 4.21674 1.52028
57 2.825 4.81305 3.8015 3.72401 1.9056
58 2.875 3.67662 4.1955 3.07094 2.23469
59 2.925 2.65949 4.4905 2.45894 2.50745
60 2.975 2.25276 4.749 1.97512 2.73409
61 3.025 1.77431 4.9595 1.61982 2.92626
62 3.075 1.36225 5.1265 1.37233 3.0945
63 3.125 1.09785 5.2655 1.2136 3.24815
64 3.175 1.00999 5.3975 1.11128 3.39339
65 3.225 0.849134 5.512 1.0553 3.53569
66 3.275 0.715535 5.6115 1.02237 3.67786
67 3.325 0.711619 5.7135 1.00882 3.82246
68 3.375 0.683919 5.8145 1.00744 3.97124
69 3.425 0.637796 5.9115 1.0154 4.12566
70 3.475 0.568476 6.0005 1.02443 4.28605
71 3.525 0.651782 6.1055 1.03671 4.45306
72 3.575 0.618591 6.208 1.05148 4.62729
73 3.625 0.654472 6.3195 1.07202 4.80992
74 3.675 0.642495 6.432 1.09046 5.00086
75 3.725 0.714304 6.5605 1.10677 5.19996
76 3.775 0.733395 6.696 1.12649 5.40809
77 3.825 0.774974 6.843 1.14454 5.62519
78 3.875 0.765378 6.992 1.16414 5.85182
79 3.925 0.851143 7.162 1.18357 6.08822
80 3.975 0.883563 7.343 1.1985 6.33373
81 4.025 0.940305 7.5405 1.2124 6.58838
82 4.075 1.02188 7.7605 1.22949 6.85308
83 4.125 1.09925 8.003 1.23952 7.12653
84 4.175 1.16822 8.267 1.24331 7.40749
85 4.225 1.20123 8.545 1.25052 7.6969
86 4.275 1.15641 8.819 1.25477 7.99421
87 4.325 1.34012 9.144 1.25216 8.29787
88 4.375 1.28348 9.4625 1.24826 8.60764
89 4.425 1.32751 9.7995 1.23598 8.9214
90 4.475 1.34038 10.1475 1.22299 9.23892
91 4.525 1.41451 10.523 1.21007 9.56015
92 4.575 1.36902 10.8945 1.19098 9.88334
93 4.625 1.33778 11.2655 1.16743 10.2071
94 4.675 1.30403 11.635 1.14466 10.5314
95 4.725 1.33531 12.0215 1.11972 10.8555
96 4.775 1.30749 12.408 1.09634 11.1796
97 4.825 1.24409 12.7835 1.07169 11.5031
98 4.875 1.27874 13.1775 1.04916 11.8264
99 4.925 1.23224 13.565 1.02701 12.1493
100 4.975 1.20759 13.9525 1.00182 12.4708
101 5.025 1.0951 14.311 0.9805 12.7918
102 5.075 1.13202 14.689 0.964452 13.1138
103 5.125 1.135 15.0755 0.946938 13.4363
104 5.175 0.983571 15.417 0.93115 13.7596
105 5.225 0.983201 15.765 0.912894 14.0827
106 5.275 0.990984 16.1225 0.902308 14.4082
107 5.325 0.975182 16.481 0.887095 14.7343
108 5.375 0.945109 16.835 0.873249 15.0614
109 5.425 0.849144 17.159 0.86131 15.39
110 5.475 0.843998 17.487 0.84554 15.7186
111 5.525 0.835108 17.8175 0.833591 16.0485
112 5.575 0.791657 18.1365 0.821276 16.3795
113 5.625 0.834933 18.479 0.812717 16.7129
114 5.675 0.799928 18.813 0.803826 17.0485
115 5.725 0.81308 19.1585 0.797596 17.3874
116 5.775 0.784029 19.4975 0.795918 17.7315
117 5.825 0.760397 19.832 0.796731 18.082
118 5.875 0.765387 20.1745 0.799691 18.4399
119 5.925 0.763509 20.522 0.801908 18.8049
120 5.975 0.777791 20.882 0.807848 19.1788
121 6.025 0.751124 21.2355 0.811306 19.5606
122 6.075 0.771206 21.6045 0.820323 19.9531
123 6.125 0.79259 21.99 0.830263 20.3569
124 6.175 0.810149 22.3905 0.838344 20.7714
125 6.225 0.813111 22.799 0.846535 21.1966
126 6.275 0.823712 23.2195 0.854413 21.6328
127 6.325 0.765431 23.6165 0.863972 22.0809
128 6.375 0.800919 24.0385 0.872244 22.5405
129 6.425 0.848294 24.4925 0.877751 23.0103
130 6.475 0.808567 24.932 0.884584 23.4911
131 6.525 0.838797 25.395 0.890523 23.9826
132 6.575 0.861772 25.878 0.895569 24.4846
133 6.625 0.822453 26.346 0.900846 24.9972
134 6.675 0.853456 26.839 0.904068 25.5194
135 6.725 0.852751 27.339 0.904773 26.0499
136 6.775 0.813324 27.823 0.908762 26.5907
137 6.825 0.822978 28.32 0.909274 27.1398
138 6.875 0.780861 28.7985 0.90994 27.6974
139 6.925 0.817878 29.307 0.910799 28.2637
140 6.975 0.822048 29.8255 0.908724 28.8369
141 7.025 0.875251 30.3855 0.911437 29.42
142 7.075 0.827482 30.9225 0.9119 30.0118
143 7.125 0.840219 31.4755 0.913516 30.6131
144 7.175 0.8278 32.028 0.916678 31.2249
145 7.225 0.818599 32.582 0.919245 31.847
146 7.275 0.852564 33.167 0.921845 32.4795
147 7.325 0.853903 33.761 0.924163 33.1224
148 7.375 0.810456 34.3325 0.922301 33.7728
149 7.425 0.807272 34.9095 0.918199 34.4291
150 7.475 0.849656 35.525 0.910964 35.089
151 7.525 0.854067 36.152 0.90668 35.7546
152 7.575 0.830731 36.77 0.900659 36.4246
153 7.625 0.828495 37.3945 0.893359 37.098
154 7.675 0.810534 38.0135 0.889932 37.7776
155 7.725 0.831743 38.657 0.886217 38.4633
156 7.775 0.830011 39.3075 0.880494 39.1534
157 7.825 0.844002 39.9775 0.878195 39.8505
158 7.875 0.783568 40.6075 0.877214 40.5558
159 7.925 0.807485 41.265 0.87354 41.2671
160 7.975 0.853785 41.969 0.873552 41.9874
161 8.025 0.840185 42.6705 0.872508 42.7159
162 8.075 0.807337 43.353 0.873167 43.454
163 8.125 0.850594 44.081 0.871252 44.1997
164 8.175 0.821754 44.793 0.8708 44.9542
165 8.225 0.878493 45.5635 0.870168 45.7174
166 8.275 0.870725 46.3365 0.870825 46.4905
167 8.325 0.846942 47.0975 0.870189 47.2724
168 8.375 0.883596 47.901 0.871513 48.0649
169 8.425 0.898133 48.7275 0.872838 48.8681
170 8.475 0.876291 49.5435 0.871699 49.6798
171 8.525 0.887799 50.38 0.871124 50.5006
172 8.575 0.91996 51.257 0.87087 51.3308
173 8.625 0.888588 52.114 0.871669 52.1715
174 8.675 0.873249 52.966 0.872409 53.0227
175 8.725 0.895186 53.8495 0.872939 53.8842
176 8.775 0.89453 54.7425 0.872532 54.7553
177 8.825 0.904726 55.656 0.873286 55.637
178 8.875 0.90827 56.5835 0.872249 56.5277
179 8.925 0.938307 57.5525 0.875365 57.4317
180 8.975 0.922136 58.5155 0.873926 58.3444
181 9.025 0.936095 59.504 0.875391 59.2688
182 9.075 0.923935 60.4905 0.877513 60.2057
183 9.125 0.92727 61.4915 0.878422 61.154
184 9.175 0.928186 62.5045 0.879395 62.1137
185 9.225 0.951234 63.554 0.881319 63.0861
186 9.275 0.955352 64.6195 0.882927 64.0708
187 9.325 0.93316 65.6715 0.886337 65.07
188 9.375 0.93859 66.741 0.887216 66.081
189 9.425 0.987269 67.878 0.890532 67.1066
190 9.475 0.974729 69.0125 0.89271 68.1456
191 9.525 0.95092 70.131 0.894202 69.1974
192 9.575 0.909886 71.2125 0.898402 70.2653
193 9.625 0.937508 72.3385 0.901987 71.3486
194 9.675 0.924959 73.461 0.904794 72.4466
195 9.725 0.981533 74.6645 0.91115 73.5638
196 9.775 0.952143 75.844 0.913813 74.6958
197 9.825 0.954063 77.038 0.921831 75.8495
198 9.875 0.956291 78.247 0.926369 77.0207
199 9.925 0.937675 79.4445 0.934056 78.2136
200 9.975 0.943415 80.6615 0.941581 79.4282
10000000 200
1 0.025 0 0 0 0
2 0.075 0 0 0 0
3 0.125 0 0 0 0
4 0.175 0 0 0 0
5 0.225 0 0 0 0
6 0.275 0 0 0 0
7 0.325 0 0 0 0
8 0.375 0 0 0 0
9 0.425 0 0 0 0
10 0.475 0 0 0 0
11 0.525 0 0 0 0
12 0.575 0 0 0 0
13 0.625 0 0 0 0
14 0.675 0 0 0 0
15 0.725 0 0 0 0
16 0.775 0 0 0 0
17 0.825 0 0 0 0
18 0.875 0 0 0 0
19 0.925 0 0 0 0
20 0.975 0 0 0 0
21 1.025 0 0 0 0
22 1.075 0 0 0 0
23 1.125 0 0 0 0
24 1.175 0 0 0 0
25 1.225 0 0 0 0
26 1.275 0 0 0 0
27 1.325 0 0 0 0
28 1.375 0 0 0 0
29 1.425 0 0 0 0
30 1.475 0 0 0 0
31 1.525 0 0 0 0
32 1.575 0 0 0 0
33 1.625 0 0 0 0
34 1.675 0 0 0 0
35 1.725 0 0 0 0
36 1.775 0 0 0 0
37 1.825 0 0 0 0
38 1.875 0 0 0 0
39 1.925 0 0 0 0
40 1.975 0 0 0 0
41 2.025 0 0 0 0
42 2.075 0 0 0 0
43 2.125 0 0 0 0
44 2.175 0 0 0 0
45 2.225 0 0 0 0
46 2.275 0 0 0 0
47 2.325 0 0 0 0
48 2.375 0.020511 0.0015 8.48731e-05 6.2069e-06
49 2.425 0.163949 0.014 0.00323828 0.000253103
50 2.475 1.00731 0.094 0.0499401 0.00421931
51 2.525 2.46188 0.2975 0.329908 0.0314897
52 2.575 4.81001 0.711 1.14475 0.1299
53 2.625 6.50904 1.2925 2.44248 0.348105
54 2.675 6.94707 1.937 3.65747 0.687419
55 2.725 6.31535 2.545 4.28029 1.0995
56 2.775 5.27852 3.072 4.2138 1.5202
57 2.825 4.34431 3.5215 3.72445 1.90556
58 2.875 3.11206 3.855 3.06588 2.23411
59 2.925 2.66851 4.151 2.45941 2.50692
60 2.975 1.95646 4.3755 1.98188 2.73434
61 3.025 1.49616 4.553 1.61687 2.92616
62 3.075 1.21542 4.702 1.37476 3.09469
63 3.125 0.971482 4.825 1.21689 3.24876
64 3.175 0.876088 4.9395 1.11422 3.39439
65 3.225 0.68969 5.0325 1.05089 3.53609
66 3.275 0.697557 5.1295 1.01861 3.67774
67 3.325 0.648829 5.2225 1.0084 3.82227
68 3.375 0.555261 5.3045 1.00449 3.97062
69 3.425 0.558893 5.3895 1.01125 4.12441
70 3.475 0.539732 5.474 1.0197 4.28406
71 3.525 0.54936 5.5625 1.03698 4.45111
72 3.575 0.50996 5.647 1.04648 4.62451
73 3.625 0.557622 5.742 1.06547 4.80603
74 3.675 0.599662 5.847 1.0866 4.99629
75 3.725 0.583672 5.952 1.10404 5.19491
76 3.775 0.668445 6.0755 1.12367 5.40251
77 3.825 0.64054 6.197 1.1443 5.61957
78 3.875 0.803903 6.3535 1.16288 5.84595
79 3.925 0.738492 6.501 1.18196 6.08203
80 3.975 0.846951 6.6745 1.19495 6.32681
81 4.025 0.983154 6.881 1.21619 6.58226
82 4.075 1.15194 7.129 1.22815 6.84667
83 4.125 1.14232 7.381 1.23863 7.11991
84 4.175 1.1992 7.652 1.24583 7.40145
85 4.225 1.30061 7.953 1.25429 7.69173
86 4.275 1.2978 8.2605 1.25174 7.98832
87 4.325 1.40816 8.602 1.25425 8.2925
88 4.375 1.50914 8.9765 1.24842 8.6023
89 4.425 1.50083 9.3575 1.23887 8.91679
90 4.475 1.558 9.762 1.22655 9.23524
91 4.525 1.50492 10.1615 1.21125 9.55678
92 4.575 1.46668 10.5595 1.19152 9.88012
93 4.625 1.4099 10.9505 1.17258 10.2053
94 4.675 1.3799 11.3415 1.14785 10.5305
95 4.725 1.33531 11.728 1.12101 10.855
96 4.775 1.31595 12.117 1.10123 11.1806
97 4.825 1.4114 12.543 1.07379 11.5047
98 4.875 1.27874 12.937 1.04827 11.8276
99 4.925 1.37216 13.3685 1.02575 12.1502
100 4.975 1.14527 13.736 1.00299 12.4721
101 5.025 1.18063 14.1225 0.98141 12.7933
102 5.075 1.17395 14.5145 0.963076 13.1149
103 5.125 1.21282 14.9275 0.945936 13.437
104 5.175 1.04261 15.2895 0.930328 13.7601
105 5.225 1.08491 15.6735 0.915443 14.0841
106 5.275 1.03118 16.0455 0.90255 14.4097
107 5.325 0.94254 16.392 0.890149 14.7369
108 5.375 0.93176 16.741 0.872741 15.0638
109 5.425 0.90156 17.085 0.860352 15.3921
110 5.475 0.846571 17.414 0.846548 15.7211
111 5.525 0.864167 17.756 0.83204 16.0504
112 5.575 0.846254 18.097 0.820401 16.3809
113 5.625 0.764238 18.4105 0.81184 16.714
114 5.675 0.701733 18.7035 0.803854 17.0496
115 5.725 0.769543 19.0305 0.798676 17.389
116 5.775 0.683423 19.326 0.796108 17.7332
117 5.825 0.730845 19.6475 0.795805 18.0833
118 5.875 0.712871 19.9665 0.79675 18.4398
119 5.925 0.766805 20.3155 0.801625 18.8047
120 5.975 0.711895 20.645 0.805075 19.1773
121 6.025 0.71394 20.981 0.813207 19.56
122 6.075 0.757621 21.3435 0.822964 19.9538
123 6.125 0.78231 21.724 0.827551 20.3563
124 6.175 0.731258 22.0855 0.83593 20.7695
125 6.225 0.774297 22.4745 0.847704 21.1954
126 6.275 0.793349 22.8795 0.853628 21.6312
127 6.325 0.812668 23.301 0.864226 22.0794
128 6.375 0.854061 23.751 0.870197 22.5379
129 6.425 0.84736 24.2045 0.878102 23.0079
130 6.475 0.839843 24.661 0.883206 23.4879
131 6.525 0.87503 25.144 0.89048 23.9795
132 6.575 0.851959 25.6215 0.895778 24.4815
133 6.625 0.835633 26.097 0.901291 24.9944
134 6.675 0.849128 26.5875 0.903831 25.5165
135 6.725 0.970431 27.1565 0.905725 26.0476
136 6.775 0.904907 27.695 0.906731 26.5871
137 6.825 0.861063 28.215 0.908684 27.1359
138 6.875 0.91794 28.7775 0.911 27.6941
139 6.925 0.850046 29.306 0.909404 28.2595
140 6.975 0.88388 29.8635 0.911245 28.8343
141 7.025 0.936987 30.463 0.911877 29.4177
142 7.075 0.918397 31.059 0.912626 30.01
143 7.125 0.918467 31.6635 0.91379 30.6114
144 7.175 0.903464 32.2665 0.915861 31.2227
145 7.225 0.882136 32.8635 0.920097 31.8454
146 7.275 0.933448 33.504 0.924578 32.4798
147 7.325 0.930811 34.1515 0.92304 33.1219
148 7.375 0.894834 34.7825 0.922511 33.7724
149 7.425 0.931791 35.4485 0.917601 34.4283
150 7.475 0.89452 36.0965 0.910701 35.088
151 7.525 0.966444 36.806 0.905089 35.7524
152 7.575 0.933564 37.5005 0.900336 36.4222
153 7.625 0.883552 38.1665 0.89411 37.0962
154 7.675 0.891064 38.847 0.890253 37.7761
155 7.725 0.886675 39.533 0.885286 38.461
156 7.775 0.868928 40.214 0.882784 39.1528
157 7.825 0.850301 40.889 0.879361 39.8509
158 7.875 0.89986 41.6125 0.876918 40.556
159 7.925 0.870733 42.3215 0.873847 41.2675
160 7.975 0.862275 43.0325 0.87463 41.9887
161 8.025 0.903064 43.7865 0.872498 42.7172
162 8.075 0.832179 44.49 0.872115 43.4544
163 8.125 0.849425 45.217 0.870249 44.1993
164 8.175 0.903699 46 0.872456 44.9552
165 8.225 0.872222 46.765 0.872751 45.7206
166 8.275 0.921977 47.5835 0.870483 46.4934
167 8.325 0.902032 48.394 0.871388 47.2764
168 8.375 0.885796 49.1995 0.87115 48.0686
169 8.425 0.884006 50.013 0.870655 48.8698
170 8.475 0.891862 50.8435 0.870264 49.6802
171 8.525 0.864981 51.6585 0.871787 50.5016
172 8.575 0.895309 52.512 0.872547 51.3334
173 8.625 0.885477 53.366 0.871753 52.1742
174 8.675 0.907072 54.251 0.873097 53.026
175 8.725 0.899239 55.1385 0.872976 53.8876
176 8.775 0.892026 56.029 0.874708 54.7608
177 8.825 0.909182 56.947 0.872356 55.6416
178 8.875 0.883788 57.8495 0.87358 56.5337
179 8.925 0.910226 58.7895 0.874692 57.437
180 8.975 0.891973 59.721 0.874257 58.35
181 9.025 0.915735 60.688 0.875858 59.2749
182 9.075 0.904267 61.6535 0.875853 60.21
183 9.125 0.897627 62.6225 0.87649 61.1562
184 9.175 0.930477 63.638 0.879306 62.1159
185 9.225 0.889148 64.619 0.881036 63.0879
186 9.275 0.910073 65.634 0.883677 64.0735
187 9.325 0.908766 66.6585 0.884761 65.0709
188 9.375 0.915334 67.7015 0.886681 66.0813
189 9.425 0.929961 68.7725 0.887822 67.1038
190 9.475 0.921031 69.8445 0.892998 68.1431
191 9.525 0.919888 70.9265 0.895059 69.1959
192 9.575 0.877916 71.97 0.896627 70.2617
193 9.625 0.937924 73.0965 0.901305 71.3442
194 9.675 0.895706 74.1835 0.905315 72.4428
195 9.725 0.883665 75.267 0.911165 73.5601
196 9.775 0.905323 76.3885 0.916116 74.6949
197 9.825 0.942078 77.5675 0.920626 75.8471
198 9.875 0.942053 78.7585 0.927317 77.0195
199 9.925 0.93376 79.951 0.93534 78.214
200 9.975 0.947291 81.173 0.942417 79.4297
