     #Energy           s          py          pz          px         dxy         dyz         dz2         dxz         dx2       tot  
   -27.72893     0.00000     0.00000     0.00000     0.00000     0.00000     0.00000     0.00000     0.00000     0.00000     0.00000
   -27.60993     0.00000     0.00000     0.00000     0.00000     0.00000     0.00000     0.00000     0.00000     0.00000     0.00000
   -27.49093     0.00000     0.00000     0.00000     0.00000     0.00000     0.00000     0.00000     0.00000     0.00000     0.00000
   -27.37193     0.00000     0.00000     0.00000     0.00000     0.00000     0.00000     0.00000     0.00000     0.00000     0.00000
   -27.25293     0.00000     0.00000     0.00000     0.00000     0.00000     0.00000     0.00000     0.00000     0.00000     0.00000
   -27.13393     0.00000     0.00000     0.00000     0.00000     0.00000     0.00000     0.00000     0.00000     0.00000     0.00000
   -27.01493     0.00000     0.00000     0.00000     0.00000     0.00000     0.00000     0.00000     0.00000     0.00000     0.00000
   -26.89493     0.00000     0.00000     0.00000     0.00000     0.00000     0.00000     0.00000     0.00000     0.00000     0.00000
   -26.77593     0.00000     0.00000     0.00000     0.00000     0.00000     0.00000     0.00000     0.00000     0.00000     0.00000
   -26.65693     0.00000     0.00000     0.00000     0.00000     0.00000     0.00000     0.00000     0.00000     0.00000     0.00000
   -26.53793    -0.00000    -0.00000    -0.00000    -0.00000     0.00000     0.00000     0.00000     0.00000     0.00000    -0.00000
   -26.41893    -0.00000    -0.00000    -0.00000    -0.00000     0.00000     0.00000     0.00000     0.00000     0.00000    -0.00000
   -26.29993    -0.00000    -0.00007    -0.00000    -0.00011     0.00000     0.00000     0.00000     0.00000     0.00000    -0.00018
   -26.18093    -0.00000    -0.01237    -0.00148    -0.01725     0.00000     0.00000     0.00000     0.00000     0.00000    -0.03111
   -26.06193    -0.00000    -0.20557    -0.07227    -0.23852     0.00000     0.00000     0.00000     0.00000     0.00000    -0.51637
   -25.94293    -0.00001    -0.64877    -0.43086    -0.68654     0.00000     0.00000     0.00000     0.00000     0.00000    -1.76617
   -25.82393    -0.00001    -0.95005    -0.84601    -0.95991     0.00000     0.00000     0.00000     0.00000     0.00000    -2.75598
   -25.70493    -0.00002    -0.98959    -0.97704    -0.98980     0.00000     0.00000     0.00000     0.00000     0.00000    -2.95646
   -25.58493    -0.00002    -0.99009    -0.98222    -0.99010     0.00000     0.00000     0.00000     0.00000     0.00000    -2.96243
   -25.46593    -0.00002    -0.99009    -0.98224    -0.99010     0.00000     0.00000     0.00000     0.00000     0.00000    -2.96244
   -25.34693    -0.00002    -0.99009    -0.98224    -0.99010     0.00000     0.00000     0.00000     0.00000     0.00000    -2.96244
   -25.22793    -0.00002    -0.99009    -0.98224    -0.99010     0.00000     0.00000     0.00000     0.00000     0.00000    -2.96244
   -25.10893    -0.00002    -0.99009    -0.98224    -0.99010     0.00000     0.00000     0.00000     0.00000     0.00000    -2.96244
   -24.98993    -0.00002    -0.99009    -0.98224    -0.99010     0.00000     0.00000     0.00000     0.00000     0.00000    -2.96244
   -24.87093    -0.00002    -0.99009    -0.98224    -0.99010     0.00000     0.00000     0.00000     0.00000     0.00000    -2.96244
   -24.75193    -0.00002    -0.99009    -0.98224    -0.99010     0.00000     0.00000     0.00000     0.00000     0.00000    -2.96244
   -24.63293    -0.00002    -0.99009    -0.98224    -0.99010     0.00000     0.00000     0.00000     0.00000     0.00000    -2.96244
   -24.51393    -0.00002    -0.99009    -0.98224    -0.99010     0.00000     0.00000     0.00000     0.00000     0.00000    -2.96244
   -24.39493    -0.00002    -0.99009    -0.98224    -0.99010     0.00000     0.00000     0.00000     0.00000     0.00000    -2.96244
   -24.27493    -0.00002    -0.99009    -0.98224    -0.99010     0.00000     0.00000     0.00000     0.00000     0.00000    -2.96244
   -24.15593    -0.00002    -0.99009    -0.98224    -0.99010     0.00000     0.00000     0.00000     0.00000     0.00000    -2.96244
   -24.03693    -0.00002    -0.99009    -0.98224    -0.99010     0.00000     0.00000     0.00000     0.00000     0.00000    -2.96244
   -23.91793    -0.00002    -0.99009    -0.98224    -0.99010     0.00000     0.00000     0.00000     0.00000     0.00000    -2.96244
   -23.79893    -0.00002    -0.99009    -0.98224    -0.99010     0.00000     0.00000     0.00000     0.00000     0.00000    -2.96244
   -23.67993    -0.00002    -0.99009    -0.98224    -0.99010     0.00000     0.00000     0.00000     0.00000     0.00000    -2.96244
   -23.56093    -0.00002    -0.99009    -0.98224    -0.99010     0.00000     0.00000     0.00000     0.00000     0.00000    -2.96244
   -23.44193    -0.00002    -0.99009    -0.98224    -0.99010     0.00000     0.00000     0.00000     0.00000     0.00000    -2.96244
   -23.32293    -0.00002    -0.99009    -0.98225    -0.99010     0.00000     0.00000     0.00000     0.00000     0.00000    -2.96246
   -23.20393    -0.00003    -0.99009    -0.98281    -0.99010     0.00000     0.00000     0.00000     0.00000     0.00000    -2.96304
   -23.08493    -0.00011    -0.99009    -0.98546    -0.99010     0.00000     0.00000     0.00000     0.00000     0.00000    -2.96577
   -22.96493    -0.00020    -0.99009    -0.98839    -0.99010     0.00000     0.00000     0.00000     0.00000     0.00000    -2.96879
   -22.84593    -0.00023    -0.99009    -0.98926    -0.99010     0.00000     0.00000     0.00000     0.00000     0.00000    -2.96968
   -22.72693    -0.00023    -0.99009    -0.98929    -0.99010     0.00000     0.00000     0.00000     0.00000     0.00000    -2.96971
   -22.60793    -0.00023    -0.99009    -0.98929    -0.99010     0.00000     0.00000     0.00000     0.00000     0.00000    -2.96971
   -22.48893    -0.00023    -0.99009    -0.98929    -0.99010     0.00000     0.00000     0.00000     0.00000     0.00000    -2.96971
   -22.36993    -0.00023    -0.99009    -0.98929    -0.99010     0.00000     0.00000     0.00000     0.00000     0.00000    -2.96971
   -22.25093    -0.00023    -0.99009    -0.98929    -0.99010     0.00000     0.00000     0.00000     0.00000     0.00000    -2.96971
   -22.13193    -0.00023    -0.99009    -0.98929    -0.99010     0.00000     0.00000     0.00000     0.00000     0.00000    -2.96971
   -22.01293    -0.00023    -0.99009    -0.98929    -0.99010     0.00000     0.00000     0.00000     0.00000     0.00000    -2.96971
   -21.89393    -0.00023    -0.99009    -0.98929    -0.99010     0.00000     0.00000     0.00000     0.00000     0.00000    -2.96971
   -21.77493    -0.00023    -0.99009    -0.98929    -0.99010     0.00000     0.00000     0.00000     0.00000     0.00000    -2.96971
   -21.65493    -0.00023    -0.99009    -0.98929    -0.99010     0.00000     0.00000     0.00000     0.00000     0.00000    -2.96971
   -21.53593    -0.00023    -0.99009    -0.98929    -0.99010     0.00000     0.00000     0.00000     0.00000     0.00000    -2.96971
   -21.41693    -0.00023    -0.99009    -0.98929    -0.99010     0.00000     0.00000     0.00000     0.00000     0.00000    -2.96971
   -21.29793    -0.00023    -0.99009    -0.98929    -0.99010     0.00000     0.00000     0.00000     0.00000     0.00000    -2.96971
   -21.17893    -0.00023    -0.99009    -0.98929    -0.99010     0.00000     0.00000     0.00000     0.00000     0.00000    -2.96971
   -21.05993    -0.00023    -0.99009    -0.98929    -0.99010     0.00000     0.00000     0.00000     0.00000     0.00000    -2.96971
   -20.94093    -0.00023    -0.99009    -0.98929    -0.99010     0.00000     0.00000     0.00000     0.00000     0.00000    -2.96971
   -20.82193    -0.00023    -0.99009    -0.98929    -0.99010     0.00000     0.00000     0.00000     0.00000     0.00000    -2.96971
   -20.70293    -0.00023    -0.99009    -0.98929    -0.99010     0.00000     0.00000     0.00000     0.00000     0.00000    -2.96971
   -20.58393    -0.00023    -0.99009    -0.98929    -0.99010     0.00000     0.00000     0.00000     0.00000     0.00000    -2.96971
   -20.46493    -0.00023    -0.99009    -0.98929    -0.99010     0.00000     0.00000     0.00000     0.00000     0.00000    -2.96971
   -20.34493    -0.00023    -0.99009    -0.98929    -0.99010     0.00000     0.00000     0.00000     0.00000     0.00000    -2.96971
   -20.22593    -0.00023    -0.99009    -0.98929    -0.99010     0.00000     0.00000     0.00000     0.00000     0.00000    -2.96971
   -20.10693    -0.00023    -0.99009    -0.98929    -0.99010     0.00000     0.00000     0.00000     0.00000     0.00000    -2.96971
   -19.98793    -0.00023    -0.99009    -0.98929    -0.99010     0.00000     0.00000     0.00000     0.00000     0.00000    -2.96971
   -19.86893    -0.00023    -0.99009    -0.98929    -0.99010     0.00000     0.00000     0.00000     0.00000     0.00000    -2.96971
   -19.74993    -0.00023    -0.99009    -0.98929    -0.99010     0.00000     0.00000     0.00000     0.00000     0.00000    -2.96971
   -19.63093    -0.00023    -0.99009    -0.98929    -0.99010     0.00000     0.00000     0.00000     0.00000     0.00000    -2.96971
   -19.51193    -0.00023    -0.99009    -0.98929    -0.99010     0.00000     0.00000     0.00000     0.00000     0.00000    -2.96971
   -19.39293    -0.00023    -0.99009    -0.98929    -0.99010     0.00000     0.00000     0.00000     0.00000     0.00000    -2.96971
   -19.27393    -0.00023    -0.99009    -0.98929    -0.99010     0.00000     0.00000     0.00000     0.00000     0.00000    -2.96971
   -19.15493    -0.00023    -0.99009    -0.98929    -0.99010     0.00000     0.00000     0.00000     0.00000     0.00000    -2.96971
   -19.03493    -0.00023    -0.99009    -0.98929    -0.99010     0.00000     0.00000     0.00000     0.00000     0.00000    -2.96971
   -18.91593    -0.00023    -0.99009    -0.98929    -0.99010     0.00000     0.00000     0.00000     0.00000     0.00000    -2.96971
   -18.79693    -0.00023    -0.99009    -0.98929    -0.99010     0.00000     0.00000     0.00000     0.00000     0.00000    -2.96971
   -18.67793    -0.00023    -0.99009    -0.98929    -0.99010     0.00000     0.00000     0.00000     0.00000     0.00000    -2.96971
   -18.55893    -0.00023    -0.99009    -0.98929    -0.99010     0.00000     0.00000     0.00000     0.00000     0.00000    -2.96971
   -18.43993    -0.00023    -0.99009    -0.98929    -0.99010     0.00000     0.00000     0.00000     0.00000     0.00000    -2.96971
   -18.32093    -0.00023    -0.99009    -0.98929    -0.99010     0.00000     0.00000     0.00000     0.00000     0.00000    -2.96971
   -18.20193    -0.00023    -0.99009    -0.98929    -0.99010     0.00000     0.00000     0.00000     0.00000     0.00000    -2.96971
   -18.08293    -0.00023    -0.99009    -0.98929    -0.99010     0.00000     0.00000     0.00000     0.00000     0.00000    -2.96971
   -17.96393    -0.00023    -0.99009    -0.98929    -0.99010     0.00000     0.00000     0.00000     0.00000     0.00000    -2.96971
   -17.84493    -0.00023    -0.99009    -0.98929    -0.99010     0.00000     0.00000     0.00000     0.00000     0.00000    -2.96971
   -17.72493    -0.00023    -0.99009    -0.98929    -0.99010     0.00000     0.00000     0.00000     0.00000     0.00000    -2.96972
   -17.60593    -0.00023    -0.99009    -0.98929    -0.99010     0.00000     0.00000     0.00000     0.00000     0.00000    -2.96972
   -17.48693    -0.00023    -0.99009    -0.98929    -0.99010     0.00000     0.00000     0.00000     0.00000     0.00000    -2.96972
   -17.36793    -0.00023    -0.99009    -0.98929    -0.99010     0.00000     0.00000     0.00000     0.00000     0.00000    -2.96972
   -17.24893    -0.00023    -0.99009    -0.98929    -0.99010     0.00000     0.00000     0.00000     0.00000     0.00000    -2.96972
   -17.12993    -0.00023    -0.99009    -0.98929    -0.99010     0.00000     0.00000     0.00000     0.00000     0.00000    -2.96972
   -17.01093    -0.00023    -0.99009    -0.98929    -0.99010     0.00000     0.00000     0.00000     0.00000     0.00000    -2.96972
   -16.89193    -0.00023    -0.99009    -0.98929    -0.99010     0.00000     0.00000     0.00000     0.00000     0.00000    -2.96972
   -16.77293    -0.00023    -0.99009    -0.98929    -0.99010     0.00000     0.00000     0.00000     0.00000     0.00000    -2.96972
   -16.65393    -0.00023    -0.99009    -0.98930    -0.99010     0.00000     0.00000     0.00000     0.00000     0.00000    -2.96972
   -16.53493    -0.00023    -0.99009    -0.98930    -0.99010     0.00000     0.00000     0.00000     0.00000     0.00000    -2.96972
   -16.41493    -0.00023    -0.99009    -0.98930    -0.99010     0.00000     0.00000     0.00000     0.00000     0.00000    -2.96972
   -16.29593    -0.00023    -0.99009    -0.98930    -0.99010     0.00000     0.00000     0.00000     0.00000     0.00000    -2.96972
   -16.17693    -0.00023    -0.99009    -0.98930    -0.99010     0.00000     0.00000     0.00000     0.00000     0.00000    -2.96972
   -16.05793    -0.00023    -0.99009    -0.98930    -0.99010     0.00000     0.00000     0.00000     0.00000     0.00000    -2.96972
   -15.93893    -0.00023    -0.99009    -0.98930    -0.99010     0.00000     0.00000     0.00000     0.00000     0.00000    -2.96972
   -15.81993    -0.00023    -0.99009    -0.98930    -0.99010     0.00000     0.00000     0.00000     0.00000     0.00000    -2.96972
   -15.70093    -0.00023    -0.99009    -0.98930    -0.99010     0.00000     0.00000     0.00000     0.00000     0.00000    -2.96972
   -15.58193    -0.00023    -0.99009    -0.98930    -0.99010     0.00000     0.00000     0.00000     0.00000     0.00000    -2.96972
   -15.46293    -0.00023    -0.99009    -0.98930    -0.99010     0.00000     0.00000     0.00000     0.00000     0.00000    -2.96972
   -15.34393    -0.00023    -0.99009    -0.98930    -0.99010     0.00000     0.00000     0.00000     0.00000     0.00000    -2.96972
   -15.22493    -0.00023    -0.99009    -0.98930    -0.99010     0.00000     0.00000     0.00000     0.00000     0.00000    -2.96972
   -15.10493    -0.00023    -0.99009    -0.98930    -0.99010     0.00000     0.00000     0.00000     0.00000     0.00000    -2.96972
   -14.98593    -0.00023    -0.99009    -0.98930    -0.99010     0.00000     0.00000     0.00000     0.00000     0.00000    -2.96972
   -14.86693    -0.00023    -0.99009    -0.98930    -0.99010     0.00000     0.00000     0.00000     0.00000     0.00000    -2.96972
   -14.74793    -0.00023    -0.99009    -0.98930    -0.99010     0.00000     0.00000     0.00000     0.00000     0.00000    -2.96972
   -14.62893    -0.00023    -0.99009    -0.98930    -0.99010     0.00000     0.00000     0.00000     0.00000     0.00000    -2.96972
   -14.50993    -0.00023    -0.99009    -0.98930    -0.99010     0.00000     0.00000     0.00000     0.00000     0.00000    -2.96972
   -14.39093    -0.00023    -0.99009    -0.98930    -0.99010     0.00000     0.00000     0.00000     0.00000     0.00000    -2.96972
   -14.27193    -0.00023    -0.99009    -0.98930    -0.99010     0.00000     0.00000     0.00000     0.00000     0.00000    -2.96972
   -14.15293    -0.00023    -0.99009    -0.98930    -0.99010     0.00000     0.00000     0.00000     0.00000     0.00000    -2.96972
   -14.03393    -0.00023    -0.99009    -0.98930    -0.99010     0.00000     0.00000     0.00000     0.00000     0.00000    -2.96972
   -13.91493    -0.00023    -0.99009    -0.98930    -0.99010     0.00000     0.00000     0.00000     0.00000     0.00000    -2.96972
   -13.79493    -0.00023    -0.99009    -0.98930    -0.99010     0.00000     0.00000     0.00000     0.00000     0.00000    -2.96972
   -13.67593    -0.00023    -0.99009    -0.98930    -0.99010     0.00000     0.00000     0.00000     0.00000     0.00000    -2.96972
   -13.55693    -0.00023    -0.99009    -0.98930    -0.99010     0.00000     0.00000     0.00000     0.00000     0.00000    -2.96972
   -13.43793    -0.00023    -0.99009    -0.98930    -0.99010     0.00000     0.00000     0.00000     0.00000     0.00000    -2.96972
   -13.31893    -0.00023    -0.99009    -0.98930    -0.99010     0.00000     0.00000     0.00000     0.00000     0.00000    -2.96972
   -13.19993    -0.00023    -0.99009    -0.98930    -0.99010     0.00000     0.00000     0.00000     0.00000     0.00000    -2.96972
   -13.08093    -0.00023    -0.99009    -0.98930    -0.99010     0.00000     0.00000     0.00000     0.00000     0.00000    -2.96972
   -12.96193    -0.00023    -0.99009    -0.98930    -0.99010     0.00000     0.00000     0.00000     0.00000     0.00000    -2.96972
   -12.84293    -0.00023    -0.99009    -0.98930    -0.99010     0.00000     0.00000     0.00000     0.00000     0.00000    -2.96972
   -12.72393    -0.00023    -0.99009    -0.98930    -0.99010     0.00000     0.00000     0.00000     0.00000     0.00000    -2.96972
   -12.60493    -0.00023    -0.99009    -0.98930    -0.99010     0.00000     0.00000     0.00000     0.00000     0.00000    -2.96972
   -12.48493    -0.00023    -0.99009    -0.98930    -0.99010     0.00000     0.00000     0.00000     0.00000     0.00000    -2.96972
   -12.36593    -0.00023    -0.99009    -0.98930    -0.99010     0.00000     0.00000     0.00000     0.00000     0.00000    -2.96972
   -12.24693    -0.00023    -0.99009    -0.98930    -0.99010     0.00000     0.00000     0.00000     0.00000     0.00000    -2.96972
   -12.12793    -0.00023    -0.99009    -0.98930    -0.99010     0.00000     0.00000     0.00000     0.00000     0.00000    -2.96972
   -12.00893    -0.00023    -0.99009    -0.98930    -0.99010     0.00000     0.00000     0.00000     0.00000     0.00000    -2.96972
   -11.88993    -0.00023    -0.99009    -0.98930    -0.99010     0.00000     0.00000     0.00000     0.00000     0.00000    -2.96972
   -11.77093    -0.00023    -0.99009    -0.98930    -0.99010     0.00000     0.00000     0.00000     0.00000     0.00000    -2.96972
   -11.65193    -0.00023    -0.99009    -0.98930    -0.99010     0.00000     0.00000     0.00000     0.00000     0.00000    -2.96972
   -11.53293    -0.00023    -0.99009    -0.98930    -0.99010     0.00000     0.00000     0.00000     0.00000     0.00000    -2.96972
   -11.41393    -0.00023    -0.99009    -0.98930    -0.99010     0.00000     0.00000     0.00000     0.00000     0.00000    -2.96972
   -11.29493    -0.00023    -0.99009    -0.98930    -0.99010     0.00000     0.00000     0.00000     0.00000     0.00000    -2.96972
   -11.17493    -0.00023    -0.99009    -0.98930    -0.99011     0.00000     0.00000     0.00000     0.00000     0.00000    -2.96972
   -11.05593    -0.00023    -0.99009    -0.98930    -0.99011     0.00000     0.00000     0.00000     0.00000     0.00000    -2.96972
   -10.93693    -0.00023    -0.99009    -0.98930    -0.99011     0.00000     0.00000     0.00000     0.00000     0.00000    -2.96972
   -10.81793    -0.00023    -0.99009    -0.98930    -0.99014     0.00000     0.00000     0.00000     0.00000     0.00000    -2.96976
   -10.69893    -0.00023    -0.99009    -0.98930    -0.99021     0.00000     0.00000     0.00000     0.00000     0.00000    -2.96983
   -10.57993    -0.00023    -0.99009    -0.98930    -0.99025     0.00000     0.00000     0.00000     0.00000     0.00000    -2.96987
   -10.46093    -0.00023    -0.99009    -0.98930    -0.99026     0.00000     0.00000     0.00000     0.00000     0.00000    -2.96987
   -10.34193    -0.00023    -0.99009    -0.98930    -0.99026     0.00000     0.00000     0.00000     0.00000     0.00000    -2.96987
   -10.22293    -0.00023    -0.99009    -0.98930    -0.99026     0.00000     0.00000     0.00000     0.00000     0.00000    -2.96987
   -10.10393    -0.00023    -0.99009    -0.98930    -0.99026     0.00000     0.00000     0.00000     0.00000     0.00000    -2.96987
    -9.98493    -0.00023    -0.99009    -0.98930    -0.99026     0.00000     0.00000     0.00000     0.00000     0.00000    -2.96987
    -9.86493    -0.00023    -0.99009    -0.98930    -0.99026     0.00000     0.00000     0.00000     0.00000     0.00000    -2.96987
    -9.74593    -0.00023    -0.99009    -0.98930    -0.99026     0.00000     0.00000     0.00000     0.00000     0.00000    -2.96987
    -9.62693    -0.00023    -0.99009    -0.98930    -0.99026     0.00000     0.00000     0.00000     0.00000     0.00000    -2.96987
    -9.50793    -0.00023    -0.99009    -0.98930    -0.99026     0.00000     0.00000     0.00000     0.00000     0.00000    -2.96988
    -9.38893    -0.00023    -0.99009    -0.98930    -0.99026     0.00000     0.00000     0.00000     0.00000     0.00000    -2.96988
    -9.26993    -0.00023    -0.99009    -0.98930    -0.99026     0.00000     0.00000     0.00000     0.00000     0.00000    -2.96988
    -9.15093    -0.00023    -0.99009    -0.98930    -0.99026     0.00000     0.00000     0.00000     0.00000     0.00000    -2.96988
    -9.03193    -0.00023    -0.99009    -0.98930    -0.99026     0.00000     0.00000     0.00000     0.00000     0.00000    -2.96988
    -8.91293    -0.00023    -0.99009    -0.98930    -0.99026     0.00000     0.00000     0.00000     0.00000     0.00000    -2.96988
    -8.79393    -0.00024    -0.99009    -0.98930    -0.99026     0.00000     0.00000     0.00000     0.00000     0.00000    -2.96988
    -8.67493    -0.00024    -0.99009    -0.98930    -0.99026     0.00000     0.00000     0.00000     0.00000     0.00000    -2.96988
    -8.55493    -0.00024    -0.99009    -0.98930    -0.99026     0.00000     0.00000     0.00000     0.00000     0.00000    -2.96989
    -8.43593    -0.00025    -0.99009    -0.98932    -0.99026     0.00000     0.00000     0.00000     0.00000     0.00000    -2.96991
    -8.31693    -0.00038    -0.99009    -0.98945    -0.99026     0.00000     0.00000     0.00000     0.00000     0.00000    -2.97017
    -8.19793    -0.00096    -0.99009    -0.99002    -0.99026     0.00000     0.00000     0.00000     0.00000     0.00000    -2.97132
    -8.07893    -0.00197    -0.99009    -0.99101    -0.99026     0.00000     0.00000     0.00000     0.00000     0.00000    -2.97332
    -7.95993    -0.00265    -0.99009    -0.99168    -0.99026     0.00000     0.00000     0.00000     0.00000     0.00000    -2.97467
    -7.84093    -0.00313    -0.99009    -0.99213    -0.99026     0.00000     0.00000     0.00000     0.00000     0.00000    -2.97561
    -7.72193    -0.00424    -0.99009    -0.99318    -0.99026     0.00000     0.00000     0.00000     0.00000     0.00000    -2.97776
    -7.60293    -0.00526    -0.99009    -0.99413    -0.99026     0.00000     0.00000     0.00000     0.00000     0.00000    -2.97973
    -7.48393    -0.00575    -0.99009    -0.99458    -0.99026     0.00000     0.00000     0.00000     0.00000     0.00000    -2.98067
    -7.36493    -0.00620    -0.99009    -0.99498    -0.99026     0.00000     0.00000     0.00000     0.00000     0.00000    -2.98152
    -7.24493    -0.00658    -0.99009    -0.99533    -0.99026     0.00000     0.00000     0.00000     0.00000     0.00000    -2.98226
    -7.12593    -0.00686    -0.99009    -0.99557    -0.99026     0.00000     0.00000     0.00000     0.00000     0.00000    -2.98278
    -7.00693    -0.00704    -0.99009    -0.99573    -0.99026     0.00000     0.00000     0.00000     0.00000     0.00000    -2.98311
    -6.88793    -0.00715    -0.99009    -0.99582    -0.99026     0.00000     0.00000     0.00000     0.00000     0.00000    -2.98332
    -6.76893    -0.00724    -0.99009    -0.99589    -0.99026     0.00000     0.00000     0.00000     0.00000     0.00000    -2.98347
    -6.64993    -0.00731    -0.99009    -0.99595    -0.99026     0.00000     0.00000     0.00000     0.00000     0.00000    -2.98361
    -6.53093    -0.00737    -0.99009    -0.99600    -0.99026     0.00000     0.00000     0.00000     0.00000     0.00000    -2.98372
    -6.41193    -0.00742    -0.99009    -0.99604    -0.99026     0.00000     0.00000     0.00000     0.00000     0.00000    -2.98380
    -6.29293    -0.00746    -0.99009    -0.99607    -0.99026     0.00000     0.00000     0.00000     0.00000     0.00000    -2.98388
    -6.17393    -0.00750    -0.99009    -0.99610    -0.99026     0.00000     0.00000     0.00000     0.00000     0.00000    -2.98395
    -6.05493    -0.00753    -0.99009    -0.99613    -0.99026     0.00000     0.00000     0.00000     0.00000     0.00000    -2.98400
    -5.93493    -0.00755    -0.99009    -0.99615    -0.99026     0.00000     0.00000     0.00000     0.00000     0.00000    -2.98405
    -5.81593    -0.00758    -0.99009    -0.99617    -0.99026     0.00000     0.00000     0.00000     0.00000     0.00000    -2.98410
    -5.69693    -0.00760    -0.99009    -0.99618    -0.99026     0.00000     0.00000     0.00000     0.00000     0.00000    -2.98413
    -5.57793    -0.00762    -0.99010    -0.99620    -0.99026     0.00000     0.00000     0.00000     0.00000     0.00000    -2.98417
    -5.45893    -0.00763    -0.99011    -0.99621    -0.99026     0.00000     0.00000     0.00000     0.00000     0.00000    -2.98421
    -5.33993    -0.00764    -0.99015    -0.99621    -0.99026     0.00000     0.00000     0.00000     0.00000     0.00000    -2.98427
    -5.22093    -0.00766    -0.99031    -0.99622    -0.99026     0.00000     0.00000     0.00000     0.00000     0.00000    -2.98444
    -5.10193    -0.00767    -0.99053    -0.99623    -0.99026     0.00000     0.00000     0.00000     0.00000     0.00000    -2.98469
    -4.98293    -0.00768    -0.99065    -0.99624    -0.99026     0.00000     0.00000     0.00000     0.00000     0.00000    -2.98483
    -4.86393    -0.00769    -0.99068    -0.99625    -0.99026     0.00000     0.00000     0.00000     0.00000     0.00000    -2.98487
    -4.74493    -0.00770    -0.99069    -0.99625    -0.99026     0.00000     0.00000     0.00000     0.00000     0.00000    -2.98490
    -4.62493    -0.00771    -0.99069    -0.99626    -0.99026     0.00000     0.00000     0.00000     0.00000     0.00000    -2.98492
    -4.50593    -0.00771    -0.99070    -0.99626    -0.99026     0.00000     0.00000     0.00000     0.00000     0.00000    -2.98493
    -4.38693    -0.00772    -0.99070    -0.99627    -0.99026     0.00000     0.00000     0.00000     0.00000     0.00000    -2.98495
    -4.26793    -0.00773    -0.99070    -0.99627    -0.99026     0.00000     0.00000     0.00000     0.00000     0.00000    -2.98496
    -4.14893    -0.00773    -0.99070    -0.99627    -0.99026     0.00000     0.00000     0.00000     0.00000     0.00000    -2.98497
    -4.02993    -0.00774    -0.99070    -0.99628    -0.99026     0.00000     0.00000     0.00000     0.00000     0.00000    -2.98498
    -3.91093    -0.00775    -0.99071    -0.99628    -0.99026     0.00000     0.00000     0.00000     0.00000     0.00000    -2.98499
    -3.79193    -0.00775    -0.99071    -0.99628    -0.99026     0.00000     0.00000     0.00000     0.00000     0.00000    -2.98500
    -3.67293    -0.00775    -0.99071    -0.99629    -0.99026     0.00000     0.00000     0.00000     0.00000     0.00000    -2.98501
    -3.55393    -0.00776    -0.99071    -0.99629    -0.99026     0.00000     0.00000     0.00000     0.00000     0.00000    -2.98501
    -3.43493    -0.00776    -0.99071    -0.99629    -0.99026     0.00000     0.00000     0.00000     0.00000     0.00000    -2.98502
    -3.31493    -0.00777    -0.99071    -0.99629    -0.99026     0.00000     0.00000     0.00000     0.00000     0.00000    -2.98503
    -3.19593    -0.00777    -0.99071    -0.99629    -0.99026     0.00000     0.00000     0.00000     0.00000     0.00000    -2.98503
    -3.07693    -0.00777    -0.99071    -0.99629    -0.99026     0.00000     0.00000     0.00000     0.00000     0.00000    -2.98504
    -2.95793    -0.00777    -0.99071    -0.99629    -0.99026     0.00000     0.00000     0.00000     0.00000     0.00000    -2.98504
    -2.83893    -0.00778    -0.99071    -0.99630    -0.99026     0.00000     0.00000     0.00000     0.00000     0.00000    -2.98505
    -2.71993    -0.00778    -0.99071    -0.99630    -0.99026     0.00000     0.00000     0.00000     0.00000     0.00000    -2.98505
    -2.60093    -0.00778    -0.99071    -0.99630    -0.99026     0.00000     0.00000     0.00000     0.00000     0.00000    -2.98505
    -2.48193    -0.00778    -0.99071    -0.99630    -0.99026     0.00000     0.00000     0.00000     0.00000     0.00000    -2.98505
    -2.36293    -0.00778    -0.99071    -0.99630    -0.99026     0.00000     0.00000     0.00000     0.00000     0.00000    -2.98506
    -2.24393    -0.00778    -0.99071    -0.99630    -0.99026     0.00000     0.00000     0.00000     0.00000     0.00000    -2.98506
    -2.12493    -0.00778    -0.99071    -0.99630    -0.99026     0.00000     0.00000     0.00000     0.00000     0.00000    -2.98506
    -2.00493    -0.00778    -0.99071    -0.99630    -0.99026     0.00000     0.00000     0.00000     0.00000     0.00000    -2.98506
    -1.88593    -0.00778    -0.99071    -0.99630    -0.99026     0.00000     0.00000     0.00000     0.00000     0.00000    -2.98506
    -1.76693    -0.00778    -0.99071    -0.99630    -0.99026     0.00000     0.00000     0.00000     0.00000     0.00000    -2.98506
    -1.64793    -0.00778    -0.99072    -0.99630    -0.99026     0.00000     0.00000     0.00000     0.00000     0.00000    -2.98506
    -1.52893    -0.00779    -0.99072    -0.99630    -0.99026     0.00000     0.00000     0.00000     0.00000     0.00000    -2.98506
    -1.40993    -0.00779    -0.99072    -0.99630    -0.99026     0.00000     0.00000     0.00000     0.00000     0.00000    -2.98506
    -1.29093    -0.00779    -0.99072    -0.99630    -0.99026     0.00000     0.00000     0.00000     0.00000     0.00000    -2.98506
    -1.17193    -0.00779    -0.99072    -0.99630    -0.99026     0.00000     0.00000     0.00000     0.00000     0.00000    -2.98507
    -1.05293    -0.00779    -0.99072    -0.99630    -0.99026     0.00000     0.00000     0.00000     0.00000     0.00000    -2.98507
    -0.93393    -0.00779    -0.99072    -0.99630    -0.99026     0.00000     0.00000     0.00000     0.00000     0.00000    -2.98507
    -0.81493    -0.00779    -0.99072    -0.99630    -0.99026     0.00000     0.00000     0.00000     0.00000     0.00000    -2.98507
    -0.69493    -0.00779    -0.99072    -0.99630    -0.99026     0.00000     0.00000     0.00000     0.00000     0.00000    -2.98507
    -0.57593    -0.00779    -0.99072    -0.99630    -0.99026     0.00000     0.00000     0.00000     0.00000     0.00000    -2.98507
    -0.45693    -0.00779    -0.99072    -0.99630    -0.99026     0.00000     0.00000     0.00000     0.00000     0.00000    -2.98507
    -0.33793    -0.00779    -0.99072    -0.99630    -0.99026     0.00000     0.00000     0.00000     0.00000     0.00000    -2.98507
    -0.21893    -0.00779    -0.99072    -0.99630    -0.99026     0.00000     0.00000     0.00000     0.00000     0.00000    -2.98507
    -0.09993    -0.00779    -0.99072    -0.99630    -0.99026     0.00000     0.00000     0.00000     0.00000     0.00000    -2.98507
     0.01907    -0.00779    -0.99072    -0.99630    -0.99026     0.00000     0.00000     0.00000     0.00000     0.00000    -2.98507
     0.13807    -0.00779    -0.99072    -0.99630    -0.99026     0.00000     0.00000     0.00000     0.00000     0.00000    -2.98507
     0.25707    -0.00779    -0.99072    -0.99630    -0.99026     0.00000     0.00000     0.00000     0.00000     0.00000    -2.98508
     0.37607    -0.00780    -0.99072    -0.99630    -0.99027     0.00000     0.00000     0.00000     0.00000     0.00000    -2.98508
     0.49507    -0.00781    -0.99072    -0.99630    -0.99027     0.00000     0.00000     0.00000     0.00000     0.00000    -2.98510
     0.61507    -0.00784    -0.99072    -0.99630    -0.99027     0.00000     0.00000     0.00000     0.00000     0.00000    -2.98513
     0.73407    -0.00795    -0.99072    -0.99630    -0.99027     0.00000     0.00000     0.00000     0.00000     0.00000    -2.98523
     0.85307    -0.00978    -0.99072    -0.99632    -0.99027     0.00000     0.00000     0.00000     0.00000     0.00000    -2.98708
     0.97207    -0.02711    -0.99072    -0.99653    -0.99027     0.00000     0.00000     0.00000     0.00000     0.00000    -3.00462
     1.09107    -0.06940    -0.99072    -0.99711    -0.99027     0.00000     0.00000     0.00000     0.00000     0.00000    -3.04750
     1.21007    -0.10392    -0.99072    -0.99763    -0.99027     0.00000     0.00000     0.00000     0.00000     0.00000    -3.08254
     1.32907    -0.11233    -0.99072    -0.99778    -0.99027     0.00000     0.00000     0.00000     0.00000     0.00000    -3.09110
     1.44807    -0.11307    -0.99072    -0.99781    -0.99027     0.00000     0.00000     0.00000     0.00000     0.00000    -3.09187
     1.56707    -0.11328    -0.99072    -0.99783    -0.99027     0.00000     0.00000     0.00000     0.00000     0.00000    -3.09211
     1.68607    -0.11340    -0.99072    -0.99785    -0.99027     0.00000     0.00000     0.00000     0.00000     0.00000    -3.09224
     1.80507    -0.11347    -0.99072    -0.99786    -0.99028     0.00000     0.00000     0.00000     0.00000     0.00000    -3.09233
     1.92507    -0.11355    -0.99072    -0.99788    -0.99028     0.00000     0.00000     0.00000     0.00000     0.00000    -3.09242
     2.04407    -0.11363    -0.99072    -0.99790    -0.99028     0.00000     0.00000     0.00000     0.00000     0.00000    -3.09253
     2.16307    -0.11378    -0.99072    -0.99794    -0.99028     0.00000     0.00000     0.00000     0.00000     0.00000    -3.09272
     2.28207    -0.11491    -0.99073    -0.99831    -0.99031     0.00000     0.00000     0.00000     0.00000     0.00000    -3.09426
     2.40107    -0.11952    -0.99082    -0.99982    -0.99070     0.00000     0.00000     0.00000     0.00000     0.00000    -3.10086
     2.52007    -0.12644    -0.99118    -1.00232    -0.99181     0.00000     0.00000     0.00000     0.00000     0.00000    -3.11174
     2.63907    -0.13153    -0.99200    -1.00482    -0.99328     0.00000     0.00000     0.00000     0.00000     0.00000    -3.12163
     2.75807    -0.13387    -0.99332    -1.00661    -0.99492     0.00000     0.00000     0.00000     0.00000     0.00000    -3.12873
     2.87707    -0.13469    -0.99497    -1.00738    -0.99696     0.00000     0.00000     0.00000     0.00000     0.00000    -3.13399
     2.99607    -0.13518    -0.99693    -1.00758    -0.99964     0.00000     0.00000     0.00000     0.00000     0.00000    -3.13932
     3.11507    -0.13558    -0.99966    -1.00765    -1.00299     0.00000     0.00000     0.00000     0.00000     0.00000    -3.14588
     3.23507    -0.13606    -1.00313    -1.00771    -1.00575     0.00000     0.00000     0.00000     0.00000     0.00000    -3.15266
     3.35407    -0.13744    -1.00625    -1.00809    -1.00757     0.00000     0.00000     0.00000     0.00000     0.00000    -3.15935
     3.47307    -0.14010    -1.00829    -1.00903    -1.00913     0.00000     0.00000     0.00000     0.00000     0.00000    -3.16655
     3.59207    -0.14237    -1.00988    -1.00986    -1.01067     0.00000     0.00000     0.00000     0.00000     0.00000    -3.17278
     3.71107    -0.14361    -1.01177    -1.01023    -1.01267     0.00000     0.00000     0.00000     0.00000     0.00000    -3.17828
     3.83007    -0.14544    -1.01394    -1.01060    -1.01530     0.00000     0.00000     0.00000     0.00000     0.00000    -3.18528
     3.94907    -0.14780    -1.01601    -1.01107    -1.01810     0.00000     0.00000     0.00000     0.00000     0.00000    -3.19298
     4.06807    -0.14974    -1.01769    -1.01147    -1.02055     0.00000     0.00000     0.00000     0.00000     0.00000    -3.19945
     4.18707    -0.15134    -1.01925    -1.01182    -1.02265     0.00000     0.00000     0.00000     0.00000     0.00000    -3.20506
     4.30607    -0.15276    -1.02132    -1.01217    -1.02503     0.00000     0.00000     0.00000     0.00000     0.00000    -3.21128
     4.42507    -0.15417    -1.02380    -1.01248    -1.02785     0.00000     0.00000     0.00000     0.00000     0.00000    -3.21830
     4.54507    -0.15582    -1.02585    -1.01282    -1.03052     0.00000     0.00000     0.00000     0.00000     0.00000    -3.22501
     4.66407    -0.15753    -1.02757    -1.01338    -1.03286     0.00000     0.00000     0.00000     0.00000     0.00000    -3.23134
     4.78307    -0.15909    -1.02933    -1.01417    -1.03462     0.00000     0.00000     0.00000     0.00000     0.00000    -3.23722
     4.90207    -0.16074    -1.03073    -1.01530    -1.03603     0.00000     0.00000     0.00000     0.00000     0.00000    -3.24280
     5.02107    -0.16260    -1.03192    -1.01673    -1.03768     0.00000     0.00000     0.00000     0.00000     0.00000    -3.24894
     5.14007    -0.16446    -1.03331    -1.01800    -1.03929     0.00000     0.00000     0.00000     0.00000     0.00000    -3.25505
     5.25907    -0.16637    -1.03481    -1.01886    -1.04029     0.00000     0.00000     0.00000     0.00000     0.00000    -3.26034
     5.37807    -0.16848    -1.03639    -1.01968    -1.04104     0.00000     0.00000     0.00000     0.00000     0.00000    -3.26560
     5.49707    -0.17086    -1.03810    -1.02058    -1.04211     0.00000     0.00000     0.00000     0.00000     0.00000    -3.27166
     5.61607    -0.17334    -1.03976    -1.02144    -1.04352     0.00000     0.00000     0.00000     0.00000     0.00000    -3.27807
     5.73507    -0.17579    -1.04129    -1.02260    -1.04496     0.00000     0.00000     0.00000     0.00000     0.00000    -3.28464
     5.85507    -0.17802    -1.04288    -1.02433    -1.04627     0.00000     0.00000     0.00000     0.00000     0.00000    -3.29149
     5.97407    -0.18009    -1.04458    -1.02642    -1.04743     0.00000     0.00000     0.00000     0.00000     0.00000    -3.29852
     6.09307    -0.18223    -1.04623    -1.02872    -1.04851     0.00000     0.00000     0.00000     0.00000     0.00000    -3.30570
     6.21207    -0.18426    -1.04755    -1.03109    -1.04950     0.00000     0.00000     0.00000     0.00000     0.00000    -3.31240
     6.33107    -0.18588    -1.04835    -1.03282    -1.05018     0.00000     0.00000     0.00000     0.00000     0.00000    -3.31723
     6.45007    -0.18685    -1.04867    -1.03350    -1.05048     0.00000     0.00000     0.00000     0.00000     0.00000    -3.31951
     6.56907    -0.18717    -1.04874    -1.03362    -1.05056     0.00000     0.00000     0.00000     0.00000     0.00000    -3.32008
     6.68807    -0.18719    -1.04875    -1.03362    -1.05056     0.00000     0.00000     0.00000     0.00000     0.00000    -3.32012
     6.80707    -0.18719    -1.04875    -1.03362    -1.05056     0.00000     0.00000     0.00000     0.00000     0.00000    -3.32012
     6.92607    -0.18719    -1.04875    -1.03362    -1.05056     0.00000     0.00000     0.00000     0.00000     0.00000    -3.32012
     7.04507    -0.18719    -1.04875    -1.03362    -1.05056     0.00000     0.00000     0.00000     0.00000     0.00000    -3.32012
     7.16507    -0.18719    -1.04875    -1.03362    -1.05056     0.00000     0.00000     0.00000     0.00000     0.00000    -3.32012
     7.28407    -0.18719    -1.04875    -1.03362    -1.05056     0.00000     0.00000     0.00000     0.00000     0.00000    -3.32012
     7.40307    -0.18719    -1.04875    -1.03362    -1.05056     0.00000     0.00000     0.00000     0.00000     0.00000    -3.32012
     7.52207    -0.18719    -1.04875    -1.03362    -1.05056     0.00000     0.00000     0.00000     0.00000     0.00000    -3.32012
     7.64107    -0.18719    -1.04875    -1.03362    -1.05056     0.00000     0.00000     0.00000     0.00000     0.00000    -3.32012
     7.76007    -0.18719    -1.04875    -1.03362    -1.05056     0.00000     0.00000     0.00000     0.00000     0.00000    -3.32012
     7.87907    -0.18719    -1.04875    -1.03362    -1.05056     0.00000     0.00000     0.00000     0.00000     0.00000    -3.32012
     7.99807    -0.18719    -1.04875    -1.03362    -1.05056     0.00000     0.00000     0.00000     0.00000     0.00000    -3.32012
