     #Energy           s          py          pz          px         dxy         dyz         dz2         dxz         dx2       tot  
   -27.72893     0.00000     0.00000     0.00000     0.00000     0.00000     0.00000     0.00000     0.00000     0.00000     0.00000
   -27.60993     0.00000     0.00000     0.00000     0.00000     0.00000     0.00000     0.00000     0.00000     0.00000     0.00000
   -27.49093     0.00000     0.00000     0.00000     0.00000     0.00000     0.00000     0.00000     0.00000     0.00000     0.00000
   -27.37193     0.00000     0.00000     0.00000     0.00000     0.00000     0.00000     0.00000     0.00000     0.00000     0.00000
   -27.25293     0.00000     0.00000     0.00000     0.00000     0.00000     0.00000     0.00000     0.00000     0.00000     0.00000
   -27.13393     0.00000     0.00000     0.00000     0.00000     0.00000     0.00000     0.00000     0.00000     0.00000     0.00000
   -27.01493     0.00000     0.00000     0.00000     0.00000     0.00000     0.00000     0.00000     0.00000     0.00000     0.00000
   -26.89493     0.00000     0.00000     0.00000     0.00000     0.00000     0.00000     0.00000     0.00000     0.00000     0.00000
   -26.77593     0.00000     0.00000     0.00000     0.00000     0.00000     0.00000     0.00000     0.00000     0.00000     0.00000
   -26.65693     0.00000     0.00000     0.00000     0.00000     0.00000     0.00000     0.00000     0.00000     0.00000     0.00000
   -26.53793     0.00000     0.00000     0.00000     0.00000     0.00000     0.00000     0.00000     0.00000     0.00000     0.00000
   -26.41893     0.00000     0.00000     0.00000     0.00000     0.00000     0.00000     0.00000     0.00000     0.00000     0.00000
   -26.29993     0.00000     0.00088     0.00005     0.00145     0.00000     0.00000     0.00000     0.00000     0.00000     0.00237
   -26.18093     0.00000     0.05485     0.00995     0.07167     0.00000     0.00000     0.00000     0.00000     0.00000     0.13646
   -26.06193     0.00000     0.38786     0.18528     0.43144     0.00000     0.00000     0.00000     0.00000     0.00000     1.00458
   -25.94293     0.00001     0.82081     0.62044     0.85082     0.00000     0.00000     0.00000     0.00000     0.00000     2.29208
   -25.82393     0.00001     0.98188     0.93550     0.98454     0.00000     0.00000     0.00000     0.00000     0.00000     2.90194
   -25.70493     0.00001     0.98995     0.98155     0.98990     0.00000     0.00000     0.00000     0.00000     0.00000     2.96141
   -25.58493     0.00001     0.98999     0.98220     0.98991     0.00000     0.00000     0.00000     0.00000     0.00000     2.96212
   -25.46593     0.00001     0.98999     0.98220     0.98991     0.00000     0.00000     0.00000     0.00000     0.00000     2.96212
   -25.34693     0.00001     0.98999     0.98220     0.98991     0.00000     0.00000     0.00000     0.00000     0.00000     2.96212
   -25.22793     0.00001     0.98999     0.98220     0.98991     0.00000     0.00000     0.00000     0.00000     0.00000     2.96212
   -25.10893     0.00001     0.98999     0.98220     0.98991     0.00000     0.00000     0.00000     0.00000     0.00000     2.96212
   -24.98993     0.00001     0.98999     0.98220     0.98991     0.00000     0.00000     0.00000     0.00000     0.00000     2.96212
   -24.87093     0.00001     0.98999     0.98220     0.98991     0.00000     0.00000     0.00000     0.00000     0.00000     2.96212
   -24.75193     0.00001     0.98999     0.98220     0.98991     0.00000     0.00000     0.00000     0.00000     0.00000     2.96212
   -24.63293     0.00001     0.98999     0.98220     0.98991     0.00000     0.00000     0.00000     0.00000     0.00000     2.96212
   -24.51393     0.00001     0.98999     0.98220     0.98991     0.00000     0.00000     0.00000     0.00000     0.00000     2.96212
   -24.39493     0.00001     0.98999     0.98220     0.98991     0.00000     0.00000     0.00000     0.00000     0.00000     2.96212
   -24.27493     0.00001     0.98999     0.98220     0.98991     0.00000     0.00000     0.00000     0.00000     0.00000     2.96212
   -24.15593     0.00001     0.98999     0.98220     0.98991     0.00000     0.00000     0.00000     0.00000     0.00000     2.96212
   -24.03693     0.00001     0.98999     0.98220     0.98991     0.00000     0.00000     0.00000     0.00000     0.00000     2.96212
   -23.91793     0.00001     0.98999     0.98220     0.98991     0.00000     0.00000     0.00000     0.00000     0.00000     2.96212
   -23.79893     0.00001     0.98999     0.98220     0.98991     0.00000     0.00000     0.00000     0.00000     0.00000     2.96212
   -23.67993     0.00001     0.98999     0.98220     0.98991     0.00000     0.00000     0.00000     0.00000     0.00000     2.96212
   -23.56093     0.00001     0.98999     0.98220     0.98991     0.00000     0.00000     0.00000     0.00000     0.00000     2.96212
   -23.44193     0.00001     0.98999     0.98220     0.98991     0.00000     0.00000     0.00000     0.00000     0.00000     2.96212
   -23.32293     0.00002     0.98999     0.98222     0.98991     0.00000     0.00000     0.00000     0.00000     0.00000     2.96214
   -23.20393     0.00004     0.98999     0.98289     0.98991     0.00000     0.00000     0.00000     0.00000     0.00000     2.96283
   -23.08493     0.00012     0.98999     0.98561     0.98991     0.00000     0.00000     0.00000     0.00000     0.00000     2.96563
   -22.96493     0.00021     0.98999     0.98837     0.98991     0.00000     0.00000     0.00000     0.00000     0.00000     2.96848
   -22.84593     0.00023     0.98999     0.98908     0.98991     0.00000     0.00000     0.00000     0.00000     0.00000     2.96921
   -22.72693     0.00023     0.98999     0.98910     0.98991     0.00000     0.00000     0.00000     0.00000     0.00000     2.96924
   -22.60793     0.00023     0.98999     0.98910     0.98991     0.00000     0.00000     0.00000     0.00000     0.00000     2.96924
   -22.48893     0.00023     0.98999     0.98910     0.98991     0.00000     0.00000     0.00000     0.00000     0.00000     2.96924
   -22.36993     0.00023     0.98999     0.98910     0.98991     0.00000     0.00000     0.00000     0.00000     0.00000     2.96924
   -22.25093     0.00023     0.98999     0.98910     0.98991     0.00000     0.00000     0.00000     0.00000     0.00000     2.96924
   -22.13193     0.00023     0.98999     0.98910     0.98991     0.00000     0.00000     0.00000     0.00000     0.00000     2.96924
   -22.01293     0.00023     0.98999     0.98910     0.98991     0.00000     0.00000     0.00000     0.00000     0.00000     2.96924
   -21.89393     0.00023     0.98999     0.98910     0.98991     0.00000     0.00000     0.00000     0.00000     0.00000     2.96924
   -21.77493     0.00023     0.98999     0.98910     0.98991     0.00000     0.00000     0.00000     0.00000     0.00000     2.96924
   -21.65493     0.00023     0.98999     0.98910     0.98991     0.00000     0.00000     0.00000     0.00000     0.00000     2.96924
   -21.53593     0.00023     0.98999     0.98910     0.98991     0.00000     0.00000     0.00000     0.00000     0.00000     2.96924
   -21.41693     0.00023     0.98999     0.98910     0.98991     0.00000     0.00000     0.00000     0.00000     0.00000     2.96924
   -21.29793     0.00023     0.98999     0.98910     0.98991     0.00000     0.00000     0.00000     0.00000     0.00000     2.96924
   -21.17893     0.00023     0.98999     0.98910     0.98991     0.00000     0.00000     0.00000     0.00000     0.00000     2.96924
   -21.05993     0.00023     0.98999     0.98910     0.98991     0.00000     0.00000     0.00000     0.00000     0.00000     2.96924
   -20.94093     0.00023     0.98999     0.98910     0.98991     0.00000     0.00000     0.00000     0.00000     0.00000     2.96924
   -20.82193     0.00023     0.98999     0.98910     0.98991     0.00000     0.00000     0.00000     0.00000     0.00000     2.96924
   -20.70293     0.00023     0.98999     0.98910     0.98991     0.00000     0.00000     0.00000     0.00000     0.00000     2.96924
   -20.58393     0.00023     0.98999     0.98910     0.98991     0.00000     0.00000     0.00000     0.00000     0.00000     2.96924
   -20.46493     0.00023     0.98999     0.98910     0.98991     0.00000     0.00000     0.00000     0.00000     0.00000     2.96924
   -20.34493     0.00023     0.98999     0.98910     0.98991     0.00000     0.00000     0.00000     0.00000     0.00000     2.96924
   -20.22593     0.00023     0.98999     0.98910     0.98991     0.00000     0.00000     0.00000     0.00000     0.00000     2.96924
   -20.10693     0.00023     0.98999     0.98910     0.98991     0.00000     0.00000     0.00000     0.00000     0.00000     2.96924
   -19.98793     0.00023     0.98999     0.98910     0.98991     0.00000     0.00000     0.00000     0.00000     0.00000     2.96924
   -19.86893     0.00023     0.98999     0.98910     0.98991     0.00000     0.00000     0.00000     0.00000     0.00000     2.96924
   -19.74993     0.00023     0.98999     0.98910     0.98991     0.00000     0.00000     0.00000     0.00000     0.00000     2.96924
   -19.63093     0.00023     0.98999     0.98911     0.98991     0.00000     0.00000     0.00000     0.00000     0.00000     2.96924
   -19.51193     0.00023     0.98999     0.98911     0.98991     0.00000     0.00000     0.00000     0.00000     0.00000     2.96924
   -19.39293     0.00023     0.98999     0.98911     0.98991     0.00000     0.00000     0.00000     0.00000     0.00000     2.96924
   -19.27393     0.00023     0.98999     0.98911     0.98991     0.00000     0.00000     0.00000     0.00000     0.00000     2.96924
   -19.15493     0.00023     0.98999     0.98911     0.98991     0.00000     0.00000     0.00000     0.00000     0.00000     2.96924
   -19.03493     0.00023     0.98999     0.98911     0.98991     0.00000     0.00000     0.00000     0.00000     0.00000     2.96924
   -18.91593     0.00023     0.98999     0.98911     0.98991     0.00000     0.00000     0.00000     0.00000     0.00000     2.96924
   -18.79693     0.00023     0.98999     0.98911     0.98991     0.00000     0.00000     0.00000     0.00000     0.00000     2.96924
   -18.67793     0.00023     0.98999     0.98911     0.98991     0.00000     0.00000     0.00000     0.00000     0.00000     2.96924
   -18.55893     0.00023     0.98999     0.98911     0.98991     0.00000     0.00000     0.00000     0.00000     0.00000     2.96924
   -18.43993     0.00023     0.98999     0.98911     0.98991     0.00000     0.00000     0.00000     0.00000     0.00000     2.96924
   -18.32093     0.00023     0.98999     0.98911     0.98991     0.00000     0.00000     0.00000     0.00000     0.00000     2.96924
   -18.20193     0.00023     0.98999     0.98911     0.98991     0.00000     0.00000     0.00000     0.00000     0.00000     2.96924
   -18.08293     0.00023     0.98999     0.98911     0.98991     0.00000     0.00000     0.00000     0.00000     0.00000     2.96924
   -17.96393     0.00023     0.98999     0.98911     0.98991     0.00000     0.00000     0.00000     0.00000     0.00000     2.96924
   -17.84493     0.00023     0.98999     0.98911     0.98991     0.00000     0.00000     0.00000     0.00000     0.00000     2.96924
   -17.72493     0.00023     0.98999     0.98911     0.98991     0.00000     0.00000     0.00000     0.00000     0.00000     2.96924
   -17.60593     0.00023     0.98999     0.98911     0.98991     0.00000     0.00000     0.00000     0.00000     0.00000     2.96924
   -17.48693     0.00023     0.98999     0.98911     0.98991     0.00000     0.00000     0.00000     0.00000     0.00000     2.96924
   -17.36793     0.00023     0.98999     0.98911     0.98991     0.00000     0.00000     0.00000     0.00000     0.00000     2.96924
   -17.24893     0.00023     0.98999     0.98911     0.98991     0.00000     0.00000     0.00000     0.00000     0.00000     2.96924
   -17.12993     0.00023     0.98999     0.98911     0.98991     0.00000     0.00000     0.00000     0.00000     0.00000     2.96924
   -17.01093     0.00023     0.98999     0.98911     0.98991     0.00000     0.00000     0.00000     0.00000     0.00000     2.96924
   -16.89193     0.00023     0.98999     0.98911     0.98991     0.00000     0.00000     0.00000     0.00000     0.00000     2.96924
   -16.77293     0.00023     0.98999     0.98911     0.98991     0.00000     0.00000     0.00000     0.00000     0.00000     2.96924
   -16.65393     0.00023     0.98999     0.98911     0.98991     0.00000     0.00000     0.00000     0.00000     0.00000     2.96924
   -16.53493     0.00023     0.98999     0.98911     0.98991     0.00000     0.00000     0.00000     0.00000     0.00000     2.96924
   -16.41493     0.00023     0.98999     0.98911     0.98991     0.00000     0.00000     0.00000     0.00000     0.00000     2.96924
   -16.29593     0.00023     0.98999     0.98911     0.98991     0.00000     0.00000     0.00000     0.00000     0.00000     2.96924
   -16.17693     0.00023     0.98999     0.98911     0.98991     0.00000     0.00000     0.00000     0.00000     0.00000     2.96924
   -16.05793     0.00023     0.98999     0.98911     0.98991     0.00000     0.00000     0.00000     0.00000     0.00000     2.96924
   -15.93893     0.00023     0.98999     0.98911     0.98991     0.00000     0.00000     0.00000     0.00000     0.00000     2.96924
   -15.81993     0.00023     0.98999     0.98911     0.98991     0.00000     0.00000     0.00000     0.00000     0.00000     2.96924
   -15.70093     0.00023     0.98999     0.98911     0.98991     0.00000     0.00000     0.00000     0.00000     0.00000     2.96924
   -15.58193     0.00023     0.98999     0.98911     0.98991     0.00000     0.00000     0.00000     0.00000     0.00000     2.96924
   -15.46293     0.00023     0.98999     0.98911     0.98991     0.00000     0.00000     0.00000     0.00000     0.00000     2.96924
   -15.34393     0.00023     0.98999     0.98911     0.98991     0.00000     0.00000     0.00000     0.00000     0.00000     2.96924
   -15.22493     0.00023     0.98999     0.98911     0.98991     0.00000     0.00000     0.00000     0.00000     0.00000     2.96924
   -15.10493     0.00023     0.98999     0.98911     0.98991     0.00000     0.00000     0.00000     0.00000     0.00000     2.96924
   -14.98593     0.00023     0.98999     0.98911     0.98991     0.00000     0.00000     0.00000     0.00000     0.00000     2.96924
   -14.86693     0.00023     0.98999     0.98911     0.98991     0.00000     0.00000     0.00000     0.00000     0.00000     2.96924
   -14.74793     0.00023     0.98999     0.98911     0.98991     0.00000     0.00000     0.00000     0.00000     0.00000     2.96924
   -14.62893     0.00023     0.98999     0.98911     0.98991     0.00000     0.00000     0.00000     0.00000     0.00000     2.96924
   -14.50993     0.00023     0.98999     0.98911     0.98991     0.00000     0.00000     0.00000     0.00000     0.00000     2.96924
   -14.39093     0.00023     0.98999     0.98911     0.98991     0.00000     0.00000     0.00000     0.00000     0.00000     2.96924
   -14.27193     0.00023     0.98999     0.98911     0.98991     0.00000     0.00000     0.00000     0.00000     0.00000     2.96924
   -14.15293     0.00023     0.98999     0.98911     0.98991     0.00000     0.00000     0.00000     0.00000     0.00000     2.96924
   -14.03393     0.00023     0.98999     0.98911     0.98991     0.00000     0.00000     0.00000     0.00000     0.00000     2.96924
   -13.91493     0.00023     0.98999     0.98911     0.98991     0.00000     0.00000     0.00000     0.00000     0.00000     2.96924
   -13.79493     0.00023     0.98999     0.98911     0.98991     0.00000     0.00000     0.00000     0.00000     0.00000     2.96924
   -13.67593     0.00023     0.98999     0.98911     0.98991     0.00000     0.00000     0.00000     0.00000     0.00000     2.96924
   -13.55693     0.00023     0.98999     0.98911     0.98991     0.00000     0.00000     0.00000     0.00000     0.00000     2.96924
   -13.43793     0.00023     0.98999     0.98911     0.98991     0.00000     0.00000     0.00000     0.00000     0.00000     2.96924
   -13.31893     0.00023     0.98999     0.98911     0.98991     0.00000     0.00000     0.00000     0.00000     0.00000     2.96924
   -13.19993     0.00023     0.98999     0.98911     0.98991     0.00000     0.00000     0.00000     0.00000     0.00000     2.96924
   -13.08093     0.00023     0.98999     0.98911     0.98991     0.00000     0.00000     0.00000     0.00000     0.00000     2.96924
   -12.96193     0.00023     0.98999     0.98911     0.98991     0.00000     0.00000     0.00000     0.00000     0.00000     2.96924
   -12.84293     0.00023     0.98999     0.98911     0.98991     0.00000     0.00000     0.00000     0.00000     0.00000     2.96924
   -12.72393     0.00023     0.98999     0.98911     0.98991     0.00000     0.00000     0.00000     0.00000     0.00000     2.96924
   -12.60493     0.00023     0.98999     0.98911     0.98991     0.00000     0.00000     0.00000     0.00000     0.00000     2.96924
   -12.48493     0.00023     0.98999     0.98911     0.98991     0.00000     0.00000     0.00000     0.00000     0.00000     2.96924
   -12.36593     0.00023     0.98999     0.98911     0.98991     0.00000     0.00000     0.00000     0.00000     0.00000     2.96924
   -12.24693     0.00023     0.98999     0.98911     0.98991     0.00000     0.00000     0.00000     0.00000     0.00000     2.96924
   -12.12793     0.00023     0.98999     0.98911     0.98991     0.00000     0.00000     0.00000     0.00000     0.00000     2.96925
   -12.00893     0.00023     0.98999     0.98911     0.98991     0.00000     0.00000     0.00000     0.00000     0.00000     2.96925
   -11.88993     0.00023     0.98999     0.98911     0.98991     0.00000     0.00000     0.00000     0.00000     0.00000     2.96925
   -11.77093     0.00023     0.98999     0.98911     0.98991     0.00000     0.00000     0.00000     0.00000     0.00000     2.96925
   -11.65193     0.00023     0.98999     0.98911     0.98991     0.00000     0.00000     0.00000     0.00000     0.00000     2.96925
   -11.53293     0.00023     0.98999     0.98911     0.98991     0.00000     0.00000     0.00000     0.00000     0.00000     2.96925
   -11.41393     0.00023     0.98999     0.98911     0.98991     0.00000     0.00000     0.00000     0.00000     0.00000     2.96925
   -11.29493     0.00023     0.98999     0.98911     0.98991     0.00000     0.00000     0.00000     0.00000     0.00000     2.96925
   -11.17493     0.00023     0.98999     0.98911     0.98991     0.00000     0.00000     0.00000     0.00000     0.00000     2.96925
   -11.05593     0.00023     0.98999     0.98911     0.98991     0.00000     0.00000     0.00000     0.00000     0.00000     2.96925
   -10.93693     0.00023     0.98999     0.98911     0.98992     0.00000     0.00000     0.00000     0.00000     0.00000     2.96925
   -10.81793     0.00023     0.98999     0.98911     0.98996     0.00000     0.00000     0.00000     0.00000     0.00000     2.96929
   -10.69893     0.00023     0.98999     0.98911     0.99003     0.00000     0.00000     0.00000     0.00000     0.00000     2.96936
   -10.57993     0.00023     0.98999     0.98911     0.99006     0.00000     0.00000     0.00000     0.00000     0.00000     2.96940
   -10.46093     0.00023     0.98999     0.98911     0.99007     0.00000     0.00000     0.00000     0.00000     0.00000     2.96940
   -10.34193     0.00023     0.98999     0.98911     0.99007     0.00000     0.00000     0.00000     0.00000     0.00000     2.96940
   -10.22293     0.00023     0.98999     0.98911     0.99007     0.00000     0.00000     0.00000     0.00000     0.00000     2.96940
   -10.10393     0.00023     0.98999     0.98911     0.99007     0.00000     0.00000     0.00000     0.00000     0.00000     2.96940
    -9.98493     0.00023     0.98999     0.98911     0.99007     0.00000     0.00000     0.00000     0.00000     0.00000     2.96940
    -9.86493     0.00023     0.98999     0.98911     0.99007     0.00000     0.00000     0.00000     0.00000     0.00000     2.96940
    -9.74593     0.00023     0.98999     0.98911     0.99007     0.00000     0.00000     0.00000     0.00000     0.00000     2.96940
    -9.62693     0.00023     0.98999     0.98911     0.99007     0.00000     0.00000     0.00000     0.00000     0.00000     2.96940
    -9.50793     0.00024     0.98999     0.98911     0.99007     0.00000     0.00000     0.00000     0.00000     0.00000     2.96940
    -9.38893     0.00024     0.98999     0.98911     0.99007     0.00000     0.00000     0.00000     0.00000     0.00000     2.96940
    -9.26993     0.00024     0.98999     0.98911     0.99007     0.00000     0.00000     0.00000     0.00000     0.00000     2.96941
    -9.15093     0.00024     0.98999     0.98911     0.99007     0.00000     0.00000     0.00000     0.00000     0.00000     2.96941
    -9.03193     0.00024     0.98999     0.98912     0.99007     0.00000     0.00000     0.00000     0.00000     0.00000     2.96941
    -8.91293     0.00024     0.98999     0.98912     0.99007     0.00000     0.00000     0.00000     0.00000     0.00000     2.96941
    -8.79393     0.00024     0.98999     0.98912     0.99007     0.00000     0.00000     0.00000     0.00000     0.00000     2.96941
    -8.67493     0.00024     0.98999     0.98912     0.99007     0.00000     0.00000     0.00000     0.00000     0.00000     2.96941
    -8.55493     0.00024     0.98999     0.98912     0.99007     0.00000     0.00000     0.00000     0.00000     0.00000     2.96942
    -8.43593     0.00026     0.98999     0.98913     0.99007     0.00000     0.00000     0.00000     0.00000     0.00000     2.96945
    -8.31693     0.00042     0.98999     0.98929     0.99007     0.00000     0.00000     0.00000     0.00000     0.00000     2.96976
    -8.19793     0.00111     0.98999     0.98995     0.99007     0.00000     0.00000     0.00000     0.00000     0.00000     2.97112
    -8.07893     0.00221     0.98999     0.99099     0.99007     0.00000     0.00000     0.00000     0.00000     0.00000     2.97326
    -7.95993     0.00288     0.98999     0.99163     0.99007     0.00000     0.00000     0.00000     0.00000     0.00000     2.97456
    -7.84093     0.00342     0.98999     0.99212     0.99007     0.00000     0.00000     0.00000     0.00000     0.00000     2.97560
    -7.72193     0.00458     0.98999     0.99317     0.99007     0.00000     0.00000     0.00000     0.00000     0.00000     2.97780
    -7.60293     0.00554     0.98999     0.99403     0.99007     0.00000     0.00000     0.00000     0.00000     0.00000     2.97963
    -7.48393     0.00600     0.98999     0.99444     0.99007     0.00000     0.00000     0.00000     0.00000     0.00000     2.98049
    -7.36493     0.00644     0.98999     0.99482     0.99007     0.00000     0.00000     0.00000     0.00000     0.00000     2.98132
    -7.24493     0.00681     0.98999     0.99514     0.99007     0.00000     0.00000     0.00000     0.00000     0.00000     2.98201
    -7.12593     0.00708     0.98999     0.99537     0.99007     0.00000     0.00000     0.00000     0.00000     0.00000     2.98251
    -7.00693     0.00725     0.98999     0.99551     0.99007     0.00000     0.00000     0.00000     0.00000     0.00000     2.98282
    -6.88793     0.00736     0.98999     0.99560     0.99007     0.00000     0.00000     0.00000     0.00000     0.00000     2.98302
    -6.76893     0.00745     0.98999     0.99567     0.99007     0.00000     0.00000     0.00000     0.00000     0.00000     2.98317
    -6.64993     0.00752     0.98999     0.99572     0.99007     0.00000     0.00000     0.00000     0.00000     0.00000     2.98330
    -6.53093     0.00758     0.98999     0.99577     0.99007     0.00000     0.00000     0.00000     0.00000     0.00000     2.98341
    -6.41193     0.00763     0.98999     0.99581     0.99007     0.00000     0.00000     0.00000     0.00000     0.00000     2.98349
    -6.29293     0.00767     0.98999     0.99584     0.99007     0.00000     0.00000     0.00000     0.00000     0.00000     2.98357
    -6.17393     0.00771     0.98999     0.99587     0.99007     0.00000     0.00000     0.00000     0.00000     0.00000     2.98363
    -6.05493     0.00774     0.98999     0.99589     0.99007     0.00000     0.00000     0.00000     0.00000     0.00000     2.98369
    -5.93493     0.00777     0.98999     0.99591     0.99007     0.00000     0.00000     0.00000     0.00000     0.00000     2.98374
    -5.81593     0.00779     0.98999     0.99593     0.99007     0.00000     0.00000     0.00000     0.00000     0.00000     2.98378
    -5.69693     0.00781     0.99000     0.99594     0.99007     0.00000     0.00000     0.00000     0.00000     0.00000     2.98382
    -5.57793     0.00783     0.99000     0.99596     0.99007     0.00000     0.00000     0.00000     0.00000     0.00000     2.98386
    -5.45893     0.00785     0.99001     0.99597     0.99007     0.00000     0.00000     0.00000     0.00000     0.00000     2.98390
    -5.33993     0.00786     0.99007     0.99597     0.99007     0.00000     0.00000     0.00000     0.00000     0.00000     2.98397
    -5.22093     0.00787     0.99024     0.99598     0.99007     0.00000     0.00000     0.00000     0.00000     0.00000     2.98416
    -5.10193     0.00789     0.99047     0.99599     0.99007     0.00000     0.00000     0.00000     0.00000     0.00000     2.98442
    -4.98293     0.00790     0.99058     0.99600     0.99007     0.00000     0.00000     0.00000     0.00000     0.00000     2.98455
    -4.86393     0.00791     0.99061     0.99601     0.99007     0.00000     0.00000     0.00000     0.00000     0.00000     2.98459
    -4.74493     0.00792     0.99061     0.99601     0.99007     0.00000     0.00000     0.00000     0.00000     0.00000     2.98461
    -4.62493     0.00793     0.99062     0.99602     0.99007     0.00000     0.00000     0.00000     0.00000     0.00000     2.98463
    -4.50593     0.00793     0.99062     0.99602     0.99007     0.00000     0.00000     0.00000     0.00000     0.00000     2.98465
    -4.38693     0.00794     0.99063     0.99602     0.99007     0.00000     0.00000     0.00000     0.00000     0.00000     2.98466
    -4.26793     0.00795     0.99063     0.99603     0.99007     0.00000     0.00000     0.00000     0.00000     0.00000     2.98468
    -4.14893     0.00795     0.99063     0.99603     0.99007     0.00000     0.00000     0.00000     0.00000     0.00000     2.98469
    -4.02993     0.00796     0.99063     0.99604     0.99007     0.00000     0.00000     0.00000     0.00000     0.00000     2.98470
    -3.91093     0.00797     0.99063     0.99604     0.99007     0.00000     0.00000     0.00000     0.00000     0.00000     2.98471
    -3.79193     0.00797     0.99063     0.99604     0.99007     0.00000     0.00000     0.00000     0.00000     0.00000     2.98472
    -3.67293     0.00798     0.99063     0.99604     0.99007     0.00000     0.00000     0.00000     0.00000     0.00000     2.98473
    -3.55393     0.00798     0.99063     0.99605     0.99007     0.00000     0.00000     0.00000     0.00000     0.00000     2.98473
    -3.43493     0.00799     0.99064     0.99605     0.99007     0.00000     0.00000     0.00000     0.00000     0.00000     2.98474
    -3.31493     0.00799     0.99064     0.99605     0.99007     0.00000     0.00000     0.00000     0.00000     0.00000     2.98475
    -3.19593     0.00799     0.99064     0.99605     0.99007     0.00000     0.00000     0.00000     0.00000     0.00000     2.98475
    -3.07693     0.00800     0.99064     0.99605     0.99007     0.00000     0.00000     0.00000     0.00000     0.00000     2.98476
    -2.95793     0.00800     0.99064     0.99605     0.99007     0.00000     0.00000     0.00000     0.00000     0.00000     2.98476
    -2.83893     0.00800     0.99064     0.99605     0.99007     0.00000     0.00000     0.00000     0.00000     0.00000     2.98477
    -2.71993     0.00800     0.99064     0.99605     0.99007     0.00000     0.00000     0.00000     0.00000     0.00000     2.98477
    -2.60093     0.00800     0.99064     0.99606     0.99007     0.00000     0.00000     0.00000     0.00000     0.00000     2.98477
    -2.48193     0.00801     0.99064     0.99606     0.99007     0.00000     0.00000     0.00000     0.00000     0.00000     2.98478
    -2.36293     0.00801     0.99064     0.99606     0.99007     0.00000     0.00000     0.00000     0.00000     0.00000     2.98478
    -2.24393     0.00801     0.99064     0.99606     0.99007     0.00000     0.00000     0.00000     0.00000     0.00000     2.98478
    -2.12493     0.00801     0.99064     0.99606     0.99007     0.00000     0.00000     0.00000     0.00000     0.00000     2.98478
    -2.00493     0.00801     0.99064     0.99606     0.99008     0.00000     0.00000     0.00000     0.00000     0.00000     2.98478
    -1.88593     0.00801     0.99064     0.99606     0.99008     0.00000     0.00000     0.00000     0.00000     0.00000     2.98478
    -1.76693     0.00801     0.99064     0.99606     0.99008     0.00000     0.00000     0.00000     0.00000     0.00000     2.98479
    -1.64793     0.00801     0.99064     0.99606     0.99008     0.00000     0.00000     0.00000     0.00000     0.00000     2.98479
    -1.52893     0.00801     0.99064     0.99606     0.99008     0.00000     0.00000     0.00000     0.00000     0.00000     2.98479
    -1.40993     0.00801     0.99064     0.99606     0.99008     0.00000     0.00000     0.00000     0.00000     0.00000     2.98479
    -1.29093     0.00801     0.99064     0.99606     0.99008     0.00000     0.00000     0.00000     0.00000     0.00000     2.98479
    -1.17193     0.00801     0.99064     0.99606     0.99008     0.00000     0.00000     0.00000     0.00000     0.00000     2.98479
    -1.05293     0.00801     0.99064     0.99606     0.99008     0.00000     0.00000     0.00000     0.00000     0.00000     2.98479
    -0.93393     0.00801     0.99064     0.99606     0.99008     0.00000     0.00000     0.00000     0.00000     0.00000     2.98479
    -0.81493     0.00801     0.99064     0.99606     0.99008     0.00000     0.00000     0.00000     0.00000     0.00000     2.98479
    -0.69493     0.00801     0.99064     0.99606     0.99008     0.00000     0.00000     0.00000     0.00000     0.00000     2.98479
    -0.57593     0.00801     0.99064     0.99606     0.99008     0.00000     0.00000     0.00000     0.00000     0.00000     2.98479
    -0.45693     0.00801     0.99064     0.99606     0.99008     0.00000     0.00000     0.00000     0.00000     0.00000     2.98479
    -0.33793     0.00802     0.99064     0.99606     0.99008     0.00000     0.00000     0.00000     0.00000     0.00000     2.98479
    -0.21893     0.00816     0.99064     0.99607     0.99008     0.00000     0.00000     0.00000     0.00000     0.00000     2.98494
    -0.09993     0.01423     0.99064     0.99643     0.99008     0.00000     0.00000     0.00000     0.00000     0.00000     2.99138
     0.01907     0.04612     0.99064     0.99837     0.99008     0.00000     0.00000     0.00000     0.00000     0.00000     3.02521
     0.13807     0.08537     0.99064     1.00076     0.99008     0.00000     0.00000     0.00000     0.00000     0.00000     3.06685
     0.25707     0.09938     0.99064     1.00161     0.99008     0.00000     0.00000     0.00000     0.00000     0.00000     3.08172
     0.37607     0.10012     0.99064     1.00166     0.99008     0.00000     0.00000     0.00000     0.00000     0.00000     3.08250
     0.49507     0.10013     0.99064     1.00166     0.99008     0.00000     0.00000     0.00000     0.00000     0.00000     3.08252
     0.61507     0.10014     0.99064     1.00167     0.99008     0.00000     0.00000     0.00000     0.00000     0.00000     3.08253
     0.73407     0.10014     0.99065     1.00167     0.99008     0.00000     0.00000     0.00000     0.00000     0.00000     3.08254
     0.85307     0.10015     0.99065     1.00168     0.99008     0.00000     0.00000     0.00000     0.00000     0.00000     3.08255
     0.97207     0.10015     0.99065     1.00169     0.99008     0.00000     0.00000     0.00000     0.00000     0.00000     3.08257
     1.09107     0.10016     0.99065     1.00172     0.99008     0.00000     0.00000     0.00000     0.00000     0.00000     3.08261
     1.21007     0.10017     0.99065     1.00174     0.99008     0.00000     0.00000     0.00000     0.00000     0.00000     3.08264
     1.32907     0.10017     0.99065     1.00177     0.99009     0.00000     0.00000     0.00000     0.00000     0.00000     3.08267
     1.44807     0.10017     0.99065     1.00180     0.99009     0.00000     0.00000     0.00000     0.00000     0.00000     3.08271
     1.56707     0.10018     0.99068     1.00183     0.99029     0.00000     0.00000     0.00000     0.00000     0.00000     3.08299
     1.68607     0.10028     0.99118     1.00192     0.99198     0.00000     0.00000     0.00000     0.00000     0.00000     3.08535
     1.80507     0.10060     0.99290     1.00240     0.99555     0.00000     0.00000     0.00000     0.00000     0.00000     3.09145
     1.92507     0.10114     0.99553     1.00376     0.99925     0.00000     0.00000     0.00000     0.00000     0.00000     3.09968
     2.04407     0.10199     0.99897     1.00636     1.00353     0.00000     0.00000     0.00000     0.00000     0.00000     3.11085
     2.16307     0.10284     1.00393     1.00897     1.00843     0.00000     0.00000     0.00000     0.00000     0.00000     3.12417
     2.28207     0.10325     1.00842     1.01002     1.01122     0.00000     0.00000     0.00000     0.00000     0.00000     3.13290
     2.40107     0.10349     1.01029     1.01015     1.01179     0.00000     0.00000     0.00000     0.00000     0.00000     3.13571
     2.52007     0.10430     1.01064     1.01020     1.01190     0.00000     0.00000     0.00000     0.00000     0.00000     3.13704
     2.63907     0.10634     1.01093     1.01032     1.01213     0.00000     0.00000     0.00000     0.00000     0.00000     3.13973
     2.75807     0.11007     1.01138     1.01055     1.01255     0.00000     0.00000     0.00000     0.00000     0.00000     3.14454
     2.87707     0.11489     1.01182     1.01088     1.01304     0.00000     0.00000     0.00000     0.00000     0.00000     3.15063
     2.99607     0.11911     1.01219     1.01132     1.01353     0.00000     0.00000     0.00000     0.00000     0.00000     3.15615
     3.11507     0.12188     1.01269     1.01188     1.01411     0.00000     0.00000     0.00000     0.00000     0.00000     3.16057
     3.23507     0.12343     1.01369     1.01242     1.01526     0.00000     0.00000     0.00000     0.00000     0.00000     3.16479
     3.35407     0.12453     1.01559     1.01289     1.01738     0.00000     0.00000     0.00000     0.00000     0.00000     3.17039
     3.47307     0.12567     1.01776     1.01339     1.01961     0.00000     0.00000     0.00000     0.00000     0.00000     3.17643
     3.59207     0.12721     1.01913     1.01392     1.02090     0.00000     0.00000     0.00000     0.00000     0.00000     3.18116
     3.71107     0.12923     1.01992     1.01449     1.02174     0.00000     0.00000     0.00000     0.00000     0.00000     3.18538
     3.83007     0.13165     1.02079     1.01504     1.02277     0.00000     0.00000     0.00000     0.00000     0.00000     3.19025
     3.94907     0.13479     1.02203     1.01563     1.02415     0.00000     0.00000     0.00000     0.00000     0.00000     3.19660
     4.06807     0.13771     1.02350     1.01624     1.02574     0.00000     0.00000     0.00000     0.00000     0.00000     3.20319
     4.18707     0.13998     1.02478     1.01690     1.02717     0.00000     0.00000     0.00000     0.00000     0.00000     3.20884
     4.30607     0.14255     1.02571     1.01756     1.02837     0.00000     0.00000     0.00000     0.00000     0.00000     3.21419
     4.42507     0.14557     1.02646     1.01816     1.02946     0.00000     0.00000     0.00000     0.00000     0.00000     3.21964
     4.54507     0.14851     1.02740     1.01875     1.03066     0.00000     0.00000     0.00000     0.00000     0.00000     3.22532
     4.66407     0.15115     1.02867     1.01930     1.03221     0.00000     0.00000     0.00000     0.00000     0.00000     3.23133
     4.78307     0.15355     1.03020     1.01983     1.03390     0.00000     0.00000     0.00000     0.00000     0.00000     3.23748
     4.90207     0.15571     1.03184     1.02042     1.03536     0.00000     0.00000     0.00000     0.00000     0.00000     3.24333
     5.02107     0.15776     1.03334     1.02104     1.03681     0.00000     0.00000     0.00000     0.00000     0.00000     3.24895
     5.14007     0.15982     1.03476     1.02172     1.03836     0.00000     0.00000     0.00000     0.00000     0.00000     3.25466
     5.25907     0.16217     1.03630     1.02249     1.03976     0.00000     0.00000     0.00000     0.00000     0.00000     3.26072
     5.37807     0.16470     1.03787     1.02334     1.04103     0.00000     0.00000     0.00000     0.00000     0.00000     3.26695
     5.49707     0.16720     1.03924     1.02430     1.04230     0.00000     0.00000     0.00000     0.00000     0.00000     3.27303
     5.61607     0.17013     1.04060     1.02546     1.04365     0.00000     0.00000     0.00000     0.00000     0.00000     3.27984
     5.73507     0.17324     1.04223     1.02673     1.04504     0.00000     0.00000     0.00000     0.00000     0.00000     3.28724
     5.85507     0.17547     1.04372     1.02768     1.04625     0.00000     0.00000     0.00000     0.00000     0.00000     3.29312
     5.97407     0.17698     1.04452     1.02812     1.04702     0.00000     0.00000     0.00000     0.00000     0.00000     3.29664
     6.09307     0.17799     1.04475     1.02827     1.04730     0.00000     0.00000     0.00000     0.00000     0.00000     3.29831
     6.21207     0.17833     1.04477     1.02829     1.04734     0.00000     0.00000     0.00000     0.00000     0.00000     3.29874
     6.33107     0.17835     1.04477     1.02829     1.04735     0.00000     0.00000     0.00000     0.00000     0.00000     3.29876
     6.45007     0.17835     1.04477     1.02829     1.04735     0.00000     0.00000     0.00000     0.00000     0.00000     3.29876
     6.56907     0.17835     1.04477     1.02829     1.04735     0.00000     0.00000     0.00000     0.00000     0.00000     3.29876
     6.68807     0.17835     1.04477     1.02829     1.04735     0.00000     0.00000     0.00000     0.00000     0.00000     3.29876
     6.80707     0.17835     1.04477     1.02829     1.04735     0.00000     0.00000     0.00000     0.00000     0.00000     3.29876
     6.92607     0.17835     1.04477     1.02829     1.04735     0.00000     0.00000     0.00000     0.00000     0.00000     3.29876
     7.04507     0.17835     1.04477     1.02829     1.04735     0.00000     0.00000     0.00000     0.00000     0.00000     3.29876
     7.16507     0.17835     1.04477     1.02829     1.04735     0.00000     0.00000     0.00000     0.00000     0.00000     3.29876
     7.28407     0.17835     1.04477     1.02829     1.04735     0.00000     0.00000     0.00000     0.00000     0.00000     3.29876
     7.40307     0.17835     1.04477     1.02829     1.04735     0.00000     0.00000     0.00000     0.00000     0.00000     3.29876
     7.52207     0.17835     1.04477     1.02829     1.04735     0.00000     0.00000     0.00000     0.00000     0.00000     3.29876
     7.64107     0.17835     1.04477     1.02829     1.04735     0.00000     0.00000     0.00000     0.00000     0.00000     3.29876
     7.76007     0.17835     1.04477     1.02829     1.04735     0.00000     0.00000     0.00000     0.00000     0.00000     3.29876
     7.87907     0.17835     1.04477     1.02829     1.04735     0.00000     0.00000     0.00000     0.00000     0.00000     3.29876
     7.99807     0.17835     1.04477     1.02829     1.04735     0.00000     0.00000     0.00000     0.00000     0.00000     3.29876
