     #Energy           s          py          pz          px         dxy         dyz         dz2         dxz         dx2       tot  
   -27.72893     0.00000     0.00000     0.00000     0.00000     0.00000     0.00000     0.00000     0.00000     0.00000     0.00000
   -27.60993     0.00000     0.00000     0.00000     0.00000     0.00000     0.00000     0.00000     0.00000     0.00000     0.00000
   -27.49093     0.00000     0.00000     0.00000     0.00000     0.00000     0.00000     0.00000     0.00000     0.00000     0.00000
   -27.37193     0.00000     0.00000     0.00000     0.00000     0.00000     0.00000     0.00000     0.00000     0.00000     0.00000
   -27.25293     0.00000     0.00000     0.00000     0.00000     0.00000     0.00000     0.00000     0.00000     0.00000     0.00000
   -27.13393     0.00000     0.00000     0.00000     0.00000     0.00000     0.00000     0.00000     0.00000     0.00000     0.00000
   -27.01493     0.00000     0.00000     0.00000     0.00000     0.00000     0.00000     0.00000     0.00000     0.00000     0.00000
   -26.89493     0.00000     0.00000     0.00000     0.00000     0.00000     0.00000     0.00000     0.00000     0.00000     0.00000
   -26.77593     0.00000     0.00000     0.00000     0.00000     0.00000     0.00000     0.00000     0.00000     0.00000     0.00000
   -26.65693     0.00000     0.00000     0.00000     0.00000     0.00000     0.00000     0.00000     0.00000     0.00000     0.00000
   -26.53793    -0.00000    -0.00000    -0.00000    -0.00000     0.00000     0.00000     0.00000     0.00000     0.00000    -0.00000
   -26.41893    -0.00000    -0.00000    -0.00000    -0.00000     0.00000     0.00000     0.00000     0.00000     0.00000    -0.00000
   -26.29993    -0.00000    -0.00000    -0.00000    -0.00000     0.00000     0.00000     0.00000     0.00000     0.00000    -0.00000
   -26.18093    -0.00001    -0.00000    -0.00000    -0.00000     0.00000     0.00000     0.00000     0.00000     0.00000    -0.00001
   -26.06193    -0.00036    -0.00000    -0.00000    -0.00000     0.00000     0.00000     0.00000     0.00000     0.00000    -0.00036
   -25.94293    -0.00213    -0.00000    -0.00002    -0.00001     0.00000     0.00000     0.00000     0.00000     0.00000    -0.00216
   -25.82393    -0.00418    -0.00001    -0.00004    -0.00001     0.00000     0.00000     0.00000     0.00000     0.00000    -0.00423
   -25.70493    -0.00483    -0.00001    -0.00004    -0.00001     0.00000     0.00000     0.00000     0.00000     0.00000    -0.00489
   -25.58493    -0.00485    -0.00001    -0.00005    -0.00001     0.00000     0.00000     0.00000     0.00000     0.00000    -0.00491
   -25.46593    -0.00485    -0.00001    -0.00005    -0.00001     0.00000     0.00000     0.00000     0.00000     0.00000    -0.00491
   -25.34693    -0.00485    -0.00001    -0.00005    -0.00001     0.00000     0.00000     0.00000     0.00000     0.00000    -0.00491
   -25.22793    -0.00485    -0.00001    -0.00005    -0.00001     0.00000     0.00000     0.00000     0.00000     0.00000    -0.00491
   -25.10893    -0.00485    -0.00001    -0.00005    -0.00001     0.00000     0.00000     0.00000     0.00000     0.00000    -0.00491
   -24.98993    -0.00485    -0.00001    -0.00005    -0.00001     0.00000     0.00000     0.00000     0.00000     0.00000    -0.00491
   -24.87093    -0.00485    -0.00001    -0.00005    -0.00001     0.00000     0.00000     0.00000     0.00000     0.00000    -0.00491
   -24.75193    -0.00485    -0.00001    -0.00005    -0.00001     0.00000     0.00000     0.00000     0.00000     0.00000    -0.00491
   -24.63293    -0.00485    -0.00001    -0.00005    -0.00001     0.00000     0.00000     0.00000     0.00000     0.00000    -0.00491
   -24.51393    -0.00485    -0.00001    -0.00005    -0.00001     0.00000     0.00000     0.00000     0.00000     0.00000    -0.00491
   -24.39493    -0.00485    -0.00001    -0.00005    -0.00001     0.00000     0.00000     0.00000     0.00000     0.00000    -0.00491
   -24.27493    -0.00485    -0.00001    -0.00005    -0.00001     0.00000     0.00000     0.00000     0.00000     0.00000    -0.00491
   -24.15593    -0.00485    -0.00001    -0.00005    -0.00001     0.00000     0.00000     0.00000     0.00000     0.00000    -0.00491
   -24.03693    -0.00485    -0.00001    -0.00005    -0.00001     0.00000     0.00000     0.00000     0.00000     0.00000    -0.00491
   -23.91793    -0.00485    -0.00001    -0.00005    -0.00001     0.00000     0.00000     0.00000     0.00000     0.00000    -0.00491
   -23.79893    -0.00485    -0.00001    -0.00005    -0.00001     0.00000     0.00000     0.00000     0.00000     0.00000    -0.00491
   -23.67993    -0.00485    -0.00001    -0.00005    -0.00001     0.00000     0.00000     0.00000     0.00000     0.00000    -0.00491
   -23.56093    -0.00485    -0.00001    -0.00005    -0.00001     0.00000     0.00000     0.00000     0.00000     0.00000    -0.00491
   -23.44193    -0.00485    -0.00001    -0.00005    -0.00001     0.00000     0.00000     0.00000     0.00000     0.00000    -0.00491
   -23.32293    -0.00616    -0.00001    -0.00010    -0.00001     0.00000     0.00000     0.00000     0.00000     0.00000    -0.00628
   -23.20393    -0.06277    -0.00001    -0.00265    -0.00001     0.00000     0.00000     0.00000     0.00000     0.00000    -0.06543
   -23.08493    -0.32851    -0.00001    -0.01458    -0.00001     0.00000     0.00000     0.00000     0.00000     0.00000    -0.34311
   -22.96493    -0.62255    -0.00001    -0.02778    -0.00001     0.00000     0.00000     0.00000     0.00000     0.00000    -0.65035
   -22.84593    -0.70925    -0.00001    -0.03168    -0.00001     0.00000     0.00000     0.00000     0.00000     0.00000    -0.74095
   -22.72693    -0.71237    -0.00001    -0.03182    -0.00001     0.00000     0.00000     0.00000     0.00000     0.00000    -0.74420
   -22.60793    -0.71238    -0.00001    -0.03182    -0.00001     0.00000     0.00000     0.00000     0.00000     0.00000    -0.74421
   -22.48893    -0.71238    -0.00001    -0.03182    -0.00001     0.00000     0.00000     0.00000     0.00000     0.00000    -0.74421
   -22.36993    -0.71238    -0.00001    -0.03182    -0.00001     0.00000     0.00000     0.00000     0.00000     0.00000    -0.74421
   -22.25093    -0.71238    -0.00001    -0.03182    -0.00001     0.00000     0.00000     0.00000     0.00000     0.00000    -0.74421
   -22.13193    -0.71238    -0.00001    -0.03182    -0.00001     0.00000     0.00000     0.00000     0.00000     0.00000    -0.74421
   -22.01293    -0.71238    -0.00001    -0.03182    -0.00001     0.00000     0.00000     0.00000     0.00000     0.00000    -0.74421
   -21.89393    -0.71238    -0.00001    -0.03182    -0.00001     0.00000     0.00000     0.00000     0.00000     0.00000    -0.74421
   -21.77493    -0.71238    -0.00001    -0.03182    -0.00001     0.00000     0.00000     0.00000     0.00000     0.00000    -0.74421
   -21.65493    -0.71238    -0.00001    -0.03182    -0.00001     0.00000     0.00000     0.00000     0.00000     0.00000    -0.74421
   -21.53593    -0.71238    -0.00001    -0.03182    -0.00001     0.00000     0.00000     0.00000     0.00000     0.00000    -0.74421
   -21.41693    -0.71238    -0.00001    -0.03182    -0.00001     0.00000     0.00000     0.00000     0.00000     0.00000    -0.74421
   -21.29793    -0.71238    -0.00001    -0.03182    -0.00001     0.00000     0.00000     0.00000     0.00000     0.00000    -0.74421
   -21.17893    -0.71238    -0.00001    -0.03182    -0.00001     0.00000     0.00000     0.00000     0.00000     0.00000    -0.74421
   -21.05993    -0.71238    -0.00001    -0.03182    -0.00001     0.00000     0.00000     0.00000     0.00000     0.00000    -0.74421
   -20.94093    -0.71238    -0.00001    -0.03182    -0.00001     0.00000     0.00000     0.00000     0.00000     0.00000    -0.74421
   -20.82193    -0.71238    -0.00001    -0.03182    -0.00001     0.00000     0.00000     0.00000     0.00000     0.00000    -0.74421
   -20.70293    -0.71238    -0.00001    -0.03182    -0.00001     0.00000     0.00000     0.00000     0.00000     0.00000    -0.74421
   -20.58393    -0.71238    -0.00001    -0.03182    -0.00001     0.00000     0.00000     0.00000     0.00000     0.00000    -0.74421
   -20.46493    -0.71238    -0.00001    -0.03182    -0.00001     0.00000     0.00000     0.00000     0.00000     0.00000    -0.74421
   -20.34493    -0.71238    -0.00001    -0.03182    -0.00001     0.00000     0.00000     0.00000     0.00000     0.00000    -0.74421
   -20.22593    -0.71238    -0.00001    -0.03182    -0.00001     0.00000     0.00000     0.00000     0.00000     0.00000    -0.74421
   -20.10693    -0.71239    -0.00001    -0.03182    -0.00001     0.00000     0.00000     0.00000     0.00000     0.00000    -0.74422
   -19.98793    -0.71244    -0.00001    -0.03182    -0.00001     0.00000     0.00000     0.00000     0.00000     0.00000    -0.74427
   -19.86893    -0.71253    -0.00001    -0.03182    -0.00001     0.00000     0.00000     0.00000     0.00000     0.00000    -0.74436
   -19.74993    -0.71263    -0.00001    -0.03182    -0.00001     0.00000     0.00000     0.00000     0.00000     0.00000    -0.74446
   -19.63093    -0.71272    -0.00001    -0.03182    -0.00001     0.00000     0.00000     0.00000     0.00000     0.00000    -0.74455
   -19.51193    -0.71280    -0.00001    -0.03182    -0.00001     0.00000     0.00000     0.00000     0.00000     0.00000    -0.74463
   -19.39293    -0.71286    -0.00001    -0.03182    -0.00001     0.00000     0.00000     0.00000     0.00000     0.00000    -0.74470
   -19.27393    -0.71292    -0.00001    -0.03182    -0.00001     0.00000     0.00000     0.00000     0.00000     0.00000    -0.74476
   -19.15493    -0.71298    -0.00001    -0.03182    -0.00001     0.00000     0.00000     0.00000     0.00000     0.00000    -0.74481
   -19.03493    -0.71303    -0.00001    -0.03182    -0.00001     0.00000     0.00000     0.00000     0.00000     0.00000    -0.74487
   -18.91593    -0.71308    -0.00001    -0.03182    -0.00001     0.00000     0.00000     0.00000     0.00000     0.00000    -0.74491
   -18.79693    -0.71312    -0.00001    -0.03182    -0.00001     0.00000     0.00000     0.00000     0.00000     0.00000    -0.74496
   -18.67793    -0.71316    -0.00001    -0.03182    -0.00001     0.00000     0.00000     0.00000     0.00000     0.00000    -0.74500
   -18.55893    -0.71320    -0.00001    -0.03182    -0.00001     0.00000     0.00000     0.00000     0.00000     0.00000    -0.74504
   -18.43993    -0.71324    -0.00001    -0.03182    -0.00002     0.00000     0.00000     0.00000     0.00000     0.00000    -0.74508
   -18.32093    -0.71327    -0.00001    -0.03182    -0.00002     0.00000     0.00000     0.00000     0.00000     0.00000    -0.74511
   -18.20193    -0.71330    -0.00001    -0.03182    -0.00002     0.00000     0.00000     0.00000     0.00000     0.00000    -0.74514
   -18.08293    -0.71333    -0.00001    -0.03182    -0.00002     0.00000     0.00000     0.00000     0.00000     0.00000    -0.74517
   -17.96393    -0.71335    -0.00001    -0.03182    -0.00002     0.00000     0.00000     0.00000     0.00000     0.00000    -0.74520
   -17.84493    -0.71338    -0.00001    -0.03182    -0.00002     0.00000     0.00000     0.00000     0.00000     0.00000    -0.74523
   -17.72493    -0.71340    -0.00001    -0.03182    -0.00002     0.00000     0.00000     0.00000     0.00000     0.00000    -0.74525
   -17.60593    -0.71342    -0.00001    -0.03182    -0.00003     0.00000     0.00000     0.00000     0.00000     0.00000    -0.74528
   -17.48693    -0.71344    -0.00001    -0.03182    -0.00003     0.00000     0.00000     0.00000     0.00000     0.00000    -0.74530
   -17.36793    -0.71346    -0.00001    -0.03182    -0.00003     0.00000     0.00000     0.00000     0.00000     0.00000    -0.74532
   -17.24893    -0.71348    -0.00001    -0.03182    -0.00003     0.00000     0.00000     0.00000     0.00000     0.00000    -0.74534
   -17.12993    -0.71350    -0.00001    -0.03182    -0.00003     0.00000     0.00000     0.00000     0.00000     0.00000    -0.74536
   -17.01093    -0.71351    -0.00001    -0.03182    -0.00004     0.00000     0.00000     0.00000     0.00000     0.00000    -0.74538
   -16.89193    -0.71353    -0.00001    -0.03182    -0.00004     0.00000     0.00000     0.00000     0.00000     0.00000    -0.74540
   -16.77293    -0.71354    -0.00001    -0.03182    -0.00004     0.00000     0.00000     0.00000     0.00000     0.00000    -0.74541
   -16.65393    -0.71355    -0.00001    -0.03182    -0.00004     0.00000     0.00000     0.00000     0.00000     0.00000    -0.74543
   -16.53493    -0.71357    -0.00001    -0.03182    -0.00005     0.00000     0.00000     0.00000     0.00000     0.00000    -0.74545
   -16.41493    -0.71358    -0.00001    -0.03183    -0.00005     0.00000     0.00000     0.00000     0.00000     0.00000    -0.74546
   -16.29593    -0.71359    -0.00001    -0.03183    -0.00006     0.00000     0.00000     0.00000     0.00000     0.00000    -0.74548
   -16.17693    -0.71360    -0.00001    -0.03183    -0.00006     0.00000     0.00000     0.00000     0.00000     0.00000    -0.74549
   -16.05793    -0.71361    -0.00001    -0.03183    -0.00006     0.00000     0.00000     0.00000     0.00000     0.00000    -0.74551
   -15.93893    -0.71362    -0.00001    -0.03183    -0.00007     0.00000     0.00000     0.00000     0.00000     0.00000    -0.74552
   -15.81993    -0.71363    -0.00001    -0.03183    -0.00007     0.00000     0.00000     0.00000     0.00000     0.00000    -0.74554
   -15.70093    -0.71363    -0.00001    -0.03183    -0.00008     0.00000     0.00000     0.00000     0.00000     0.00000    -0.74555
   -15.58193    -0.71364    -0.00001    -0.03183    -0.00008     0.00000     0.00000     0.00000     0.00000     0.00000    -0.74557
   -15.46293    -0.71365    -0.00001    -0.03183    -0.00009     0.00000     0.00000     0.00000     0.00000     0.00000    -0.74558
   -15.34393    -0.71365    -0.00001    -0.03183    -0.00010     0.00000     0.00000     0.00000     0.00000     0.00000    -0.74559
   -15.22493    -0.71366    -0.00001    -0.03183    -0.00011     0.00000     0.00000     0.00000     0.00000     0.00000    -0.74561
   -15.10493    -0.71366    -0.00001    -0.03183    -0.00011     0.00000     0.00000     0.00000     0.00000     0.00000    -0.74562
   -14.98593    -0.71367    -0.00001    -0.03183    -0.00012     0.00000     0.00000     0.00000     0.00000     0.00000    -0.74564
   -14.86693    -0.71367    -0.00001    -0.03183    -0.00014     0.00000     0.00000     0.00000     0.00000     0.00000    -0.74566
   -14.74793    -0.71368    -0.00001    -0.03183    -0.00015     0.00000     0.00000     0.00000     0.00000     0.00000    -0.74568
   -14.62893    -0.71368    -0.00002    -0.03184    -0.00016     0.00000     0.00000     0.00000     0.00000     0.00000    -0.74569
   -14.50993    -0.71368    -0.00002    -0.03184    -0.00017     0.00000     0.00000     0.00000     0.00000     0.00000    -0.74571
   -14.39093    -0.71368    -0.00002    -0.03184    -0.00018     0.00000     0.00000     0.00000     0.00000     0.00000    -0.74572
   -14.27193    -0.71368    -0.00002    -0.03184    -0.00019     0.00000     0.00000     0.00000     0.00000     0.00000    -0.74573
   -14.15293    -0.71368    -0.00002    -0.03184    -0.00020     0.00000     0.00000     0.00000     0.00000     0.00000    -0.74574
   -14.03393    -0.71369    -0.00002    -0.03184    -0.00021     0.00000     0.00000     0.00000     0.00000     0.00000    -0.74574
   -13.91493    -0.71369    -0.00002    -0.03184    -0.00021     0.00000     0.00000     0.00000     0.00000     0.00000    -0.74575
   -13.79493    -0.71369    -0.00002    -0.03184    -0.00022     0.00000     0.00000     0.00000     0.00000     0.00000    -0.74576
   -13.67593    -0.71369    -0.00002    -0.03184    -0.00022     0.00000     0.00000     0.00000     0.00000     0.00000    -0.74577
   -13.55693    -0.71370    -0.00002    -0.03184    -0.00023     0.00000     0.00000     0.00000     0.00000     0.00000    -0.74579
   -13.43793    -0.71370    -0.00002    -0.03184    -0.00024     0.00000     0.00000     0.00000     0.00000     0.00000    -0.74580
   -13.31893    -0.71371    -0.00002    -0.03185    -0.00025     0.00000     0.00000     0.00000     0.00000     0.00000    -0.74582
   -13.19993    -0.71372    -0.00002    -0.03185    -0.00025     0.00000     0.00000     0.00000     0.00000     0.00000    -0.74584
   -13.08093    -0.71372    -0.00002    -0.03185    -0.00027     0.00000     0.00000     0.00000     0.00000     0.00000    -0.74586
   -12.96193    -0.71373    -0.00002    -0.03186    -0.00028     0.00000     0.00000     0.00000     0.00000     0.00000    -0.74589
   -12.84293    -0.71374    -0.00002    -0.03186    -0.00031     0.00000     0.00000     0.00000     0.00000     0.00000    -0.74592
   -12.72393    -0.71374    -0.00002    -0.03186    -0.00034     0.00000     0.00000     0.00000     0.00000     0.00000    -0.74596
   -12.60493    -0.71375    -0.00002    -0.03187    -0.00036     0.00000     0.00000     0.00000     0.00000     0.00000    -0.74600
   -12.48493    -0.71375    -0.00002    -0.03187    -0.00040     0.00000     0.00000     0.00000     0.00000     0.00000    -0.74604
   -12.36593    -0.71375    -0.00002    -0.03187    -0.00043     0.00000     0.00000     0.00000     0.00000     0.00000    -0.74608
   -12.24693    -0.71376    -0.00002    -0.03187    -0.00047     0.00000     0.00000     0.00000     0.00000     0.00000    -0.74612
   -12.12793    -0.71376    -0.00002    -0.03188    -0.00052     0.00000     0.00000     0.00000     0.00000     0.00000    -0.74617
   -12.00893    -0.71376    -0.00002    -0.03188    -0.00057     0.00000     0.00000     0.00000     0.00000     0.00000    -0.74623
   -11.88993    -0.71377    -0.00002    -0.03188    -0.00063     0.00000     0.00000     0.00000     0.00000     0.00000    -0.74630
   -11.77093    -0.71377    -0.00002    -0.03188    -0.00070     0.00000     0.00000     0.00000     0.00000     0.00000    -0.74638
   -11.65193    -0.71377    -0.00002    -0.03189    -0.00079     0.00000     0.00000     0.00000     0.00000     0.00000    -0.74647
   -11.53293    -0.71377    -0.00002    -0.03189    -0.00091     0.00000     0.00000     0.00000     0.00000     0.00000    -0.74659
   -11.41393    -0.71378    -0.00002    -0.03189    -0.00106     0.00000     0.00000     0.00000     0.00000     0.00000    -0.74675
   -11.29493    -0.71378    -0.00002    -0.03189    -0.00128     0.00000     0.00000     0.00000     0.00000     0.00000    -0.74698
   -11.17493    -0.71378    -0.00002    -0.03190    -0.00164     0.00000     0.00000     0.00000     0.00000     0.00000    -0.74734
   -11.05593    -0.71378    -0.00003    -0.03190    -0.00241     0.00000     0.00000     0.00000     0.00000     0.00000    -0.74812
   -10.93693    -0.71379    -0.00003    -0.03191    -0.01477     0.00000     0.00000     0.00000     0.00000     0.00000    -0.76049
   -10.81793    -0.71379    -0.00003    -0.03191    -0.14030     0.00000     0.00000     0.00000     0.00000     0.00000    -0.88603
   -10.69893    -0.71380    -0.00003    -0.03192    -0.38157     0.00000     0.00000     0.00000     0.00000     0.00000    -1.12732
   -10.57993    -0.71380    -0.00003    -0.03193    -0.52571     0.00000     0.00000     0.00000     0.00000     0.00000    -1.27147
   -10.46093    -0.71381    -0.00003    -0.03194    -0.54303     0.00000     0.00000     0.00000     0.00000     0.00000    -1.28880
   -10.34193    -0.71381    -0.00003    -0.03195    -0.54400     0.00000     0.00000     0.00000     0.00000     0.00000    -1.28979
   -10.22293    -0.71382    -0.00003    -0.03196    -0.54439     0.00000     0.00000     0.00000     0.00000     0.00000    -1.29020
   -10.10393    -0.71382    -0.00003    -0.03198    -0.54462     0.00000     0.00000     0.00000     0.00000     0.00000    -1.29045
    -9.98493    -0.71383    -0.00003    -0.03199    -0.54478     0.00000     0.00000     0.00000     0.00000     0.00000    -1.29063
    -9.86493    -0.71383    -0.00003    -0.03200    -0.54489     0.00000     0.00000     0.00000     0.00000     0.00000    -1.29076
    -9.74593    -0.71384    -0.00003    -0.03202    -0.54498     0.00000     0.00000     0.00000     0.00000     0.00000    -1.29087
    -9.62693    -0.71384    -0.00003    -0.03204    -0.54505     0.00000     0.00000     0.00000     0.00000     0.00000    -1.29097
    -9.50793    -0.71385    -0.00003    -0.03206    -0.54511     0.00000     0.00000     0.00000     0.00000     0.00000    -1.29105
    -9.38893    -0.71386    -0.00003    -0.03208    -0.54515     0.00000     0.00000     0.00000     0.00000     0.00000    -1.29113
    -9.26993    -0.71387    -0.00003    -0.03211    -0.54519     0.00000     0.00000     0.00000     0.00000     0.00000    -1.29120
    -9.15093    -0.71387    -0.00004    -0.03214    -0.54523     0.00000     0.00000     0.00000     0.00000     0.00000    -1.29128
    -9.03193    -0.71388    -0.00004    -0.03218    -0.54526     0.00000     0.00000     0.00000     0.00000     0.00000    -1.29136
    -8.91293    -0.71389    -0.00004    -0.03223    -0.54528     0.00000     0.00000     0.00000     0.00000     0.00000    -1.29144
    -8.79393    -0.71391    -0.00004    -0.03229    -0.54530     0.00000     0.00000     0.00000     0.00000     0.00000    -1.29154
    -8.67493    -0.71392    -0.00004    -0.03237    -0.54532     0.00000     0.00000     0.00000     0.00000     0.00000    -1.29166
    -8.55493    -0.71395    -0.00004    -0.03250    -0.54534     0.00000     0.00000     0.00000     0.00000     0.00000    -1.29183
    -8.43593    -0.71411    -0.00004    -0.03343    -0.54536     0.00000     0.00000     0.00000     0.00000     0.00000    -1.29294
    -8.31693    -0.71580    -0.00004    -0.04371    -0.54538     0.00000     0.00000     0.00000     0.00000     0.00000    -1.30493
    -8.19793    -0.72296    -0.00005    -0.08925    -0.54540     0.00000     0.00000     0.00000     0.00000     0.00000    -1.35766
    -8.07893    -0.73502    -0.00005    -0.16837    -0.54543     0.00000     0.00000     0.00000     0.00000     0.00000    -1.44887
    -7.95993    -0.74291    -0.00005    -0.22138    -0.54544     0.00000     0.00000     0.00000     0.00000     0.00000    -1.50979
    -7.84093    -0.74729    -0.00006    -0.25840    -0.54549     0.00000     0.00000     0.00000     0.00000     0.00000    -1.55124
    -7.72193    -0.75651    -0.00010    -0.34322    -0.54563     0.00000     0.00000     0.00000     0.00000     0.00000    -1.64546
    -7.60293    -0.76477    -0.00015    -0.42064    -0.54579     0.00000     0.00000     0.00000     0.00000     0.00000    -1.73136
    -7.48393    -0.76824    -0.00019    -0.45752    -0.54590     0.00000     0.00000     0.00000     0.00000     0.00000    -1.77185
    -7.36493    -0.77094    -0.00024    -0.49089    -0.54599     0.00000     0.00000     0.00000     0.00000     0.00000    -1.80806
    -7.24493    -0.77305    -0.00031    -0.51956    -0.54611     0.00000     0.00000     0.00000     0.00000     0.00000    -1.83903
    -7.12593    -0.77441    -0.00040    -0.54002    -0.54626     0.00000     0.00000     0.00000     0.00000     0.00000    -1.86108
    -7.00693    -0.77515    -0.00054    -0.55275    -0.54643     0.00000     0.00000     0.00000     0.00000     0.00000    -1.87487
    -6.88793    -0.77556    -0.00072    -0.56074    -0.54662     0.00000     0.00000     0.00000     0.00000     0.00000    -1.88364
    -6.76893    -0.77582    -0.00092    -0.56661    -0.54681     0.00000     0.00000     0.00000     0.00000     0.00000    -1.89016
    -6.64993    -0.77601    -0.00115    -0.57172    -0.54697     0.00000     0.00000     0.00000     0.00000     0.00000    -1.89586
    -6.53093    -0.77615    -0.00146    -0.57584    -0.54715     0.00000     0.00000     0.00000     0.00000     0.00000    -1.90060
    -6.41193    -0.77623    -0.00184    -0.57905    -0.54732     0.00000     0.00000     0.00000     0.00000     0.00000    -1.90444
    -6.29293    -0.77630    -0.00230    -0.58184    -0.54748     0.00000     0.00000     0.00000     0.00000     0.00000    -1.90792
    -6.17393    -0.77635    -0.00289    -0.58432    -0.54764     0.00000     0.00000     0.00000     0.00000     0.00000    -1.91120
    -6.05493    -0.77638    -0.00370    -0.58641    -0.54781     0.00000     0.00000     0.00000     0.00000     0.00000    -1.91430
    -5.93493    -0.77640    -0.00485    -0.58817    -0.54797     0.00000     0.00000     0.00000     0.00000     0.00000    -1.91740
    -5.81593    -0.77642    -0.00655    -0.58965    -0.54814     0.00000     0.00000     0.00000     0.00000     0.00000    -1.92077
    -5.69693    -0.77643    -0.00928    -0.59093    -0.54832     0.00000     0.00000     0.00000     0.00000     0.00000    -1.92496
    -5.57793    -0.77644    -0.01438    -0.59201    -0.54850     0.00000     0.00000     0.00000     0.00000     0.00000    -1.93132
    -5.45893    -0.77644    -0.02727    -0.59290    -0.54868     0.00000     0.00000     0.00000     0.00000     0.00000    -1.94530
    -5.33993    -0.77644    -0.07193    -0.59359    -0.54888     0.00000     0.00000     0.00000     0.00000     0.00000    -1.99084
    -5.22093    -0.77645    -0.23887    -0.59428    -0.54905     0.00000     0.00000     0.00000     0.00000     0.00000    -2.15865
    -5.10193    -0.77645    -0.47752    -0.59509    -0.54921     0.00000     0.00000     0.00000     0.00000     0.00000    -2.39827
    -4.98293    -0.77645    -0.60649    -0.59576    -0.54938     0.00000     0.00000     0.00000     0.00000     0.00000    -2.52807
    -4.86393    -0.77645    -0.63532    -0.59628    -0.54955     0.00000     0.00000     0.00000     0.00000     0.00000    -2.55760
    -4.74493    -0.77645    -0.64533    -0.59675    -0.54973     0.00000     0.00000     0.00000     0.00000     0.00000    -2.56825
    -4.62493    -0.77645    -0.65056    -0.59717    -0.54990     0.00000     0.00000     0.00000     0.00000     0.00000    -2.57409
    -4.50593    -0.77645    -0.65391    -0.59755    -0.55008     0.00000     0.00000     0.00000     0.00000     0.00000    -2.57799
    -4.38693    -0.77645    -0.65625    -0.59790    -0.55026     0.00000     0.00000     0.00000     0.00000     0.00000    -2.58085
    -4.26793    -0.77645    -0.65796    -0.59822    -0.55043     0.00000     0.00000     0.00000     0.00000     0.00000    -2.58306
    -4.14893    -0.77645    -0.65928    -0.59852    -0.55059     0.00000     0.00000     0.00000     0.00000     0.00000    -2.58485
    -4.02993    -0.77645    -0.66036    -0.59879    -0.55077     0.00000     0.00000     0.00000     0.00000     0.00000    -2.58637
    -3.91093    -0.77645    -0.66125    -0.59904    -0.55094     0.00000     0.00000     0.00000     0.00000     0.00000    -2.58769
    -3.79193    -0.77646    -0.66202    -0.59926    -0.55112     0.00000     0.00000     0.00000     0.00000     0.00000    -2.58885
    -3.67293    -0.77646    -0.66269    -0.59946    -0.55130     0.00000     0.00000     0.00000     0.00000     0.00000    -2.58991
    -3.55393    -0.77646    -0.66329    -0.59963    -0.55150     0.00000     0.00000     0.00000     0.00000     0.00000    -2.59088
    -3.43493    -0.77646    -0.66384    -0.59979    -0.55170     0.00000     0.00000     0.00000     0.00000     0.00000    -2.59179
    -3.31493    -0.77646    -0.66435    -0.59992    -0.55193     0.00000     0.00000     0.00000     0.00000     0.00000    -2.59267
    -3.19593    -0.77646    -0.66486    -0.60004    -0.55217     0.00000     0.00000     0.00000     0.00000     0.00000    -2.59353
    -3.07693    -0.77647    -0.66535    -0.60014    -0.55241     0.00000     0.00000     0.00000     0.00000     0.00000    -2.59437
    -2.95793    -0.77647    -0.66584    -0.60023    -0.55264     0.00000     0.00000     0.00000     0.00000     0.00000    -2.59519
    -2.83893    -0.77647    -0.66630    -0.60031    -0.55286     0.00000     0.00000     0.00000     0.00000     0.00000    -2.59594
    -2.71993    -0.77647    -0.66664    -0.60037    -0.55304     0.00000     0.00000     0.00000     0.00000     0.00000    -2.59653
    -2.60093    -0.77647    -0.66689    -0.60042    -0.55320     0.00000     0.00000     0.00000     0.00000     0.00000    -2.59698
    -2.48193    -0.77647    -0.66707    -0.60046    -0.55333     0.00000     0.00000     0.00000     0.00000     0.00000    -2.59733
    -2.36293    -0.77648    -0.66722    -0.60049    -0.55343     0.00000     0.00000     0.00000     0.00000     0.00000    -2.59762
    -2.24393    -0.77648    -0.66734    -0.60051    -0.55353     0.00000     0.00000     0.00000     0.00000     0.00000    -2.59786
    -2.12493    -0.77648    -0.66744    -0.60053    -0.55361     0.00000     0.00000     0.00000     0.00000     0.00000    -2.59806
    -2.00493    -0.77648    -0.66753    -0.60055    -0.55368     0.00000     0.00000     0.00000     0.00000     0.00000    -2.59824
    -1.88593    -0.77648    -0.66759    -0.60056    -0.55375     0.00000     0.00000     0.00000     0.00000     0.00000    -2.59839
    -1.76693    -0.77648    -0.66765    -0.60057    -0.55381     0.00000     0.00000     0.00000     0.00000     0.00000    -2.59851
    -1.64793    -0.77648    -0.66770    -0.60058    -0.55386     0.00000     0.00000     0.00000     0.00000     0.00000    -2.59862
    -1.52893    -0.77648    -0.66773    -0.60059    -0.55390     0.00000     0.00000     0.00000     0.00000     0.00000    -2.59870
    -1.40993    -0.77648    -0.66776    -0.60059    -0.55394     0.00000     0.00000     0.00000     0.00000     0.00000    -2.59877
    -1.29093    -0.77648    -0.66778    -0.60060    -0.55397     0.00000     0.00000     0.00000     0.00000     0.00000    -2.59883
    -1.17193    -0.77648    -0.66780    -0.60060    -0.55399     0.00000     0.00000     0.00000     0.00000     0.00000    -2.59888
    -1.05293    -0.77649    -0.66782    -0.60060    -0.55401     0.00000     0.00000     0.00000     0.00000     0.00000    -2.59892
    -0.93393    -0.77649    -0.66783    -0.60060    -0.55403     0.00000     0.00000     0.00000     0.00000     0.00000    -2.59894
    -0.81493    -0.77649    -0.66783    -0.60060    -0.55404     0.00000     0.00000     0.00000     0.00000     0.00000    -2.59896
    -0.69493    -0.77649    -0.66784    -0.60061    -0.55405     0.00000     0.00000     0.00000     0.00000     0.00000    -2.59897
    -0.57593    -0.77649    -0.66784    -0.60061    -0.55405     0.00000     0.00000     0.00000     0.00000     0.00000    -2.59898
    -0.45693    -0.77649    -0.66784    -0.60061    -0.55405     0.00000     0.00000     0.00000     0.00000     0.00000    -2.59898
    -0.33793    -0.77649    -0.66784    -0.60061    -0.55406     0.00000     0.00000     0.00000     0.00000     0.00000    -2.59900
    -0.21893    -0.77649    -0.66785    -0.60061    -0.55407     0.00000     0.00000     0.00000     0.00000     0.00000    -2.59901
    -0.09993    -0.77649    -0.66785    -0.60061    -0.55408     0.00000     0.00000     0.00000     0.00000     0.00000    -2.59904
     0.01907    -0.77649    -0.66786    -0.60062    -0.55410     0.00000     0.00000     0.00000     0.00000     0.00000    -2.59907
     0.13807    -0.77649    -0.66787    -0.60062    -0.55413     0.00000     0.00000     0.00000     0.00000     0.00000    -2.59911
     0.25707    -0.77650    -0.66788    -0.60063    -0.55415     0.00000     0.00000     0.00000     0.00000     0.00000    -2.59916
     0.37607    -0.77651    -0.66789    -0.60064    -0.55419     0.00000     0.00000     0.00000     0.00000     0.00000    -2.59922
     0.49507    -0.77652    -0.66790    -0.60066    -0.55422     0.00000     0.00000     0.00000     0.00000     0.00000    -2.59930
     0.61507    -0.77654    -0.66791    -0.60068    -0.55427     0.00000     0.00000     0.00000     0.00000     0.00000    -2.59940
     0.73407    -0.77659    -0.66793    -0.60071    -0.55432     0.00000     0.00000     0.00000     0.00000     0.00000    -2.59955
     0.85307    -0.77706    -0.66794    -0.60077    -0.55438     0.00000     0.00000     0.00000     0.00000     0.00000    -2.60014
     0.97207    -0.78078    -0.66796    -0.60091    -0.55444     0.00000     0.00000     0.00000     0.00000     0.00000    -2.60409
     1.09107    -0.78924    -0.66798    -0.60130    -0.55450     0.00000     0.00000     0.00000     0.00000     0.00000    -2.61302
     1.21007    -0.79577    -0.66799    -0.60181    -0.55456     0.00000     0.00000     0.00000     0.00000     0.00000    -2.62013
     1.32907    -0.79719    -0.66801    -0.60218    -0.55460     0.00000     0.00000     0.00000     0.00000     0.00000    -2.62198
     1.44807    -0.79725    -0.66801    -0.60243    -0.55464     0.00000     0.00000     0.00000     0.00000     0.00000    -2.62233
     1.56707    -0.79725    -0.66802    -0.60262    -0.55468     0.00000     0.00000     0.00000     0.00000     0.00000    -2.62258
     1.68607    -0.79726    -0.66803    -0.60277    -0.55473     0.00000     0.00000     0.00000     0.00000     0.00000    -2.62279
     1.80507    -0.79727    -0.66804    -0.60291    -0.55477     0.00000     0.00000     0.00000     0.00000     0.00000    -2.62298
     1.92507    -0.79729    -0.66804    -0.60305    -0.55481     0.00000     0.00000     0.00000     0.00000     0.00000    -2.62319
     2.04407    -0.79732    -0.66805    -0.60321    -0.55485     0.00000     0.00000     0.00000     0.00000     0.00000    -2.62343
     2.16307    -0.79738    -0.66805    -0.60343    -0.55489     0.00000     0.00000     0.00000     0.00000     0.00000    -2.62376
     2.28207    -0.79781    -0.66808    -0.60431    -0.55498     0.00000     0.00000     0.00000     0.00000     0.00000    -2.62517
     2.40107    -0.79955    -0.66826    -0.60747    -0.55561     0.00000     0.00000     0.00000     0.00000     0.00000    -2.63089
     2.52007    -0.80278    -0.66882    -0.61268    -0.55725     0.00000     0.00000     0.00000     0.00000     0.00000    -2.64153
     2.63907    -0.80705    -0.66986    -0.61805    -0.55911     0.00000     0.00000     0.00000     0.00000     0.00000    -2.65406
     2.75807    -0.81113    -0.67132    -0.62194    -0.56074     0.00000     0.00000     0.00000     0.00000     0.00000    -2.66513
     2.87707    -0.81354    -0.67301    -0.62360    -0.56257     0.00000     0.00000     0.00000     0.00000     0.00000    -2.67273
     2.99607    -0.81462    -0.67486    -0.62404    -0.56486     0.00000     0.00000     0.00000     0.00000     0.00000    -2.67837
     3.11507    -0.81505    -0.67717    -0.62422    -0.56757     0.00000     0.00000     0.00000     0.00000     0.00000    -2.68401
     3.23507    -0.81526    -0.67985    -0.62449    -0.56968     0.00000     0.00000     0.00000     0.00000     0.00000    -2.68927
     3.35407    -0.81597    -0.68191    -0.62524    -0.57094     0.00000     0.00000     0.00000     0.00000     0.00000    -2.69405
     3.47307    -0.81758    -0.68286    -0.62672    -0.57195     0.00000     0.00000     0.00000     0.00000     0.00000    -2.69911
     3.59207    -0.81953    -0.68331    -0.62837    -0.57262     0.00000     0.00000     0.00000     0.00000     0.00000    -2.70383
     3.71107    -0.82152    -0.68377    -0.62992    -0.57307     0.00000     0.00000     0.00000     0.00000     0.00000    -2.70828
     3.83007    -0.82321    -0.68433    -0.63121    -0.57388     0.00000     0.00000     0.00000     0.00000     0.00000    -2.71262
     3.94907    -0.82418    -0.68493    -0.63201    -0.57563     0.00000     0.00000     0.00000     0.00000     0.00000    -2.71674
     4.06807    -0.82501    -0.68549    -0.63272    -0.57971     0.00000     0.00000     0.00000     0.00000     0.00000    -2.72292
     4.18707    -0.82619    -0.68626    -0.63354    -0.58533     0.00000     0.00000     0.00000     0.00000     0.00000    -2.73132
     4.30607    -0.82754    -0.68730    -0.63447    -0.58934     0.00000     0.00000     0.00000     0.00000     0.00000    -2.73864
     4.42507    -0.82862    -0.68834    -0.63583    -0.59211     0.00000     0.00000     0.00000     0.00000     0.00000    -2.74490
     4.54507    -0.82943    -0.68940    -0.63795    -0.59679     0.00000     0.00000     0.00000     0.00000     0.00000    -2.75357
     4.66407    -0.83028    -0.69062    -0.64087    -0.60270     0.00000     0.00000     0.00000     0.00000     0.00000    -2.76448
     4.78307    -0.83131    -0.69198    -0.64451    -0.60722     0.00000     0.00000     0.00000     0.00000     0.00000    -2.77503
     4.90207    -0.83227    -0.69325    -0.64827    -0.61101     0.00000     0.00000     0.00000     0.00000     0.00000    -2.78480
     5.02107    -0.83310    -0.69431    -0.65114    -0.61585     0.00000     0.00000     0.00000     0.00000     0.00000    -2.79439
     5.14007    -0.83399    -0.69530    -0.65305    -0.62209     0.00000     0.00000     0.00000     0.00000     0.00000    -2.80443
     5.25907    -0.83497    -0.69625    -0.65443    -0.62767     0.00000     0.00000     0.00000     0.00000     0.00000    -2.81332
     5.37807    -0.83586    -0.69714    -0.65555    -0.63150     0.00000     0.00000     0.00000     0.00000     0.00000    -2.82006
     5.49707    -0.83680    -0.69818    -0.65704    -0.63512     0.00000     0.00000     0.00000     0.00000     0.00000    -2.82713
     5.61607    -0.83776    -0.69944    -0.65948    -0.63972     0.00000     0.00000     0.00000     0.00000     0.00000    -2.83640
     5.73507    -0.83861    -0.70080    -0.66325    -0.64510     0.00000     0.00000     0.00000     0.00000     0.00000    -2.84776
     5.85507    -0.83939    -0.70219    -0.66758    -0.65015     0.00000     0.00000     0.00000     0.00000     0.00000    -2.85929
     5.97407    -0.84013    -0.70357    -0.67102    -0.65448     0.00000     0.00000     0.00000     0.00000     0.00000    -2.86919
     6.09307    -0.84090    -0.70479    -0.67353    -0.65854     0.00000     0.00000     0.00000     0.00000     0.00000    -2.87775
     6.21207    -0.84166    -0.70575    -0.67600    -0.66208     0.00000     0.00000     0.00000     0.00000     0.00000    -2.88549
     6.33107    -0.84219    -0.70647    -0.67829    -0.66436     0.00000     0.00000     0.00000     0.00000     0.00000    -2.89131
     6.45007    -0.84241    -0.70688    -0.67949    -0.66532     0.00000     0.00000     0.00000     0.00000     0.00000    -2.89410
     6.56907    -0.84246    -0.70699    -0.67977    -0.66556     0.00000     0.00000     0.00000     0.00000     0.00000    -2.89478
     6.68807    -0.84246    -0.70700    -0.67979    -0.66558     0.00000     0.00000     0.00000     0.00000     0.00000    -2.89483
     6.80707    -0.84246    -0.70700    -0.67979    -0.66558     0.00000     0.00000     0.00000     0.00000     0.00000    -2.89483
     6.92607    -0.84246    -0.70700    -0.67979    -0.66558     0.00000     0.00000     0.00000     0.00000     0.00000    -2.89483
     7.04507    -0.84246    -0.70700    -0.67979    -0.66558     0.00000     0.00000     0.00000     0.00000     0.00000    -2.89483
     7.16507    -0.84246    -0.70700    -0.67979    -0.66558     0.00000     0.00000     0.00000     0.00000     0.00000    -2.89483
     7.28407    -0.84246    -0.70700    -0.67979    -0.66558     0.00000     0.00000     0.00000     0.00000     0.00000    -2.89483
     7.40307    -0.84246    -0.70700    -0.67979    -0.66558     0.00000     0.00000     0.00000     0.00000     0.00000    -2.89483
     7.52207    -0.84246    -0.70700    -0.67979    -0.66558     0.00000     0.00000     0.00000     0.00000     0.00000    -2.89483
     7.64107    -0.84246    -0.70700    -0.67979    -0.66558     0.00000     0.00000     0.00000     0.00000     0.00000    -2.89483
     7.76007    -0.84246    -0.70700    -0.67979    -0.66558     0.00000     0.00000     0.00000     0.00000     0.00000    -2.89483
     7.87907    -0.84246    -0.70700    -0.67979    -0.66558     0.00000     0.00000     0.00000     0.00000     0.00000    -2.89483
     7.99807    -0.84246    -0.70700    -0.67979    -0.66558     0.00000     0.00000     0.00000     0.00000     0.00000    -2.89483
