      #Energy        TDOS-UP        TDOS-DOWN
     -27.72893       0.00000       0.00000
     -27.60993       0.00000       0.00000
     -27.49093       0.00000       0.00000
     -27.37193       0.00000       0.00000
     -27.25293       0.00000       0.00000
     -27.13393       0.00000       0.00000
     -27.01493       0.00000       0.00000
     -26.89493       0.00000       0.00000
     -26.77593       0.00000       0.00000
     -26.65693       0.00000       0.00000
     -26.53793       0.00000      -0.00000
     -26.41893       0.00000      -0.00000
     -26.29993       0.00240      -0.00018
     -26.18093       0.13794      -0.03143
     -26.06193       1.01599      -0.52212
     -25.94293       2.31968      -1.78740
     -25.82393       2.93818      -2.79050
     -25.70493       2.99862      -2.99401
     -25.58493       2.99934      -3.00008
     -25.46593       2.99934      -3.00010
     -25.34693       2.99934      -3.00010
     -25.22793       2.99934      -3.00010
     -25.10893       2.99934      -3.00010
     -24.98993       2.99934      -3.00010
     -24.87093       2.99934      -3.00010
     -24.75193       2.99934      -3.00010
     -24.63293       2.99934      -3.00010
     -24.51393       2.99934      -3.00010
     -24.39493       2.99934      -3.00010
     -24.27493       2.99934      -3.00010
     -24.15593       2.99934      -3.00010
     -24.03693       2.99934      -3.00010
     -23.91793       2.99934      -3.00010
     -23.79893       2.99934      -3.00010
     -23.67993       2.99934      -3.00010
     -23.56093       2.99934      -3.00010
     -23.44193       2.99935      -3.00010
     -23.32293       3.00205      -3.00195
     -23.20393       3.09882      -3.08197
     -23.08493       3.49295      -3.45759
     -22.96493       3.89310      -3.87321
     -22.84593       3.99626      -3.99580
     -22.72693       3.99934      -4.00020
     -22.60793       3.99934      -4.00021
     -22.48893       3.99934      -4.00021
     -22.36993       3.99934      -4.00021
     -22.25093       3.99934      -4.00021
     -22.13193       3.99934      -4.00021
     -22.01293       3.99934      -4.00021
     -21.89393       3.99934      -4.00021
     -21.77493       3.99934      -4.00021
     -21.65493       3.99934      -4.00021
     -21.53593       3.99934      -4.00021
     -21.41693       3.99934      -4.00021
     -21.29793       3.99934      -4.00021
     -21.17893       3.99934      -4.00021
     -21.05993       3.99934      -4.00021
     -20.94093       3.99934      -4.00021
     -20.82193       3.99934      -4.00021
     -20.70293       3.99934      -4.00021
     -20.58393       3.99934      -4.00021
     -20.46493       3.99934      -4.00021
     -20.34493       3.99935      -4.00022
     -20.22593       4.00080      -4.00166
     -20.10693       4.03329      -4.03407
     -19.98793       4.17579      -4.17644
     -19.86893       4.43243      -4.43302
     -19.74993       4.72462      -4.72521
     -19.63093       5.01758      -5.01817
     -19.51193       5.31055      -5.31114
     -19.39293       5.60500      -5.60559
     -19.27393       5.90010      -5.90070
     -19.15493       6.19563      -6.19622
     -19.03493       6.49157      -6.49216
     -18.91593       6.78793      -6.78852
     -18.79693       7.08476      -7.08535
     -18.67793       7.38213      -7.38272
     -18.55893       7.67997      -7.68057
     -18.43993       7.97830      -7.97889
     -18.32093       8.27715      -8.27775
     -18.20193       8.57661      -8.57720
     -18.08293       8.87666      -8.87725
     -17.96393       9.17730      -9.17789
     -17.84493       9.47854      -9.47913
     -17.72493       9.78038      -9.78097
     -17.60593      10.08293     -10.08352
     -17.48693      10.38625     -10.38684
     -17.36793      10.69041     -10.69100
     -17.24893      10.99540     -10.99599
     -17.12993      11.30105     -11.30164
     -17.01093      11.60747     -11.60806
     -16.89193      11.91514     -11.91573
     -16.77293      12.22394     -12.22453
     -16.65393      12.53334     -12.53393
     -16.53493      12.84363     -12.84422
     -16.41493      13.15582     -13.15642
     -16.29593      13.46987     -13.47046
     -16.17693      13.78462     -13.78521
     -16.05793      14.10117     -14.10176
     -15.93893      14.42075     -14.42134
     -15.81993      14.74181     -14.74241
     -15.70093      15.06521     -15.06580
     -15.58193      15.39336     -15.39395
     -15.46293      15.72473     -15.72532
     -15.34393      16.06068     -16.06128
     -15.22493      16.40575     -16.40634
     -15.10493      16.76112     -16.76171
     -14.98593      17.13774     -17.13827
     -14.86693      17.55754     -17.55801
     -14.74793      17.98751     -17.98804
     -14.62893      18.35568     -18.35633
     -14.50993      18.64936     -18.65007
     -14.39093      18.89272     -18.89349
     -14.27193      19.10244     -19.10333
     -14.15293      19.28518     -19.28613
     -14.03393      19.44107     -19.44202
     -13.91493      19.57797     -19.57892
     -13.79493      19.73142     -19.73231
     -13.67593      19.95971     -19.96048
     -13.55693      20.25560     -20.25631
     -13.43793      20.56797     -20.56868
     -13.31893      20.88160     -20.88231
     -13.19993      21.19796     -21.19861
     -13.08093      21.53266     -21.53326
     -12.96193      21.92203     -21.92262
     -12.84293      22.36082     -22.36147
     -12.72393      22.78496     -22.78567
     -12.60493      23.16838     -23.16909
     -12.48493      23.52702     -23.52773
     -12.36593      23.86940     -23.87011
     -12.24693      24.19922     -24.19993
     -12.12793      24.51833     -24.51904
     -12.00893      24.82778     -24.82850
     -11.88993      25.12849     -25.12920
     -11.77093      25.42115     -25.42186
     -11.65193      25.70632     -25.70703
     -11.53293      25.98451     -25.98522
     -11.41393      26.25622     -26.25693
     -11.29493      26.52173     -26.52244
     -11.17493      26.78546     -26.78611
     -11.05593      27.07080     -27.07109
     -10.93693      27.42438     -27.41348
     -10.81793      28.03496     -27.98273
     -10.69893      28.81911     -28.76760
     -10.57993      29.38682     -29.37663
     -10.46093      29.75546     -29.75569
     -10.34193      30.10559     -30.10606
     -10.22293      30.45792     -30.45839
     -10.10393      30.81352     -30.81399
      -9.98493      31.17002     -31.17049
      -9.86493      31.53045     -31.53092
      -9.74593      31.89385     -31.89433
      -9.62693      32.25952     -32.25999
      -9.50793      32.63013     -32.63060
      -9.38893      33.00324     -33.00371
      -9.26993      33.38106     -33.38153
      -9.15093      33.76292     -33.76339
      -9.03193      34.14884     -34.14931
      -8.91293      34.54041     -34.54088
      -8.79393      34.93638     -34.93685
      -8.67493      35.33962     -35.34010
      -8.55493      35.74906     -35.74947
      -8.43593      36.17266     -36.17183
      -8.31693      36.68487     -36.67510
      -8.19793      37.40841     -37.37869
      -8.07893      38.23341     -38.20399
      -7.95993      38.89091     -38.88019
      -7.84093      39.51542     -39.49344
      -7.72193      40.39586     -40.36429
      -7.60293      41.30130     -41.28504
      -7.48393      42.09421     -42.08444
      -7.36493      42.92665     -42.91694
      -7.24493      43.80090     -43.79369
      -7.12593      44.72582     -44.72117
      -7.00693      45.74565     -45.74267
      -6.88793      46.82610     -46.82407
      -6.76893      47.83069     -47.82908
      -6.64993      48.72107     -48.71970
      -6.53093      49.54381     -49.54273
      -6.41193      50.32058     -50.31968
      -6.29293      51.06257     -51.06179
      -6.17393      51.77932     -51.77860
      -6.05493      52.47374     -52.47308
      -5.93493      53.14827     -53.14767
      -5.81593      53.80767     -53.80701
      -5.69693      54.45303     -54.45213
      -5.57793      55.08909     -55.08754
      -5.45893      55.72795     -55.72408
      -5.33993      56.40587     -56.39057
      -5.22093      57.26851     -57.23063
      -5.10193      58.20581     -58.17371
      -4.98293      58.94572     -58.93738
      -4.86393      59.54588     -59.54337
      -4.74493      60.11966     -60.11823
      -4.62493      60.68034     -60.67926
      -4.50593      61.23274     -61.23184
      -4.38693      61.77966     -61.77889
      -4.26793      62.32141     -62.32069
      -4.14893      62.85916     -62.85844
      -4.02993      63.39590     -63.39518
      -3.91093      63.93086     -63.93008
      -3.79193      64.46433     -64.46349
      -3.67293      64.99106     -64.99023
      -3.55393      65.46254     -65.46171
      -3.43493      65.85662     -65.85578
      -3.31493      66.22836     -66.22746
      -3.19593      66.61856     -66.61754
      -3.07693      67.05014     -67.04895
      -2.95793      67.55562     -67.55425
      -2.83893      68.07236     -68.07116
      -2.71993      68.50501     -68.50418
      -2.60093      68.85496     -68.85430
      -2.48193      69.15072     -69.15018
      -2.36293      69.41052     -69.41010
      -2.24393      69.64322     -69.64286
      -2.12493      69.84907     -69.84877
      -2.00493      70.03336     -70.03318
      -1.88593      70.19842     -70.19830
      -1.76693      70.34377     -70.34371
      -1.64793      70.47287     -70.47292
      -1.52893      70.58656     -70.58670
      -1.40993      70.68463     -70.68481
      -1.29093      70.76885     -70.76909
      -1.17193      70.83952     -70.83981
      -1.05293      70.89640     -70.89673
      -0.93393      70.94031     -70.94069
      -0.81493      70.97158     -70.97201
      -0.69493      70.99029     -70.99076
      -0.57593      70.99998     -71.00046
      -0.45693      71.01046     -71.01091
      -0.33793      71.03115     -71.03153
      -0.21893      71.06694     -71.06566
      -0.09993      71.18171     -71.11390
       0.01907      71.59168     -71.17684
       0.13807      72.09651     -71.25622
       0.25707      72.34505     -71.35367
       0.37607      72.46938     -71.47027
       0.49507      72.60931     -71.61032
       0.61507      72.77901     -71.78044
       0.73407      72.98582     -71.98891
       0.85307      73.24990     -72.27479
       0.97207      73.63230     -72.82737
       1.09107      74.17511     -73.76009
       1.21007      74.74723     -74.64701
       1.32907      75.21859     -75.19924
       1.44807      75.61337     -75.60135
       1.56707      75.97987     -75.95552
       1.68607      76.44629     -76.28171
       1.80507      77.13059     -76.59421
       1.92507      77.94779     -76.89372
       2.04407      78.91606     -77.17829
       2.16307      79.91541     -77.45541
       2.28207      80.58606     -77.76534
       2.40107      80.95185     -78.25576
       2.52007      81.24565     -78.94726
       2.63907      81.58839     -79.66716
       2.75807      82.04993     -80.32264
       2.87707      82.69087     -80.91196
       2.99607      83.48884     -81.47734
       3.11507      84.38702     -82.07738
       3.23507      85.31408     -82.74137
       3.35407      86.28021     -83.55625
       3.47307      87.24127     -84.49367
       3.59207      88.13296     -85.37202
       3.71107      89.04311     -86.20691
       3.83007      90.00608     -87.10515
       3.94907      91.06986     -88.02876
       4.06807      92.20044     -88.95761
       4.18707      93.37611     -89.95725
       4.30607      94.63013     -90.97881
       4.42507      95.84271     -92.00341
       4.54507      96.98527     -93.12197
       4.66407      98.14492     -94.35748
       4.78307      99.34601     -95.59959
       4.90207     100.59467     -96.78961
       5.02107     101.86418     -98.00939
       5.14007     103.11880     -99.26640
       5.25907     104.38890    -100.45010
       5.37807     105.68639    -101.59611
       5.49707     106.98627    -102.85591
       5.61607     108.32247    -104.16114
       5.73507     109.67177    -105.43482
       5.85507     110.85160    -106.72517
       5.97407     111.63009    -108.05481
       6.09307     111.94385    -109.39637
       6.21207     111.99779    -110.60746
       6.33107     111.99999    -111.47004
       6.45007     112.00001    -111.88483
       6.56907     112.00001    -111.99026
       6.68807     112.00001    -111.99818
       6.80707     112.00001    -111.99827
       6.92607     112.00001    -111.99827
       7.04507     112.00001    -111.99827
       7.16507     112.00001    -111.99827
       7.28407     112.00001    -111.99827
       7.40307     112.00001    -111.99827
       7.52207     112.00001    -111.99827
       7.64107     112.00001    -111.99827
       7.76007     112.00001    -111.99827
       7.87907     112.00001    -111.99827
       7.99807     112.00001    -111.99827
