     #Energy           s          py          pz          px         dxy         dyz         dz2         dxz         dx2       tot  
   -27.72893     0.00000     0.00000     0.00000     0.00000     0.00000     0.00000     0.00000     0.00000     0.00000     0.00000
   -27.60993     0.00000     0.00000     0.00000     0.00000     0.00000     0.00000     0.00000     0.00000     0.00000     0.00000
   -27.49093     0.00000     0.00000     0.00000     0.00000     0.00000     0.00000     0.00000     0.00000     0.00000     0.00000
   -27.37193     0.00000     0.00000     0.00000     0.00000     0.00000     0.00000     0.00000     0.00000     0.00000     0.00000
   -27.25293     0.00000     0.00000     0.00000     0.00000     0.00000     0.00000     0.00000     0.00000     0.00000     0.00000
   -27.13393     0.00000     0.00000     0.00000     0.00000     0.00000     0.00000     0.00000     0.00000     0.00000     0.00000
   -27.01493     0.00000     0.00000     0.00000     0.00000     0.00000     0.00000     0.00000     0.00000     0.00000     0.00000
   -26.89493     0.00000     0.00000     0.00000     0.00000     0.00000     0.00000     0.00000     0.00000     0.00000     0.00000
   -26.77593     0.00000     0.00000     0.00000     0.00000     0.00000     0.00000     0.00000     0.00000     0.00000     0.00000
   -26.65693     0.00000     0.00000     0.00000     0.00000     0.00000     0.00000     0.00000     0.00000     0.00000     0.00000
   -26.53793    -0.00000    -0.00000    -0.00000    -0.00000     0.00000     0.00000     0.00000     0.00000     0.00000    -0.00000
   -26.41893    -0.00000    -0.00000    -0.00000    -0.00000     0.00000     0.00000     0.00000     0.00000     0.00000    -0.00000
   -26.29993    -0.00000    -0.00000    -0.00000    -0.00000     0.00000     0.00000     0.00000     0.00000     0.00000    -0.00000
   -26.18093    -0.00012    -0.00000    -0.00000    -0.00000     0.00000     0.00000     0.00000     0.00000     0.00000    -0.00013
   -26.06193    -0.00575    -0.00002    -0.00005    -0.00003     0.00000     0.00000     0.00000     0.00000     0.00000    -0.00585
   -25.94293    -0.02400    -0.00003    -0.00022    -0.00003     0.00000     0.00000     0.00000     0.00000     0.00000    -0.02428
   -25.82393    -0.01044    -0.00000    -0.00010    -0.00000     0.00000     0.00000     0.00000     0.00000     0.00000    -0.01055
   -25.70493    -0.00043    -0.00000    -0.00000    -0.00000     0.00000     0.00000     0.00000     0.00000     0.00000    -0.00043
   -25.58493    -0.00000    -0.00000    -0.00000    -0.00000     0.00000     0.00000     0.00000     0.00000     0.00000    -0.00000
   -25.46593    -0.00000    -0.00000    -0.00000    -0.00000     0.00000     0.00000     0.00000     0.00000     0.00000    -0.00000
   -25.34693    -0.00000    -0.00000    -0.00000    -0.00000     0.00000     0.00000     0.00000     0.00000     0.00000    -0.00000
   -25.22793     0.00000     0.00000     0.00000     0.00000     0.00000     0.00000     0.00000     0.00000     0.00000     0.00000
   -25.10893     0.00000     0.00000     0.00000     0.00000     0.00000     0.00000     0.00000     0.00000     0.00000     0.00000
   -24.98993     0.00000     0.00000     0.00000     0.00000     0.00000     0.00000     0.00000     0.00000     0.00000     0.00000
   -24.87093     0.00000     0.00000     0.00000     0.00000     0.00000     0.00000     0.00000     0.00000     0.00000     0.00000
   -24.75193     0.00000     0.00000     0.00000     0.00000     0.00000     0.00000     0.00000     0.00000     0.00000     0.00000
   -24.63293     0.00000     0.00000     0.00000     0.00000     0.00000     0.00000     0.00000     0.00000     0.00000     0.00000
   -24.51393     0.00000     0.00000     0.00000     0.00000     0.00000     0.00000     0.00000     0.00000     0.00000     0.00000
   -24.39493     0.00000     0.00000     0.00000     0.00000     0.00000     0.00000     0.00000     0.00000     0.00000     0.00000
   -24.27493     0.00000     0.00000     0.00000     0.00000     0.00000     0.00000     0.00000     0.00000     0.00000     0.00000
   -24.15593     0.00000     0.00000     0.00000     0.00000     0.00000     0.00000     0.00000     0.00000     0.00000     0.00000
   -24.03693     0.00000     0.00000     0.00000     0.00000     0.00000     0.00000     0.00000     0.00000     0.00000     0.00000
   -23.91793     0.00000     0.00000     0.00000     0.00000     0.00000     0.00000     0.00000     0.00000     0.00000     0.00000
   -23.79893     0.00000     0.00000     0.00000     0.00000     0.00000     0.00000     0.00000     0.00000     0.00000     0.00000
   -23.67993    -0.00000    -0.00000    -0.00000    -0.00000     0.00000     0.00000     0.00000     0.00000     0.00000    -0.00000
   -23.56093    -0.00000    -0.00000    -0.00000    -0.00000     0.00000     0.00000     0.00000     0.00000     0.00000    -0.00000
   -23.44193    -0.00004    -0.00000    -0.00000    -0.00000     0.00000     0.00000     0.00000     0.00000     0.00000    -0.00004
   -23.32293    -0.02193    -0.00000    -0.00098    -0.00000     0.00000     0.00000     0.00000     0.00000     0.00000    -0.02291
   -23.20393    -0.92880    -0.00000    -0.04170    -0.00000     0.00000     0.00000     0.00000     0.00000     0.00000    -0.97050
   -23.08493    -3.53400    -0.00000    -0.15870    -0.00000     0.00000     0.00000     0.00000     0.00000     0.00000    -3.69270
   -22.96493    -1.40400    -0.00000    -0.06306    -0.00000     0.00000     0.00000     0.00000     0.00000     0.00000    -1.46706
   -22.84593    -0.05213    -0.00000    -0.00234    -0.00000     0.00000     0.00000     0.00000     0.00000     0.00000    -0.05447
   -22.72693    -0.00015    -0.00000    -0.00001    -0.00000     0.00000     0.00000     0.00000     0.00000     0.00000    -0.00015
   -22.60793    -0.00000    -0.00000    -0.00000    -0.00000     0.00000     0.00000     0.00000     0.00000     0.00000    -0.00000
   -22.48893    -0.00000    -0.00000    -0.00000    -0.00000     0.00000     0.00000     0.00000     0.00000     0.00000    -0.00000
   -22.36993     0.00000     0.00000     0.00000     0.00000     0.00000     0.00000     0.00000     0.00000     0.00000     0.00000
   -22.25093     0.00000     0.00000     0.00000     0.00000     0.00000     0.00000     0.00000     0.00000     0.00000     0.00000
   -22.13193     0.00000     0.00000     0.00000     0.00000     0.00000     0.00000     0.00000     0.00000     0.00000     0.00000
   -22.01293     0.00000     0.00000     0.00000     0.00000     0.00000     0.00000     0.00000     0.00000     0.00000     0.00000
   -21.89393     0.00000     0.00000     0.00000     0.00000     0.00000     0.00000     0.00000     0.00000     0.00000     0.00000
   -21.77493     0.00000     0.00000     0.00000     0.00000     0.00000     0.00000     0.00000     0.00000     0.00000     0.00000
   -21.65493     0.00000     0.00000     0.00000     0.00000     0.00000     0.00000     0.00000     0.00000     0.00000     0.00000
   -21.53593     0.00000     0.00000     0.00000     0.00000     0.00000     0.00000     0.00000     0.00000     0.00000     0.00000
   -21.41693     0.00000     0.00000     0.00000     0.00000     0.00000     0.00000     0.00000     0.00000     0.00000     0.00000
   -21.29793     0.00000     0.00000     0.00000     0.00000     0.00000     0.00000     0.00000     0.00000     0.00000     0.00000
   -21.17893     0.00000     0.00000     0.00000     0.00000     0.00000     0.00000     0.00000     0.00000     0.00000     0.00000
   -21.05993     0.00000     0.00000     0.00000     0.00000     0.00000     0.00000     0.00000     0.00000     0.00000     0.00000
   -20.94093     0.00000     0.00000     0.00000     0.00000     0.00000     0.00000     0.00000     0.00000     0.00000     0.00000
   -20.82193     0.00000     0.00000     0.00000     0.00000     0.00000     0.00000     0.00000     0.00000     0.00000     0.00000
   -20.70293     0.00000     0.00000     0.00000     0.00000     0.00000     0.00000     0.00000     0.00000     0.00000     0.00000
   -20.58393    -0.00000    -0.00000    -0.00000    -0.00000     0.00000     0.00000     0.00000     0.00000     0.00000    -0.00000
   -20.46493    -0.00000    -0.00000    -0.00000    -0.00000     0.00000     0.00000     0.00000     0.00000     0.00000    -0.00000
   -20.34493    -0.00000    -0.00000    -0.00000    -0.00000     0.00000     0.00000     0.00000     0.00000     0.00000    -0.00000
   -20.22593    -0.00001    -0.00000    -0.00000    -0.00000     0.00000     0.00000     0.00000     0.00000     0.00000    -0.00001
   -20.10693    -0.00019    -0.00000    -0.00000    -0.00000     0.00000     0.00000     0.00000     0.00000     0.00000    -0.00019
   -19.98793    -0.00068    -0.00000    -0.00000    -0.00000     0.00000     0.00000     0.00000     0.00000     0.00000    -0.00068
   -19.86893    -0.00085    -0.00000    -0.00000    -0.00000     0.00000     0.00000     0.00000     0.00000     0.00000    -0.00085
   -19.74993    -0.00082    -0.00000    -0.00000    -0.00000     0.00000     0.00000     0.00000     0.00000     0.00000    -0.00083
   -19.63093    -0.00070    -0.00000    -0.00000    -0.00000     0.00000     0.00000     0.00000     0.00000     0.00000    -0.00070
   -19.51193    -0.00058    -0.00000    -0.00000    -0.00000     0.00000     0.00000     0.00000     0.00000     0.00000    -0.00058
   -19.39293    -0.00053    -0.00000    -0.00000    -0.00000     0.00000     0.00000     0.00000     0.00000     0.00000    -0.00053
   -19.27393    -0.00049    -0.00000    -0.00000    -0.00000     0.00000     0.00000     0.00000     0.00000     0.00000    -0.00049
   -19.15493    -0.00045    -0.00000    -0.00000    -0.00000     0.00000     0.00000     0.00000     0.00000     0.00000    -0.00045
   -19.03493    -0.00041    -0.00000    -0.00000    -0.00001     0.00000     0.00000     0.00000     0.00000     0.00000    -0.00042
   -18.91593    -0.00038    -0.00000    -0.00000    -0.00001     0.00000     0.00000     0.00000     0.00000     0.00000    -0.00039
   -18.79693    -0.00036    -0.00000    -0.00000    -0.00001     0.00000     0.00000     0.00000     0.00000     0.00000    -0.00036
   -18.67793    -0.00033    -0.00000    -0.00000    -0.00001     0.00000     0.00000     0.00000     0.00000     0.00000    -0.00034
   -18.55893    -0.00031    -0.00000    -0.00000    -0.00001     0.00000     0.00000     0.00000     0.00000     0.00000    -0.00032
   -18.43993    -0.00029    -0.00000    -0.00000    -0.00001     0.00000     0.00000     0.00000     0.00000     0.00000    -0.00030
   -18.32093    -0.00027    -0.00000    -0.00000    -0.00001     0.00000     0.00000     0.00000     0.00000     0.00000    -0.00028
   -18.20193    -0.00025    -0.00000    -0.00000    -0.00001     0.00000     0.00000     0.00000     0.00000     0.00000    -0.00026
   -18.08293    -0.00023    -0.00000    -0.00000    -0.00001     0.00000     0.00000     0.00000     0.00000     0.00000    -0.00024
   -17.96393    -0.00022    -0.00000    -0.00000    -0.00001     0.00000     0.00000     0.00000     0.00000     0.00000    -0.00023
   -17.84493    -0.00020    -0.00000    -0.00000    -0.00001     0.00000     0.00000     0.00000     0.00000     0.00000    -0.00022
   -17.72493    -0.00019    -0.00000    -0.00000    -0.00001     0.00000     0.00000     0.00000     0.00000     0.00000    -0.00021
   -17.60593    -0.00018    -0.00000    -0.00000    -0.00002     0.00000     0.00000     0.00000     0.00000     0.00000    -0.00019
   -17.48693    -0.00016    -0.00000    -0.00000    -0.00002     0.00000     0.00000     0.00000     0.00000     0.00000    -0.00019
   -17.36793    -0.00015    -0.00000    -0.00000    -0.00002     0.00000     0.00000     0.00000     0.00000     0.00000    -0.00018
   -17.24893    -0.00015    -0.00000    -0.00000    -0.00002     0.00000     0.00000     0.00000     0.00000     0.00000    -0.00017
   -17.12993    -0.00014    -0.00000    -0.00000    -0.00002     0.00000     0.00000     0.00000     0.00000     0.00000    -0.00016
   -17.01093    -0.00013    -0.00000    -0.00000    -0.00002     0.00000     0.00000     0.00000     0.00000     0.00000    -0.00015
   -16.89193    -0.00012    -0.00000    -0.00000    -0.00002     0.00000     0.00000     0.00000     0.00000     0.00000    -0.00015
   -16.77293    -0.00011    -0.00000    -0.00000    -0.00002     0.00000     0.00000     0.00000     0.00000     0.00000    -0.00014
   -16.65393    -0.00011    -0.00000    -0.00000    -0.00003     0.00000     0.00000     0.00000     0.00000     0.00000    -0.00014
   -16.53493    -0.00010    -0.00000    -0.00000    -0.00003     0.00000     0.00000     0.00000     0.00000     0.00000    -0.00014
   -16.41493    -0.00009    -0.00000    -0.00001    -0.00003     0.00000     0.00000     0.00000     0.00000     0.00000    -0.00013
   -16.29593    -0.00009    -0.00000    -0.00001    -0.00003     0.00000     0.00000     0.00000     0.00000     0.00000    -0.00013
   -16.17693    -0.00008    -0.00000    -0.00001    -0.00003     0.00000     0.00000     0.00000     0.00000     0.00000    -0.00012
   -16.05793    -0.00008    -0.00000    -0.00001    -0.00004     0.00000     0.00000     0.00000     0.00000     0.00000    -0.00012
   -15.93893    -0.00007    -0.00000    -0.00001    -0.00004     0.00000     0.00000     0.00000     0.00000     0.00000    -0.00012
   -15.81993    -0.00007    -0.00000    -0.00001    -0.00004     0.00000     0.00000     0.00000     0.00000     0.00000    -0.00012
   -15.70093    -0.00006    -0.00000    -0.00001    -0.00005     0.00000     0.00000     0.00000     0.00000     0.00000    -0.00012
   -15.58193    -0.00006    -0.00000    -0.00001    -0.00005     0.00000     0.00000     0.00000     0.00000     0.00000    -0.00012
   -15.46293    -0.00005    -0.00000    -0.00001    -0.00006     0.00000     0.00000     0.00000     0.00000     0.00000    -0.00012
   -15.34393    -0.00005    -0.00000    -0.00001    -0.00006     0.00000     0.00000     0.00000     0.00000     0.00000    -0.00012
   -15.22493    -0.00005    -0.00000    -0.00001    -0.00007     0.00000     0.00000     0.00000     0.00000     0.00000    -0.00012
   -15.10493    -0.00004    -0.00000    -0.00001    -0.00008     0.00000     0.00000     0.00000     0.00000     0.00000    -0.00013
   -14.98593    -0.00004    -0.00000    -0.00001    -0.00009     0.00000     0.00000     0.00000     0.00000     0.00000    -0.00014
   -14.86693    -0.00003    -0.00001    -0.00001    -0.00012     0.00000     0.00000     0.00000     0.00000     0.00000    -0.00016
   -14.74793    -0.00002    -0.00001    -0.00000    -0.00012     0.00000     0.00000     0.00000     0.00000     0.00000    -0.00015
   -14.62893    -0.00002    -0.00000    -0.00000    -0.00009     0.00000     0.00000     0.00000     0.00000     0.00000    -0.00012
   -14.50993    -0.00001    -0.00000    -0.00000    -0.00008     0.00000     0.00000     0.00000     0.00000     0.00000    -0.00010
   -14.39093    -0.00001    -0.00000    -0.00000    -0.00007     0.00000     0.00000     0.00000     0.00000     0.00000    -0.00009
   -14.27193    -0.00001    -0.00000    -0.00000    -0.00007     0.00000     0.00000     0.00000     0.00000     0.00000    -0.00008
   -14.15293    -0.00001    -0.00000    -0.00000    -0.00006     0.00000     0.00000     0.00000     0.00000     0.00000    -0.00007
   -14.03393    -0.00001    -0.00000    -0.00000    -0.00006     0.00000     0.00000     0.00000     0.00000     0.00000    -0.00007
   -13.91493    -0.00001    -0.00000    -0.00000    -0.00005     0.00000     0.00000     0.00000     0.00000     0.00000    -0.00006
   -13.79493    -0.00002    -0.00000    -0.00001    -0.00005     0.00000     0.00000     0.00000     0.00000     0.00000    -0.00008
   -13.67593    -0.00005    -0.00000    -0.00002    -0.00005     0.00000     0.00000     0.00000     0.00000     0.00000    -0.00012
   -13.55693    -0.00006    -0.00000    -0.00002    -0.00006     0.00000     0.00000     0.00000     0.00000     0.00000    -0.00014
   -13.43793    -0.00006    -0.00000    -0.00002    -0.00006     0.00000     0.00000     0.00000     0.00000     0.00000    -0.00014
   -13.31893    -0.00005    -0.00000    -0.00002    -0.00007     0.00000     0.00000     0.00000     0.00000     0.00000    -0.00015
   -13.19993    -0.00005    -0.00000    -0.00003    -0.00008     0.00000     0.00000     0.00000     0.00000     0.00000    -0.00016
   -13.08093    -0.00005    -0.00000    -0.00003    -0.00011     0.00000     0.00000     0.00000     0.00000     0.00000    -0.00020
   -12.96193    -0.00005    -0.00000    -0.00003    -0.00019     0.00000     0.00000     0.00000     0.00000     0.00000    -0.00027
   -12.84293    -0.00005    -0.00000    -0.00003    -0.00023     0.00000     0.00000     0.00000     0.00000     0.00000    -0.00031
   -12.72393    -0.00004    -0.00000    -0.00003    -0.00024     0.00000     0.00000     0.00000     0.00000     0.00000    -0.00031
   -12.60493    -0.00004    -0.00000    -0.00002    -0.00025     0.00000     0.00000     0.00000     0.00000     0.00000    -0.00031
   -12.48493    -0.00003    -0.00000    -0.00002    -0.00028     0.00000     0.00000     0.00000     0.00000     0.00000    -0.00033
   -12.36593    -0.00003    -0.00000    -0.00002    -0.00031     0.00000     0.00000     0.00000     0.00000     0.00000    -0.00037
   -12.24693    -0.00003    -0.00000    -0.00002    -0.00035     0.00000     0.00000     0.00000     0.00000     0.00000    -0.00040
   -12.12793    -0.00002    -0.00000    -0.00002    -0.00040     0.00000     0.00000     0.00000     0.00000     0.00000    -0.00045
   -12.00893    -0.00002    -0.00000    -0.00002    -0.00047     0.00000     0.00000     0.00000     0.00000     0.00000    -0.00051
   -11.88993    -0.00002    -0.00000    -0.00002    -0.00055     0.00000     0.00000     0.00000     0.00000     0.00000    -0.00060
   -11.77093    -0.00002    -0.00000    -0.00002    -0.00067     0.00000     0.00000     0.00000     0.00000     0.00000    -0.00072
   -11.65193    -0.00002    -0.00000    -0.00002    -0.00084     0.00000     0.00000     0.00000     0.00000     0.00000    -0.00088
   -11.53293    -0.00002    -0.00000    -0.00002    -0.00109     0.00000     0.00000     0.00000     0.00000     0.00000    -0.00114
   -11.41393    -0.00002    -0.00000    -0.00002    -0.00151     0.00000     0.00000     0.00000     0.00000     0.00000    -0.00155
   -11.29493    -0.00002    -0.00000    -0.00002    -0.00224     0.00000     0.00000     0.00000     0.00000     0.00000    -0.00228
   -11.17493    -0.00002    -0.00000    -0.00003    -0.00365     0.00000     0.00000     0.00000     0.00000     0.00000    -0.00370
   -11.05593    -0.00003    -0.00000    -0.00005    -0.00941     0.00000     0.00000     0.00000     0.00000     0.00000    -0.00949
   -10.93693    -0.00004    -0.00000    -0.00006    -0.19810     0.00000     0.00000     0.00000     0.00000     0.00000    -0.19821
   -10.81793    -0.00004    -0.00000    -0.00007    -1.91000     0.00000     0.00000     0.00000     0.00000     0.00000    -1.91012
   -10.69893    -0.00004    -0.00000    -0.00007    -2.14200     0.00000     0.00000     0.00000     0.00000     0.00000    -2.14212
   -10.57993    -0.00004    -0.00000    -0.00008    -0.27860     0.00000     0.00000     0.00000     0.00000     0.00000    -0.27872
   -10.46093    -0.00004    -0.00000    -0.00008    -0.01224     0.00000     0.00000     0.00000     0.00000     0.00000    -0.01237
   -10.34193    -0.00004    -0.00000    -0.00009    -0.00412     0.00000     0.00000     0.00000     0.00000     0.00000    -0.00426
   -10.22293    -0.00004    -0.00000    -0.00010    -0.00237     0.00000     0.00000     0.00000     0.00000     0.00000    -0.00252
   -10.10393    -0.00004    -0.00001    -0.00011    -0.00155     0.00000     0.00000     0.00000     0.00000     0.00000    -0.00170
    -9.98493    -0.00005    -0.00001    -0.00012    -0.00110     0.00000     0.00000     0.00000     0.00000     0.00000    -0.00127
    -9.86493    -0.00005    -0.00001    -0.00013    -0.00083     0.00000     0.00000     0.00000     0.00000     0.00000    -0.00102
    -9.74593    -0.00005    -0.00001    -0.00014    -0.00064     0.00000     0.00000     0.00000     0.00000     0.00000    -0.00084
    -9.62693    -0.00005    -0.00001    -0.00016    -0.00052     0.00000     0.00000     0.00000     0.00000     0.00000    -0.00074
    -9.50793    -0.00006    -0.00001    -0.00019    -0.00042     0.00000     0.00000     0.00000     0.00000     0.00000    -0.00067
    -9.38893    -0.00006    -0.00001    -0.00021    -0.00035     0.00000     0.00000     0.00000     0.00000     0.00000    -0.00063
    -9.26993    -0.00007    -0.00001    -0.00025    -0.00030     0.00000     0.00000     0.00000     0.00000     0.00000    -0.00062
    -9.15093    -0.00007    -0.00001    -0.00029    -0.00026     0.00000     0.00000     0.00000     0.00000     0.00000    -0.00063
    -9.03193    -0.00008    -0.00001    -0.00035    -0.00023     0.00000     0.00000     0.00000     0.00000     0.00000    -0.00067
    -8.91293    -0.00010    -0.00001    -0.00044    -0.00020     0.00000     0.00000     0.00000     0.00000     0.00000    -0.00075
    -8.79393    -0.00012    -0.00001    -0.00057    -0.00018     0.00000     0.00000     0.00000     0.00000     0.00000    -0.00088
    -8.67493    -0.00016    -0.00001    -0.00080    -0.00016     0.00000     0.00000     0.00000     0.00000     0.00000    -0.00113
    -8.55493    -0.00025    -0.00001    -0.00138    -0.00015     0.00000     0.00000     0.00000     0.00000     0.00000    -0.00179
    -8.43593    -0.00242    -0.00001    -0.01422    -0.00014     0.00000     0.00000     0.00000     0.00000     0.00000    -0.01679
    -8.31693    -0.02603    -0.00002    -0.15840    -0.00016     0.00000     0.00000     0.00000     0.00000     0.00000    -0.18461
    -8.19793    -0.09417    -0.00003    -0.60650    -0.00022     0.00000     0.00000     0.00000     0.00000     0.00000    -0.70093
    -8.07893    -0.10840    -0.00003    -0.72220    -0.00018     0.00000     0.00000     0.00000     0.00000     0.00000    -0.83080
    -7.95993    -0.02407    -0.00002    -0.16810    -0.00012     0.00000     0.00000     0.00000     0.00000     0.00000    -0.19232
    -7.84093    -0.04950    -0.00016    -0.45350    -0.00062     0.00000     0.00000     0.00000     0.00000     0.00000    -0.50378
    -7.72193    -0.10530    -0.00050    -0.97100    -0.00175     0.00000     0.00000     0.00000     0.00000     0.00000    -1.07855
    -7.60293    -0.03355    -0.00034    -0.32920    -0.00100     0.00000     0.00000     0.00000     0.00000     0.00000    -0.36409
    -7.48393    -0.02462    -0.00033    -0.29020    -0.00075     0.00000     0.00000     0.00000     0.00000     0.00000    -0.31590
    -7.36493    -0.02081    -0.00044    -0.27010    -0.00088     0.00000     0.00000     0.00000     0.00000     0.00000    -0.29223
    -7.24493    -0.01461    -0.00066    -0.21140    -0.00111     0.00000     0.00000     0.00000     0.00000     0.00000    -0.22777
    -7.12593    -0.00813    -0.00095    -0.13220    -0.00134     0.00000     0.00000     0.00000     0.00000     0.00000    -0.14262
    -7.00693    -0.00441    -0.00134    -0.08167    -0.00158     0.00000     0.00000     0.00000     0.00000     0.00000    -0.08899
    -6.88793    -0.00246    -0.00166    -0.05250    -0.00165     0.00000     0.00000     0.00000     0.00000     0.00000    -0.05827
    -6.76893    -0.00184    -0.00175    -0.04613    -0.00141     0.00000     0.00000     0.00000     0.00000     0.00000    -0.05114
    -6.64993    -0.00139    -0.00220    -0.03964    -0.00140     0.00000     0.00000     0.00000     0.00000     0.00000    -0.04462
    -6.53093    -0.00089    -0.00293    -0.02959    -0.00148     0.00000     0.00000     0.00000     0.00000     0.00000    -0.03489
    -6.41193    -0.00061    -0.00348    -0.02424    -0.00142     0.00000     0.00000     0.00000     0.00000     0.00000    -0.02974
    -6.29293    -0.00048    -0.00425    -0.02254    -0.00134     0.00000     0.00000     0.00000     0.00000     0.00000    -0.02860
    -6.17393    -0.00034    -0.00571    -0.01913    -0.00136     0.00000     0.00000     0.00000     0.00000     0.00000    -0.02653
    -6.05493    -0.00023    -0.00791    -0.01601    -0.00139     0.00000     0.00000     0.00000     0.00000     0.00000    -0.02554
    -5.93493    -0.00016    -0.01137    -0.01349    -0.00142     0.00000     0.00000     0.00000     0.00000     0.00000    -0.02644
    -5.81593    -0.00011    -0.01722    -0.01150    -0.00144     0.00000     0.00000     0.00000     0.00000     0.00000    -0.03027
    -5.69693    -0.00007    -0.02859    -0.00986    -0.00147     0.00000     0.00000     0.00000     0.00000     0.00000    -0.03999
    -5.57793    -0.00005    -0.05701    -0.00836    -0.00151     0.00000     0.00000     0.00000     0.00000     0.00000    -0.06692
    -5.45893    -0.00003    -0.15950    -0.00667    -0.00160     0.00000     0.00000     0.00000     0.00000     0.00000    -0.16780
    -5.33993    -0.00001    -0.59050    -0.00483    -0.00166     0.00000     0.00000     0.00000     0.00000     0.00000    -0.59700
    -5.22093    -0.00001    -2.21300    -0.00677    -0.00135     0.00000     0.00000     0.00000     0.00000     0.00000    -2.22113
    -5.10193    -0.00001    -1.79500    -0.00677    -0.00130     0.00000     0.00000     0.00000     0.00000     0.00000    -1.80307
    -4.98293    -0.00000    -0.37080    -0.00458    -0.00144     0.00000     0.00000     0.00000     0.00000     0.00000    -0.37682
    -4.86393    -0.00000    -0.11350    -0.00412    -0.00148     0.00000     0.00000     0.00000     0.00000     0.00000    -0.11910
    -4.74493    -0.00000    -0.05456    -0.00375    -0.00148     0.00000     0.00000     0.00000     0.00000     0.00000    -0.05979
    -4.62493    -0.00000    -0.03330    -0.00334    -0.00150     0.00000     0.00000     0.00000     0.00000     0.00000    -0.03815
    -4.50593    -0.00000    -0.02291    -0.00302    -0.00151     0.00000     0.00000     0.00000     0.00000     0.00000    -0.02743
    -4.38693    -0.00001    -0.01639    -0.00285    -0.00142     0.00000     0.00000     0.00000     0.00000     0.00000    -0.02067
    -4.26793    -0.00001    -0.01233    -0.00262    -0.00140     0.00000     0.00000     0.00000     0.00000     0.00000    -0.01636
    -4.14893    -0.00001    -0.00988    -0.00238    -0.00143     0.00000     0.00000     0.00000     0.00000     0.00000    -0.01370
    -4.02993    -0.00001    -0.00817    -0.00217    -0.00146     0.00000     0.00000     0.00000     0.00000     0.00000    -0.01182
    -3.91093    -0.00001    -0.00686    -0.00194    -0.00148     0.00000     0.00000     0.00000     0.00000     0.00000    -0.01029
    -3.79193    -0.00001    -0.00599    -0.00176    -0.00152     0.00000     0.00000     0.00000     0.00000     0.00000    -0.00928
    -3.67293    -0.00001    -0.00532    -0.00158    -0.00159     0.00000     0.00000     0.00000     0.00000     0.00000    -0.00850
    -3.55393    -0.00002    -0.00474    -0.00139    -0.00166     0.00000     0.00000     0.00000     0.00000     0.00000    -0.00780
    -3.43493    -0.00002    -0.00441    -0.00123    -0.00181     0.00000     0.00000     0.00000     0.00000     0.00000    -0.00747
    -3.31493    -0.00002    -0.00425    -0.00105    -0.00199     0.00000     0.00000     0.00000     0.00000     0.00000    -0.00731
    -3.19593    -0.00002    -0.00422    -0.00088    -0.00204     0.00000     0.00000     0.00000     0.00000     0.00000    -0.00716
    -3.07693    -0.00002    -0.00408    -0.00084    -0.00194     0.00000     0.00000     0.00000     0.00000     0.00000    -0.00687
    -2.95793    -0.00002    -0.00422    -0.00072    -0.00194     0.00000     0.00000     0.00000     0.00000     0.00000    -0.00690
    -2.83893    -0.00001    -0.00341    -0.00055    -0.00173     0.00000     0.00000     0.00000     0.00000     0.00000    -0.00571
    -2.71993    -0.00001    -0.00236    -0.00045    -0.00140     0.00000     0.00000     0.00000     0.00000     0.00000    -0.00423
    -2.60093    -0.00001    -0.00175    -0.00036    -0.00117     0.00000     0.00000     0.00000     0.00000     0.00000    -0.00329
    -2.48193    -0.00001    -0.00136    -0.00029    -0.00098     0.00000     0.00000     0.00000     0.00000     0.00000    -0.00264
    -2.36293    -0.00001    -0.00113    -0.00024    -0.00084     0.00000     0.00000     0.00000     0.00000     0.00000    -0.00223
    -2.24393    -0.00001    -0.00093    -0.00019    -0.00071     0.00000     0.00000     0.00000     0.00000     0.00000    -0.00183
    -2.12493    -0.00001    -0.00076    -0.00015    -0.00065     0.00000     0.00000     0.00000     0.00000     0.00000    -0.00156
    -2.00493    -0.00001    -0.00063    -0.00012    -0.00060     0.00000     0.00000     0.00000     0.00000     0.00000    -0.00137
    -1.88593    -0.00001    -0.00051    -0.00010    -0.00053     0.00000     0.00000     0.00000     0.00000     0.00000    -0.00114
    -1.76693    -0.00001    -0.00042    -0.00008    -0.00046     0.00000     0.00000     0.00000     0.00000     0.00000    -0.00096
    -1.64793    -0.00001    -0.00034    -0.00006    -0.00039     0.00000     0.00000     0.00000     0.00000     0.00000    -0.00080
    -1.52893    -0.00001    -0.00027    -0.00005    -0.00032     0.00000     0.00000     0.00000     0.00000     0.00000    -0.00065
    -1.40993    -0.00001    -0.00022    -0.00004    -0.00028     0.00000     0.00000     0.00000     0.00000     0.00000    -0.00054
    -1.29093    -0.00001    -0.00017    -0.00003    -0.00024     0.00000     0.00000     0.00000     0.00000     0.00000    -0.00045
    -1.17193    -0.00000    -0.00013    -0.00002    -0.00019     0.00000     0.00000     0.00000     0.00000     0.00000    -0.00035
    -1.05293    -0.00000    -0.00010    -0.00002    -0.00015     0.00000     0.00000     0.00000     0.00000     0.00000    -0.00027
    -0.93393    -0.00000    -0.00007    -0.00001    -0.00011     0.00000     0.00000     0.00000     0.00000     0.00000    -0.00019
    -0.81493    -0.00000    -0.00004    -0.00001    -0.00007     0.00000     0.00000     0.00000     0.00000     0.00000    -0.00012
    -0.69493    -0.00000    -0.00002    -0.00000    -0.00004     0.00000     0.00000     0.00000     0.00000     0.00000    -0.00006
    -0.57593    -0.00000    -0.00001    -0.00000    -0.00002     0.00000     0.00000     0.00000     0.00000     0.00000    -0.00003
    -0.45693    -0.00000    -0.00002    -0.00000    -0.00004     0.00000     0.00000     0.00000     0.00000     0.00000    -0.00006
    -0.33793    -0.00000    -0.00003    -0.00001    -0.00007     0.00000     0.00000     0.00000     0.00000     0.00000    -0.00012
    -0.21893    -0.00001    -0.00005    -0.00002    -0.00011     0.00000     0.00000     0.00000     0.00000     0.00000    -0.00018
    -0.09993    -0.00001    -0.00006    -0.00003    -0.00014     0.00000     0.00000     0.00000     0.00000     0.00000    -0.00024
     0.01907    -0.00002    -0.00007    -0.00004    -0.00018     0.00000     0.00000     0.00000     0.00000     0.00000    -0.00030
     0.13807    -0.00003    -0.00008    -0.00006    -0.00021     0.00000     0.00000     0.00000     0.00000     0.00000    -0.00038
     0.25707    -0.00005    -0.00008    -0.00008    -0.00025     0.00000     0.00000     0.00000     0.00000     0.00000    -0.00046
     0.37607    -0.00008    -0.00009    -0.00012    -0.00029     0.00000     0.00000     0.00000     0.00000     0.00000    -0.00057
     0.49507    -0.00013    -0.00011    -0.00016    -0.00034     0.00000     0.00000     0.00000     0.00000     0.00000    -0.00074
     0.61507    -0.00024    -0.00012    -0.00024    -0.00039     0.00000     0.00000     0.00000     0.00000     0.00000    -0.00098
     0.73407    -0.00064    -0.00012    -0.00033    -0.00045     0.00000     0.00000     0.00000     0.00000     0.00000    -0.00155
     0.85307    -0.00717    -0.00014    -0.00055    -0.00054     0.00000     0.00000     0.00000     0.00000     0.00000    -0.00840
     0.97207    -0.05532    -0.00015    -0.00180    -0.00057     0.00000     0.00000     0.00000     0.00000     0.00000    -0.05784
     1.09107    -0.08678    -0.00015    -0.00477    -0.00047     0.00000     0.00000     0.00000     0.00000     0.00000    -0.09217
     1.21007    -0.02283    -0.00011    -0.00388    -0.00042     0.00000     0.00000     0.00000     0.00000     0.00000    -0.02723
     1.32907    -0.00099    -0.00008    -0.00229    -0.00037     0.00000     0.00000     0.00000     0.00000     0.00000    -0.00374
     1.44807    -0.00004    -0.00007    -0.00183    -0.00034     0.00000     0.00000     0.00000     0.00000     0.00000    -0.00227
     1.56707    -0.00003    -0.00006    -0.00143    -0.00035     0.00000     0.00000     0.00000     0.00000     0.00000    -0.00187
     1.68607    -0.00006    -0.00007    -0.00109    -0.00038     0.00000     0.00000     0.00000     0.00000     0.00000    -0.00160
     1.80507    -0.00011    -0.00006    -0.00116    -0.00037     0.00000     0.00000     0.00000     0.00000     0.00000    -0.00170
     1.92507    -0.00019    -0.00005    -0.00127    -0.00033     0.00000     0.00000     0.00000     0.00000     0.00000    -0.00184
     2.04407    -0.00030    -0.00004    -0.00144    -0.00031     0.00000     0.00000     0.00000     0.00000     0.00000    -0.00210
     2.16307    -0.00078    -0.00005    -0.00229    -0.00032     0.00000     0.00000     0.00000     0.00000     0.00000    -0.00344
     2.28207    -0.00642    -0.00033    -0.01240    -0.00112     0.00000     0.00000     0.00000     0.00000     0.00000    -0.02027
     2.40107    -0.02288    -0.00270    -0.04070    -0.00953     0.00000     0.00000     0.00000     0.00000     0.00000    -0.07581
     2.52007    -0.03132    -0.00669    -0.04686    -0.01801     0.00000     0.00000     0.00000     0.00000     0.00000    -0.10288
     2.63907    -0.04037    -0.01075    -0.04320    -0.01315     0.00000     0.00000     0.00000     0.00000     0.00000    -0.10747
     2.75807    -0.02814    -0.01391    -0.02217    -0.01426     0.00000     0.00000     0.00000     0.00000     0.00000    -0.07848
     2.87707    -0.01243    -0.01444    -0.00570    -0.01657     0.00000     0.00000     0.00000     0.00000     0.00000    -0.04914
     2.99607    -0.00564    -0.01652    -0.00166    -0.02185     0.00000     0.00000     0.00000     0.00000     0.00000    -0.04567
     3.11507    -0.00165    -0.02228    -0.00144    -0.02355     0.00000     0.00000     0.00000     0.00000     0.00000    -0.04892
     3.23507    -0.00182    -0.02273    -0.00302    -0.01194     0.00000     0.00000     0.00000     0.00000     0.00000    -0.03951
     3.35407    -0.01001    -0.01191    -0.00960    -0.00921     0.00000     0.00000     0.00000     0.00000     0.00000    -0.04072
     3.47307    -0.01709    -0.00413    -0.01526    -0.00776     0.00000     0.00000     0.00000     0.00000     0.00000    -0.04424
     3.59207    -0.01565    -0.00336    -0.01251    -0.00352     0.00000     0.00000     0.00000     0.00000     0.00000    -0.03504
     3.71107    -0.01786    -0.00432    -0.01344    -0.00410     0.00000     0.00000     0.00000     0.00000     0.00000    -0.03972
     3.83007    -0.01048    -0.00511    -0.00823    -0.00937     0.00000     0.00000     0.00000     0.00000     0.00000    -0.03320
     3.94907    -0.00576    -0.00495    -0.00524    -0.02003     0.00000     0.00000     0.00000     0.00000     0.00000    -0.03597
     4.06807    -0.00812    -0.00456    -0.00662    -0.04848     0.00000     0.00000     0.00000     0.00000     0.00000    -0.06778
     4.18707    -0.01180    -0.00822    -0.00729    -0.04596     0.00000     0.00000     0.00000     0.00000     0.00000    -0.07327
     4.30607    -0.01077    -0.00927    -0.00828    -0.02137     0.00000     0.00000     0.00000     0.00000     0.00000    -0.04969
     4.42507    -0.00750    -0.00827    -0.01454    -0.02510     0.00000     0.00000     0.00000     0.00000     0.00000    -0.05541
     4.54507    -0.00602    -0.00943    -0.02110    -0.05358     0.00000     0.00000     0.00000     0.00000     0.00000    -0.09012
     4.66407    -0.00834    -0.01114    -0.02797    -0.04570     0.00000     0.00000     0.00000     0.00000     0.00000    -0.09316
     4.78307    -0.00883    -0.01175    -0.03318    -0.03020     0.00000     0.00000     0.00000     0.00000     0.00000    -0.08396
     4.90207    -0.00738    -0.00954    -0.02991    -0.03337     0.00000     0.00000     0.00000     0.00000     0.00000    -0.08020
     5.02107    -0.00651    -0.00818    -0.01828    -0.04793     0.00000     0.00000     0.00000     0.00000     0.00000    -0.08091
     5.14007    -0.00849    -0.00855    -0.01370    -0.05683     0.00000     0.00000     0.00000     0.00000     0.00000    -0.08757
     5.25907    -0.00797    -0.00728    -0.00955    -0.03692     0.00000     0.00000     0.00000     0.00000     0.00000    -0.06172
     5.37807    -0.00702    -0.00775    -0.00927    -0.02744     0.00000     0.00000     0.00000     0.00000     0.00000    -0.05148
     5.49707    -0.00867    -0.00975    -0.01568    -0.03329     0.00000     0.00000     0.00000     0.00000     0.00000    -0.06738
     5.61607    -0.00742    -0.01144    -0.02531    -0.04405     0.00000     0.00000     0.00000     0.00000     0.00000    -0.08822
     5.73507    -0.00687    -0.01132    -0.03802    -0.04634     0.00000     0.00000     0.00000     0.00000     0.00000    -0.10255
     5.85507    -0.00623    -0.01195    -0.03467    -0.03831     0.00000     0.00000     0.00000     0.00000     0.00000    -0.09116
     5.97407    -0.00622    -0.01124    -0.02318    -0.03446     0.00000     0.00000     0.00000     0.00000     0.00000    -0.07509
     6.09307    -0.00680    -0.00924    -0.01890    -0.03372     0.00000     0.00000     0.00000     0.00000     0.00000    -0.06866
     6.21207    -0.00582    -0.00698    -0.02263    -0.02582     0.00000     0.00000     0.00000     0.00000     0.00000    -0.06126
     6.33107    -0.00309    -0.00503    -0.01585    -0.01246     0.00000     0.00000     0.00000     0.00000     0.00000    -0.03643
     6.45007    -0.00073    -0.00182    -0.00432    -0.00368     0.00000     0.00000     0.00000     0.00000     0.00000    -0.01055
     6.56907    -0.00005    -0.00014    -0.00033    -0.00030     0.00000     0.00000     0.00000     0.00000     0.00000    -0.00082
     6.68807    -0.00000    -0.00000    -0.00000    -0.00000     0.00000     0.00000     0.00000     0.00000     0.00000    -0.00001
     6.80707    -0.00000    -0.00000    -0.00000    -0.00000     0.00000     0.00000     0.00000     0.00000     0.00000    -0.00000
     6.92607    -0.00000    -0.00000    -0.00000    -0.00000     0.00000     0.00000     0.00000     0.00000     0.00000    -0.00000
     7.04507    -0.00000    -0.00000    -0.00000    -0.00000     0.00000     0.00000     0.00000     0.00000     0.00000    -0.00000
     7.16507     0.00000     0.00000     0.00000     0.00000     0.00000     0.00000     0.00000     0.00000     0.00000     0.00000
     7.28407     0.00000     0.00000     0.00000     0.00000     0.00000     0.00000     0.00000     0.00000     0.00000     0.00000
     7.40307     0.00000     0.00000     0.00000     0.00000     0.00000     0.00000     0.00000     0.00000     0.00000     0.00000
     7.52207     0.00000     0.00000     0.00000     0.00000     0.00000     0.00000     0.00000     0.00000     0.00000     0.00000
     7.64107     0.00000     0.00000     0.00000     0.00000     0.00000     0.00000     0.00000     0.00000     0.00000     0.00000
     7.76007     0.00000     0.00000     0.00000     0.00000     0.00000     0.00000     0.00000     0.00000     0.00000     0.00000
     7.87907     0.00000     0.00000     0.00000     0.00000     0.00000     0.00000     0.00000     0.00000     0.00000     0.00000
     7.99807     0.00000     0.00000     0.00000     0.00000     0.00000     0.00000     0.00000     0.00000     0.00000     0.00000
