     #Energy           s          py          pz          px         dxy         dyz         dz2         dxz         dx2       tot  
   -27.72893     0.00000     0.00000     0.00000     0.00000     0.00000     0.00000     0.00000     0.00000     0.00000     0.00000
   -27.60993     0.00000     0.00000     0.00000     0.00000     0.00000     0.00000     0.00000     0.00000     0.00000     0.00000
   -27.49093     0.00000     0.00000     0.00000     0.00000     0.00000     0.00000     0.00000     0.00000     0.00000     0.00000
   -27.37193     0.00000     0.00000     0.00000     0.00000     0.00000     0.00000     0.00000     0.00000     0.00000     0.00000
   -27.25293     0.00000     0.00000     0.00000     0.00000     0.00000     0.00000     0.00000     0.00000     0.00000     0.00000
   -27.13393     0.00000     0.00000     0.00000     0.00000     0.00000     0.00000     0.00000     0.00000     0.00000     0.00000
   -27.01493     0.00000     0.00000     0.00000     0.00000     0.00000     0.00000     0.00000     0.00000     0.00000     0.00000
   -26.89493     0.00000     0.00000     0.00000     0.00000     0.00000     0.00000     0.00000     0.00000     0.00000     0.00000
   -26.77593     0.00000     0.00000     0.00000     0.00000     0.00000     0.00000     0.00000     0.00000     0.00000     0.00000
   -26.65693     0.00000     0.00000     0.00000     0.00000     0.00000     0.00000     0.00000     0.00000     0.00000     0.00000
   -26.53793    -0.00000    -0.00000    -0.00000    -0.00000     0.00000     0.00000     0.00000     0.00000     0.00000    -0.00000
   -26.41893    -0.00000    -0.00000    -0.00000    -0.00000     0.00000     0.00000     0.00000     0.00000     0.00000    -0.00000
   -26.29993    -0.00000    -0.00000    -0.00000    -0.00000     0.00000     0.00000     0.00000     0.00000     0.00000    -0.00000
   -26.18093    -0.00002    -0.00000    -0.00000    -0.00000     0.00000     0.00000     0.00000     0.00000     0.00000    -0.00002
   -26.06193    -0.00082    -0.00000    -0.00007    -0.00011     0.00000     0.00000     0.00000     0.00000     0.00000    -0.00100
   -25.94293    -0.00342    -0.00000    -0.00031    -0.00045     0.00000     0.00000     0.00000     0.00000     0.00000    -0.00418
   -25.82393    -0.00149    -0.00000    -0.00013    -0.00020     0.00000     0.00000     0.00000     0.00000     0.00000    -0.00182
   -25.70493    -0.00006    -0.00000    -0.00001    -0.00001     0.00000     0.00000     0.00000     0.00000     0.00000    -0.00007
   -25.58493    -0.00000    -0.00000    -0.00000    -0.00000     0.00000     0.00000     0.00000     0.00000     0.00000    -0.00000
   -25.46593    -0.00000    -0.00000    -0.00000    -0.00000     0.00000     0.00000     0.00000     0.00000     0.00000    -0.00000
   -25.34693    -0.00000    -0.00000    -0.00000    -0.00000     0.00000     0.00000     0.00000     0.00000     0.00000    -0.00000
   -25.22793     0.00000     0.00000     0.00000     0.00000     0.00000     0.00000     0.00000     0.00000     0.00000     0.00000
   -25.10893     0.00000     0.00000     0.00000     0.00000     0.00000     0.00000     0.00000     0.00000     0.00000     0.00000
   -24.98993     0.00000     0.00000     0.00000     0.00000     0.00000     0.00000     0.00000     0.00000     0.00000     0.00000
   -24.87093     0.00000     0.00000     0.00000     0.00000     0.00000     0.00000     0.00000     0.00000     0.00000     0.00000
   -24.75193     0.00000     0.00000     0.00000     0.00000     0.00000     0.00000     0.00000     0.00000     0.00000     0.00000
   -24.63293     0.00000     0.00000     0.00000     0.00000     0.00000     0.00000     0.00000     0.00000     0.00000     0.00000
   -24.51393     0.00000     0.00000     0.00000     0.00000     0.00000     0.00000     0.00000     0.00000     0.00000     0.00000
   -24.39493     0.00000     0.00000     0.00000     0.00000     0.00000     0.00000     0.00000     0.00000     0.00000     0.00000
   -24.27493     0.00000     0.00000     0.00000     0.00000     0.00000     0.00000     0.00000     0.00000     0.00000     0.00000
   -24.15593     0.00000     0.00000     0.00000     0.00000     0.00000     0.00000     0.00000     0.00000     0.00000     0.00000
   -24.03693     0.00000     0.00000     0.00000     0.00000     0.00000     0.00000     0.00000     0.00000     0.00000     0.00000
   -23.91793     0.00000     0.00000     0.00000     0.00000     0.00000     0.00000     0.00000     0.00000     0.00000     0.00000
   -23.79893     0.00000     0.00000     0.00000     0.00000     0.00000     0.00000     0.00000     0.00000     0.00000     0.00000
   -23.67993    -0.00000    -0.00000    -0.00000    -0.00000     0.00000     0.00000     0.00000     0.00000     0.00000    -0.00000
   -23.56093    -0.00000    -0.00000    -0.00000    -0.00000     0.00000     0.00000     0.00000     0.00000     0.00000    -0.00000
   -23.44193    -0.00001    -0.00000    -0.00000    -0.00000     0.00000     0.00000     0.00000     0.00000     0.00000    -0.00001
   -23.32293    -0.00568    -0.00000    -0.00039    -0.00082     0.00000     0.00000     0.00000     0.00000     0.00000    -0.00689
   -23.20393    -0.24060    -0.00000    -0.01657    -0.03472     0.00000     0.00000     0.00000     0.00000     0.00000    -0.29189
   -23.08493    -0.91540    -0.00000    -0.06306    -0.13212     0.00000     0.00000     0.00000     0.00000     0.00000    -1.11058
   -22.96493    -0.36380    -0.00000    -0.02505    -0.05250     0.00000     0.00000     0.00000     0.00000     0.00000    -0.44135
   -22.84593    -0.01350    -0.00000    -0.00093    -0.00195     0.00000     0.00000     0.00000     0.00000     0.00000    -0.01638
   -22.72693    -0.00004    -0.00000    -0.00000    -0.00001     0.00000     0.00000     0.00000     0.00000     0.00000    -0.00005
   -22.60793    -0.00000    -0.00000    -0.00000    -0.00000     0.00000     0.00000     0.00000     0.00000     0.00000    -0.00000
   -22.48893    -0.00000    -0.00000    -0.00000    -0.00000     0.00000     0.00000     0.00000     0.00000     0.00000    -0.00000
   -22.36993     0.00000     0.00000     0.00000     0.00000     0.00000     0.00000     0.00000     0.00000     0.00000     0.00000
   -22.25093     0.00000     0.00000     0.00000     0.00000     0.00000     0.00000     0.00000     0.00000     0.00000     0.00000
   -22.13193     0.00000     0.00000     0.00000     0.00000     0.00000     0.00000     0.00000     0.00000     0.00000     0.00000
   -22.01293     0.00000     0.00000     0.00000     0.00000     0.00000     0.00000     0.00000     0.00000     0.00000     0.00000
   -21.89393     0.00000     0.00000     0.00000     0.00000     0.00000     0.00000     0.00000     0.00000     0.00000     0.00000
   -21.77493     0.00000     0.00000     0.00000     0.00000     0.00000     0.00000     0.00000     0.00000     0.00000     0.00000
   -21.65493     0.00000     0.00000     0.00000     0.00000     0.00000     0.00000     0.00000     0.00000     0.00000     0.00000
   -21.53593     0.00000     0.00000     0.00000     0.00000     0.00000     0.00000     0.00000     0.00000     0.00000     0.00000
   -21.41693     0.00000     0.00000     0.00000     0.00000     0.00000     0.00000     0.00000     0.00000     0.00000     0.00000
   -21.29793     0.00000     0.00000     0.00000     0.00000     0.00000     0.00000     0.00000     0.00000     0.00000     0.00000
   -21.17893     0.00000     0.00000     0.00000     0.00000     0.00000     0.00000     0.00000     0.00000     0.00000     0.00000
   -21.05993     0.00000     0.00000     0.00000     0.00000     0.00000     0.00000     0.00000     0.00000     0.00000     0.00000
   -20.94093     0.00000     0.00000     0.00000     0.00000     0.00000     0.00000     0.00000     0.00000     0.00000     0.00000
   -20.82193     0.00000     0.00000     0.00000     0.00000     0.00000     0.00000     0.00000     0.00000     0.00000     0.00000
   -20.70293     0.00000     0.00000     0.00000     0.00000     0.00000     0.00000     0.00000     0.00000     0.00000     0.00000
   -20.58393    -0.00000    -0.00000    -0.00000    -0.00000     0.00000     0.00000     0.00000     0.00000     0.00000    -0.00000
   -20.46493    -0.00000    -0.00000    -0.00000    -0.00000     0.00000     0.00000     0.00000     0.00000     0.00000    -0.00000
   -20.34493    -0.00000    -0.00000    -0.00000    -0.00000     0.00000     0.00000     0.00000     0.00000     0.00000    -0.00000
   -20.22593    -0.00000    -0.00000    -0.00000    -0.00000     0.00000     0.00000     0.00000     0.00000     0.00000    -0.00000
   -20.10693    -0.00001    -0.00000    -0.00001    -0.00001     0.00000     0.00000     0.00000     0.00000     0.00000    -0.00003
   -19.98793    -0.00004    -0.00000    -0.00003    -0.00002     0.00000     0.00000     0.00000     0.00000     0.00000    -0.00010
   -19.86893    -0.00005    -0.00000    -0.00004    -0.00003     0.00000     0.00000     0.00000     0.00000     0.00000    -0.00012
   -19.74993    -0.00005    -0.00000    -0.00004    -0.00003     0.00000     0.00000     0.00000     0.00000     0.00000    -0.00012
   -19.63093    -0.00004    -0.00000    -0.00004    -0.00002     0.00000     0.00000     0.00000     0.00000     0.00000    -0.00010
   -19.51193    -0.00003    -0.00000    -0.00003    -0.00002     0.00000     0.00000     0.00000     0.00000     0.00000    -0.00008
   -19.39293    -0.00003    -0.00000    -0.00003    -0.00002     0.00000     0.00000     0.00000     0.00000     0.00000    -0.00008
   -19.27393    -0.00003    -0.00000    -0.00003    -0.00001     0.00000     0.00000     0.00000     0.00000     0.00000    -0.00007
   -19.15493    -0.00003    -0.00000    -0.00003    -0.00001     0.00000     0.00000     0.00000     0.00000     0.00000    -0.00007
   -19.03493    -0.00003    -0.00000    -0.00003    -0.00001     0.00000     0.00000     0.00000     0.00000     0.00000    -0.00007
   -18.91593    -0.00003    -0.00000    -0.00002    -0.00001     0.00000     0.00000     0.00000     0.00000     0.00000    -0.00006
   -18.79693    -0.00003    -0.00000    -0.00002    -0.00001     0.00000     0.00000     0.00000     0.00000     0.00000    -0.00006
   -18.67793    -0.00003    -0.00000    -0.00002    -0.00001     0.00000     0.00000     0.00000     0.00000     0.00000    -0.00006
   -18.55893    -0.00003    -0.00000    -0.00002    -0.00001     0.00000     0.00000     0.00000     0.00000     0.00000    -0.00006
   -18.43993    -0.00003    -0.00000    -0.00002    -0.00001     0.00000     0.00000     0.00000     0.00000     0.00000    -0.00006
   -18.32093    -0.00003    -0.00000    -0.00002    -0.00001     0.00000     0.00000     0.00000     0.00000     0.00000    -0.00005
   -18.20193    -0.00003    -0.00000    -0.00002    -0.00001     0.00000     0.00000     0.00000     0.00000     0.00000    -0.00005
   -18.08293    -0.00003    -0.00000    -0.00002    -0.00001     0.00000     0.00000     0.00000     0.00000     0.00000    -0.00005
   -17.96393    -0.00003    -0.00000    -0.00002    -0.00000     0.00000     0.00000     0.00000     0.00000     0.00000    -0.00005
   -17.84493    -0.00003    -0.00000    -0.00002    -0.00000     0.00000     0.00000     0.00000     0.00000     0.00000    -0.00005
   -17.72493    -0.00004    -0.00000    -0.00002    -0.00000     0.00000     0.00000     0.00000     0.00000     0.00000    -0.00006
   -17.60593    -0.00004    -0.00000    -0.00001    -0.00000     0.00000     0.00000     0.00000     0.00000     0.00000    -0.00006
   -17.48693    -0.00004    -0.00000    -0.00001    -0.00000     0.00000     0.00000     0.00000     0.00000     0.00000    -0.00006
   -17.36793    -0.00004    -0.00000    -0.00001    -0.00000     0.00000     0.00000     0.00000     0.00000     0.00000    -0.00006
   -17.24893    -0.00004    -0.00000    -0.00001    -0.00000     0.00000     0.00000     0.00000     0.00000     0.00000    -0.00006
   -17.12993    -0.00004    -0.00000    -0.00001    -0.00000     0.00000     0.00000     0.00000     0.00000     0.00000    -0.00006
   -17.01093    -0.00005    -0.00000    -0.00001    -0.00000     0.00000     0.00000     0.00000     0.00000     0.00000    -0.00006
   -16.89193    -0.00005    -0.00000    -0.00001    -0.00000     0.00000     0.00000     0.00000     0.00000     0.00000    -0.00006
   -16.77293    -0.00005    -0.00000    -0.00001    -0.00000     0.00000     0.00000     0.00000     0.00000     0.00000    -0.00007
   -16.65393    -0.00005    -0.00000    -0.00001    -0.00000     0.00000     0.00000     0.00000     0.00000     0.00000    -0.00007
   -16.53493    -0.00006    -0.00000    -0.00001    -0.00000     0.00000     0.00000     0.00000     0.00000     0.00000    -0.00007
   -16.41493    -0.00006    -0.00000    -0.00001    -0.00000     0.00000     0.00000     0.00000     0.00000     0.00000    -0.00007
   -16.29593    -0.00006    -0.00000    -0.00001    -0.00000     0.00000     0.00000     0.00000     0.00000     0.00000    -0.00007
   -16.17693    -0.00007    -0.00000    -0.00001    -0.00000     0.00000     0.00000     0.00000     0.00000     0.00000    -0.00008
   -16.05793    -0.00007    -0.00000    -0.00001    -0.00000     0.00000     0.00000     0.00000     0.00000     0.00000    -0.00008
   -15.93893    -0.00007    -0.00000    -0.00001    -0.00000     0.00000     0.00000     0.00000     0.00000     0.00000    -0.00008
   -15.81993    -0.00008    -0.00000    -0.00001    -0.00000     0.00000     0.00000     0.00000     0.00000     0.00000    -0.00009
   -15.70093    -0.00008    -0.00000    -0.00001    -0.00000     0.00000     0.00000     0.00000     0.00000     0.00000    -0.00009
   -15.58193    -0.00009    -0.00000    -0.00001    -0.00000     0.00000     0.00000     0.00000     0.00000     0.00000    -0.00010
   -15.46293    -0.00010    -0.00000    -0.00001    -0.00000     0.00000     0.00000     0.00000     0.00000     0.00000    -0.00011
   -15.34393    -0.00010    -0.00000    -0.00001    -0.00000     0.00000     0.00000     0.00000     0.00000     0.00000    -0.00011
   -15.22493    -0.00011    -0.00000    -0.00001    -0.00000     0.00000     0.00000     0.00000     0.00000     0.00000    -0.00012
   -15.10493    -0.00012    -0.00000    -0.00000    -0.00000     0.00000     0.00000     0.00000     0.00000     0.00000    -0.00013
   -14.98593    -0.00014    -0.00000    -0.00000    -0.00000     0.00000     0.00000     0.00000     0.00000     0.00000    -0.00015
   -14.86693    -0.00018    -0.00000    -0.00000    -0.00000     0.00000     0.00000     0.00000     0.00000     0.00000    -0.00019
   -14.74793    -0.00017    -0.00000    -0.00000    -0.00000     0.00000     0.00000     0.00000     0.00000     0.00000    -0.00018
   -14.62893    -0.00014    -0.00000    -0.00000    -0.00000     0.00000     0.00000     0.00000     0.00000     0.00000    -0.00014
   -14.50993    -0.00012    -0.00000    -0.00000    -0.00000     0.00000     0.00000     0.00000     0.00000     0.00000    -0.00012
   -14.39093    -0.00010    -0.00000    -0.00000    -0.00000     0.00000     0.00000     0.00000     0.00000     0.00000    -0.00010
   -14.27193    -0.00009    -0.00000    -0.00000    -0.00000     0.00000     0.00000     0.00000     0.00000     0.00000    -0.00010
   -14.15293    -0.00008    -0.00000    -0.00000    -0.00000     0.00000     0.00000     0.00000     0.00000     0.00000    -0.00009
   -14.03393    -0.00008    -0.00000    -0.00000    -0.00000     0.00000     0.00000     0.00000     0.00000     0.00000    -0.00008
   -13.91493    -0.00007    -0.00000    -0.00000    -0.00000     0.00000     0.00000     0.00000     0.00000     0.00000    -0.00007
   -13.79493    -0.00006    -0.00000    -0.00000    -0.00000     0.00000     0.00000     0.00000     0.00000     0.00000    -0.00007
   -13.67593    -0.00007    -0.00000    -0.00001    -0.00000     0.00000     0.00000     0.00000     0.00000     0.00000    -0.00008
   -13.55693    -0.00007    -0.00000    -0.00001    -0.00000     0.00000     0.00000     0.00000     0.00000     0.00000    -0.00008
   -13.43793    -0.00008    -0.00000    -0.00001    -0.00000     0.00000     0.00000     0.00000     0.00000     0.00000    -0.00009
   -13.31893    -0.00008    -0.00000    -0.00001    -0.00000     0.00000     0.00000     0.00000     0.00000     0.00000    -0.00009
   -13.19993    -0.00009    -0.00000    -0.00001    -0.00000     0.00000     0.00000     0.00000     0.00000     0.00000    -0.00011
   -13.08093    -0.00013    -0.00000    -0.00001    -0.00000     0.00000     0.00000     0.00000     0.00000     0.00000    -0.00014
   -12.96193    -0.00020    -0.00000    -0.00001    -0.00000     0.00000     0.00000     0.00000     0.00000     0.00000    -0.00022
   -12.84293    -0.00025    -0.00000    -0.00001    -0.00000     0.00000     0.00000     0.00000     0.00000     0.00000    -0.00026
   -12.72393    -0.00024    -0.00000    -0.00001    -0.00000     0.00000     0.00000     0.00000     0.00000     0.00000    -0.00025
   -12.60493    -0.00024    -0.00000    -0.00001    -0.00000     0.00000     0.00000     0.00000     0.00000     0.00000    -0.00026
   -12.48493    -0.00026    -0.00000    -0.00001    -0.00000     0.00000     0.00000     0.00000     0.00000     0.00000    -0.00028
   -12.36593    -0.00029    -0.00000    -0.00001    -0.00001     0.00000     0.00000     0.00000     0.00000     0.00000    -0.00031
   -12.24693    -0.00031    -0.00000    -0.00001    -0.00001     0.00000     0.00000     0.00000     0.00000     0.00000    -0.00033
   -12.12793    -0.00035    -0.00000    -0.00001    -0.00001     0.00000     0.00000     0.00000     0.00000     0.00000    -0.00037
   -12.00893    -0.00039    -0.00000    -0.00001    -0.00001     0.00000     0.00000     0.00000     0.00000     0.00000    -0.00041
   -11.88993    -0.00045    -0.00000    -0.00002    -0.00001     0.00000     0.00000     0.00000     0.00000     0.00000    -0.00048
   -11.77093    -0.00052    -0.00000    -0.00002    -0.00001     0.00000     0.00000     0.00000     0.00000     0.00000    -0.00056
   -11.65193    -0.00063    -0.00000    -0.00003    -0.00002     0.00000     0.00000     0.00000     0.00000     0.00000    -0.00068
   -11.53293    -0.00080    -0.00000    -0.00004    -0.00002     0.00000     0.00000     0.00000     0.00000     0.00000    -0.00086
   -11.41393    -0.00106    -0.00000    -0.00006    -0.00003     0.00000     0.00000     0.00000     0.00000     0.00000    -0.00114
   -11.29493    -0.00151    -0.00000    -0.00009    -0.00004     0.00000     0.00000     0.00000     0.00000     0.00000    -0.00164
   -11.17493    -0.00238    -0.00000    -0.00015    -0.00007     0.00000     0.00000     0.00000     0.00000     0.00000    -0.00260
   -11.05593    -0.00581    -0.00000    -0.00042    -0.00018     0.00000     0.00000     0.00000     0.00000     0.00000    -0.00641
   -10.93693    -0.11509    -0.00000    -0.00954    -0.00392     0.00000     0.00000     0.00000     0.00000     0.00000    -0.12855
   -10.81793    -1.10410    -0.00000    -0.09269    -0.03788     0.00000     0.00000     0.00000     0.00000     0.00000    -1.23467
   -10.69893    -1.23660    -0.00000    -0.10417    -0.04252     0.00000     0.00000     0.00000     0.00000     0.00000    -1.38329
   -10.57993    -0.16012    -0.00000    -0.01364    -0.00554     0.00000     0.00000     0.00000     0.00000     0.00000    -0.17930
   -10.46093    -0.00669    -0.00000    -0.00065    -0.00025     0.00000     0.00000     0.00000     0.00000     0.00000    -0.00760
   -10.34193    -0.00214    -0.00000    -0.00024    -0.00009     0.00000     0.00000     0.00000     0.00000     0.00000    -0.00247
   -10.22293    -0.00119    -0.00000    -0.00015    -0.00005     0.00000     0.00000     0.00000     0.00000     0.00000    -0.00140
   -10.10393    -0.00076    -0.00000    -0.00010    -0.00004     0.00000     0.00000     0.00000     0.00000     0.00000    -0.00090
    -9.98493    -0.00053    -0.00000    -0.00008    -0.00003     0.00000     0.00000     0.00000     0.00000     0.00000    -0.00064
    -9.86493    -0.00039    -0.00000    -0.00006    -0.00002     0.00000     0.00000     0.00000     0.00000     0.00000    -0.00048
    -9.74593    -0.00030    -0.00000    -0.00005    -0.00002     0.00000     0.00000     0.00000     0.00000     0.00000    -0.00038
    -9.62693    -0.00025    -0.00000    -0.00005    -0.00002     0.00000     0.00000     0.00000     0.00000     0.00000    -0.00031
    -9.50793    -0.00021    -0.00000    -0.00004    -0.00001     0.00000     0.00000     0.00000     0.00000     0.00000    -0.00026
    -9.38893    -0.00018    -0.00000    -0.00003    -0.00001     0.00000     0.00000     0.00000     0.00000     0.00000    -0.00023
    -9.26993    -0.00016    -0.00000    -0.00003    -0.00001     0.00000     0.00000     0.00000     0.00000     0.00000    -0.00021
    -9.15093    -0.00015    -0.00000    -0.00003    -0.00001     0.00000     0.00000     0.00000     0.00000     0.00000    -0.00020
    -9.03193    -0.00015    -0.00000    -0.00003    -0.00002     0.00000     0.00000     0.00000     0.00000     0.00000    -0.00020
    -8.91293    -0.00016    -0.00000    -0.00003    -0.00002     0.00000     0.00000     0.00000     0.00000     0.00000    -0.00021
    -8.79393    -0.00018    -0.00000    -0.00003    -0.00002     0.00000     0.00000     0.00000     0.00000     0.00000    -0.00023
    -8.67493    -0.00022    -0.00000    -0.00003    -0.00003     0.00000     0.00000     0.00000     0.00000     0.00000    -0.00027
    -8.55493    -0.00034    -0.00000    -0.00003    -0.00004     0.00000     0.00000     0.00000     0.00000     0.00000    -0.00041
    -8.43593    -0.00311    -0.00000    -0.00009    -0.00033     0.00000     0.00000     0.00000     0.00000     0.00000    -0.00352
    -8.31693    -0.03392    -0.00000    -0.00071    -0.00364     0.00000     0.00000     0.00000     0.00000     0.00000    -0.03827
    -8.19793    -0.12742    -0.00000    -0.00230    -0.01446     0.00000     0.00000     0.00000     0.00000     0.00000    -0.14418
    -8.07893    -0.15009    -0.00000    -0.00247    -0.01762     0.00000     0.00000     0.00000     0.00000     0.00000    -0.17018
    -7.95993    -0.03441    -0.00000    -0.00052    -0.00424     0.00000     0.00000     0.00000     0.00000     0.00000    -0.03917
    -7.84093    -0.08541    -0.00001    -0.00055    -0.01339     0.00000     0.00000     0.00000     0.00000     0.00000    -0.09936
    -7.72193    -0.18261    -0.00004    -0.00118    -0.02877     0.00000     0.00000     0.00000     0.00000     0.00000    -0.21260
    -7.60293    -0.06074    -0.00003    -0.00037    -0.01010     0.00000     0.00000     0.00000     0.00000     0.00000    -0.07123
    -7.48393    -0.05064    -0.00003    -0.00015    -0.00966     0.00000     0.00000     0.00000     0.00000     0.00000    -0.06048
    -7.36493    -0.04583    -0.00003    -0.00012    -0.00936     0.00000     0.00000     0.00000     0.00000     0.00000    -0.05534
    -7.24493    -0.03481    -0.00005    -0.00013    -0.00765     0.00000     0.00000     0.00000     0.00000     0.00000    -0.04263
    -7.12593    -0.02114    -0.00006    -0.00016    -0.00501     0.00000     0.00000     0.00000     0.00000     0.00000    -0.02638
    -7.00693    -0.01269    -0.00009    -0.00020    -0.00326     0.00000     0.00000     0.00000     0.00000     0.00000    -0.01624
    -6.88793    -0.00793    -0.00010    -0.00022    -0.00221     0.00000     0.00000     0.00000     0.00000     0.00000    -0.01046
    -6.76893    -0.00666    -0.00011    -0.00021    -0.00202     0.00000     0.00000     0.00000     0.00000     0.00000    -0.00900
    -6.64993    -0.00555    -0.00013    -0.00022    -0.00180     0.00000     0.00000     0.00000     0.00000     0.00000    -0.00770
    -6.53093    -0.00403    -0.00016    -0.00024    -0.00141     0.00000     0.00000     0.00000     0.00000     0.00000    -0.00584
    -6.41193    -0.00318    -0.00019    -0.00024    -0.00120     0.00000     0.00000     0.00000     0.00000     0.00000    -0.00481
    -6.29293    -0.00283    -0.00022    -0.00025    -0.00115     0.00000     0.00000     0.00000     0.00000     0.00000    -0.00446
    -6.17393    -0.00233    -0.00028    -0.00026    -0.00102     0.00000     0.00000     0.00000     0.00000     0.00000    -0.00389
    -6.05493    -0.00188    -0.00037    -0.00027    -0.00089     0.00000     0.00000     0.00000     0.00000     0.00000    -0.00341
    -5.93493    -0.00154    -0.00051    -0.00028    -0.00078     0.00000     0.00000     0.00000     0.00000     0.00000    -0.00310
    -5.81593    -0.00127    -0.00074    -0.00029    -0.00069     0.00000     0.00000     0.00000     0.00000     0.00000    -0.00298
    -5.69693    -0.00105    -0.00116    -0.00030    -0.00062     0.00000     0.00000     0.00000     0.00000     0.00000    -0.00312
    -5.57793    -0.00086    -0.00219    -0.00030    -0.00055     0.00000     0.00000     0.00000     0.00000     0.00000    -0.00390
    -5.45893    -0.00068    -0.00577    -0.00031    -0.00047     0.00000     0.00000     0.00000     0.00000     0.00000    -0.00723
    -5.33993    -0.00050    -0.02004    -0.00031    -0.00037     0.00000     0.00000     0.00000     0.00000     0.00000    -0.02122
    -5.22093    -0.00057    -0.07254    -0.00031    -0.00049     0.00000     0.00000     0.00000     0.00000     0.00000    -0.07392
    -5.10193    -0.00055    -0.05815    -0.00031    -0.00049     0.00000     0.00000     0.00000     0.00000     0.00000    -0.05951
    -4.98293    -0.00039    -0.01149    -0.00031    -0.00036     0.00000     0.00000     0.00000     0.00000     0.00000    -0.01255
    -4.86393    -0.00033    -0.00325    -0.00032    -0.00034     0.00000     0.00000     0.00000     0.00000     0.00000    -0.00425
    -4.74493    -0.00028    -0.00146    -0.00033    -0.00033     0.00000     0.00000     0.00000     0.00000     0.00000    -0.00240
    -4.62493    -0.00024    -0.00083    -0.00033    -0.00031     0.00000     0.00000     0.00000     0.00000     0.00000    -0.00171
    -4.50593    -0.00020    -0.00054    -0.00034    -0.00029     0.00000     0.00000     0.00000     0.00000     0.00000    -0.00137
    -4.38693    -0.00018    -0.00036    -0.00033    -0.00028     0.00000     0.00000     0.00000     0.00000     0.00000    -0.00114
    -4.26793    -0.00016    -0.00025    -0.00033    -0.00026     0.00000     0.00000     0.00000     0.00000     0.00000    -0.00100
    -4.14893    -0.00013    -0.00019    -0.00034    -0.00025     0.00000     0.00000     0.00000     0.00000     0.00000    -0.00091
    -4.02993    -0.00011    -0.00014    -0.00034    -0.00024     0.00000     0.00000     0.00000     0.00000     0.00000    -0.00085
    -3.91093    -0.00009    -0.00011    -0.00035    -0.00023     0.00000     0.00000     0.00000     0.00000     0.00000    -0.00079
    -3.79193    -0.00008    -0.00009    -0.00036    -0.00022     0.00000     0.00000     0.00000     0.00000     0.00000    -0.00075
    -3.67293    -0.00007    -0.00007    -0.00038    -0.00022     0.00000     0.00000     0.00000     0.00000     0.00000    -0.00074
    -3.55393    -0.00005    -0.00006    -0.00039    -0.00021     0.00000     0.00000     0.00000     0.00000     0.00000    -0.00072
    -3.43493    -0.00004    -0.00005    -0.00042    -0.00021     0.00000     0.00000     0.00000     0.00000     0.00000    -0.00073
    -3.31493    -0.00003    -0.00005    -0.00046    -0.00021     0.00000     0.00000     0.00000     0.00000     0.00000    -0.00075
    -3.19593    -0.00003    -0.00004    -0.00047    -0.00020     0.00000     0.00000     0.00000     0.00000     0.00000    -0.00075
    -3.07693    -0.00003    -0.00004    -0.00046    -0.00019     0.00000     0.00000     0.00000     0.00000     0.00000    -0.00072
    -2.95793    -0.00003    -0.00003    -0.00046    -0.00019     0.00000     0.00000     0.00000     0.00000     0.00000    -0.00072
    -2.83893    -0.00003    -0.00003    -0.00041    -0.00016     0.00000     0.00000     0.00000     0.00000     0.00000    -0.00063
    -2.71993    -0.00003    -0.00002    -0.00034    -0.00014     0.00000     0.00000     0.00000     0.00000     0.00000    -0.00052
    -2.60093    -0.00002    -0.00001    -0.00029    -0.00011     0.00000     0.00000     0.00000     0.00000     0.00000    -0.00044
    -2.48193    -0.00002    -0.00001    -0.00025    -0.00010     0.00000     0.00000     0.00000     0.00000     0.00000    -0.00038
    -2.36293    -0.00002    -0.00001    -0.00021    -0.00009     0.00000     0.00000     0.00000     0.00000     0.00000    -0.00033
    -2.24393    -0.00002    -0.00001    -0.00018    -0.00007     0.00000     0.00000     0.00000     0.00000     0.00000    -0.00029
    -2.12493    -0.00002    -0.00001    -0.00017    -0.00007     0.00000     0.00000     0.00000     0.00000     0.00000    -0.00027
    -2.00493    -0.00002    -0.00001    -0.00016    -0.00006     0.00000     0.00000     0.00000     0.00000     0.00000    -0.00025
    -1.88593    -0.00002    -0.00001    -0.00014    -0.00005     0.00000     0.00000     0.00000     0.00000     0.00000    -0.00022
    -1.76693    -0.00002    -0.00001    -0.00012    -0.00005     0.00000     0.00000     0.00000     0.00000     0.00000    -0.00020
    -1.64793    -0.00002    -0.00001    -0.00011    -0.00004     0.00000     0.00000     0.00000     0.00000     0.00000    -0.00018
    -1.52893    -0.00002    -0.00001    -0.00009    -0.00004     0.00000     0.00000     0.00000     0.00000     0.00000    -0.00015
    -1.40993    -0.00002    -0.00000    -0.00008    -0.00003     0.00000     0.00000     0.00000     0.00000     0.00000    -0.00014
    -1.29093    -0.00002    -0.00000    -0.00007    -0.00003     0.00000     0.00000     0.00000     0.00000     0.00000    -0.00012
    -1.17193    -0.00002    -0.00000    -0.00005    -0.00002     0.00000     0.00000     0.00000     0.00000     0.00000    -0.00010
    -1.05293    -0.00002    -0.00000    -0.00004    -0.00002     0.00000     0.00000     0.00000     0.00000     0.00000    -0.00008
    -0.93393    -0.00001    -0.00000    -0.00003    -0.00001     0.00000     0.00000     0.00000     0.00000     0.00000    -0.00006
    -0.81493    -0.00001    -0.00000    -0.00002    -0.00001     0.00000     0.00000     0.00000     0.00000     0.00000    -0.00004
    -0.69493    -0.00001    -0.00000    -0.00001    -0.00000     0.00000     0.00000     0.00000     0.00000     0.00000    -0.00002
    -0.57593    -0.00000    -0.00000    -0.00001    -0.00000     0.00000     0.00000     0.00000     0.00000     0.00000    -0.00001
    -0.45693    -0.00001    -0.00000    -0.00001    -0.00001     0.00000     0.00000     0.00000     0.00000     0.00000    -0.00003
    -0.33793    -0.00002    -0.00000    -0.00002    -0.00001     0.00000     0.00000     0.00000     0.00000     0.00000    -0.00005
    -0.21893    -0.00003    -0.00000    -0.00003    -0.00002     0.00000     0.00000     0.00000     0.00000     0.00000    -0.00008
    -0.09993    -0.00004    -0.00001    -0.00005    -0.00003     0.00000     0.00000     0.00000     0.00000     0.00000    -0.00012
     0.01907    -0.00005    -0.00001    -0.00006    -0.00004     0.00000     0.00000     0.00000     0.00000     0.00000    -0.00016
     0.13807    -0.00007    -0.00001    -0.00008    -0.00005     0.00000     0.00000     0.00000     0.00000     0.00000    -0.00021
     0.25707    -0.00010    -0.00001    -0.00009    -0.00007     0.00000     0.00000     0.00000     0.00000     0.00000    -0.00027
     0.37607    -0.00013    -0.00002    -0.00011    -0.00009     0.00000     0.00000     0.00000     0.00000     0.00000    -0.00035
     0.49507    -0.00018    -0.00002    -0.00014    -0.00012     0.00000     0.00000     0.00000     0.00000     0.00000    -0.00047
     0.61507    -0.00028    -0.00002    -0.00019    -0.00018     0.00000     0.00000     0.00000     0.00000     0.00000    -0.00067
     0.73407    -0.00053    -0.00003    -0.00027    -0.00033     0.00000     0.00000     0.00000     0.00000     0.00000    -0.00115
     0.85307    -0.00305    -0.00005    -0.00084    -0.00146     0.00000     0.00000     0.00000     0.00000     0.00000    -0.00540
     0.97207    -0.01941    -0.00008    -0.00402    -0.00776     0.00000     0.00000     0.00000     0.00000     0.00000    -0.03128
     1.09107    -0.02819    -0.00012    -0.00532    -0.01005     0.00000     0.00000     0.00000     0.00000     0.00000    -0.04368
     1.21007    -0.00698    -0.00010    -0.00140    -0.00228     0.00000     0.00000     0.00000     0.00000     0.00000    -0.01076
     1.32907    -0.00040    -0.00008    -0.00031    -0.00024     0.00000     0.00000     0.00000     0.00000     0.00000    -0.00103
     1.44807    -0.00023    -0.00007    -0.00028    -0.00025     0.00000     0.00000     0.00000     0.00000     0.00000    -0.00083
     1.56707    -0.00027    -0.00006    -0.00027    -0.00026     0.00000     0.00000     0.00000     0.00000     0.00000    -0.00086
     1.68607    -0.00031    -0.00005    -0.00026    -0.00026     0.00000     0.00000     0.00000     0.00000     0.00000    -0.00087
     1.80507    -0.00038    -0.00005    -0.00027    -0.00033     0.00000     0.00000     0.00000     0.00000     0.00000    -0.00103
     1.92507    -0.00046    -0.00005    -0.00028    -0.00041     0.00000     0.00000     0.00000     0.00000     0.00000    -0.00120
     2.04407    -0.00057    -0.00005    -0.00029    -0.00053     0.00000     0.00000     0.00000     0.00000     0.00000    -0.00144
     2.16307    -0.00090    -0.00005    -0.00038    -0.00099     0.00000     0.00000     0.00000     0.00000     0.00000    -0.00231
     2.28207    -0.00385    -0.00005    -0.00134    -0.00609     0.00000     0.00000     0.00000     0.00000     0.00000    -0.01133
     2.40107    -0.01243    -0.00007    -0.00459    -0.02138     0.00000     0.00000     0.00000     0.00000     0.00000    -0.03846
     2.52007    -0.01718    -0.00011    -0.00637    -0.02734     0.00000     0.00000     0.00000     0.00000     0.00000    -0.05100
     2.63907    -0.02100    -0.00016    -0.00677    -0.02821     0.00000     0.00000     0.00000     0.00000     0.00000    -0.05614
     2.75807    -0.01423    -0.00019    -0.00474    -0.01752     0.00000     0.00000     0.00000     0.00000     0.00000    -0.03669
     2.87707    -0.00661    -0.00021    -0.00270    -0.00762     0.00000     0.00000     0.00000     0.00000     0.00000    -0.01713
     2.99607    -0.00368    -0.00024    -0.00222    -0.00508     0.00000     0.00000     0.00000     0.00000     0.00000    -0.01122
     3.11507    -0.00210    -0.00032    -0.00198    -0.00409     0.00000     0.00000     0.00000     0.00000     0.00000    -0.00848
     3.23507    -0.00255    -0.00034    -0.00141    -0.00269     0.00000     0.00000     0.00000     0.00000     0.00000    -0.00698
     3.35407    -0.00973    -0.00025    -0.00261    -0.00732     0.00000     0.00000     0.00000     0.00000     0.00000    -0.01992
     3.47307    -0.01404    -0.00021    -0.00309    -0.01180     0.00000     0.00000     0.00000     0.00000     0.00000    -0.02914
     3.59207    -0.01356    -0.00030    -0.00278    -0.00918     0.00000     0.00000     0.00000     0.00000     0.00000    -0.02582
     3.71107    -0.01535    -0.00032    -0.00363    -0.00948     0.00000     0.00000     0.00000     0.00000     0.00000    -0.02879
     3.83007    -0.01145    -0.00029    -0.00347    -0.00621     0.00000     0.00000     0.00000     0.00000     0.00000    -0.02142
     3.94907    -0.01051    -0.00028    -0.00422    -0.00571     0.00000     0.00000     0.00000     0.00000     0.00000    -0.02072
     4.06807    -0.01792    -0.00029    -0.00848    -0.01148     0.00000     0.00000     0.00000     0.00000     0.00000    -0.03817
     4.18707    -0.01837    -0.00039    -0.00816    -0.01219     0.00000     0.00000     0.00000     0.00000     0.00000    -0.03911
     4.30607    -0.01347    -0.00041    -0.00460    -0.00765     0.00000     0.00000     0.00000     0.00000     0.00000    -0.02613
     4.42507    -0.01400    -0.00040    -0.00551    -0.00834     0.00000     0.00000     0.00000     0.00000     0.00000    -0.02824
     4.54507    -0.02161    -0.00037    -0.01028    -0.01339     0.00000     0.00000     0.00000     0.00000     0.00000    -0.04565
     4.66407    -0.02236    -0.00049    -0.00978    -0.01514     0.00000     0.00000     0.00000     0.00000     0.00000    -0.04777
     4.78307    -0.01898    -0.00049    -0.00779    -0.01451     0.00000     0.00000     0.00000     0.00000     0.00000    -0.04177
     4.90207    -0.02042    -0.00047    -0.00810    -0.01292     0.00000     0.00000     0.00000     0.00000     0.00000    -0.04192
     5.02107    -0.02535    -0.00061    -0.00986    -0.01177     0.00000     0.00000     0.00000     0.00000     0.00000    -0.04759
     5.14007    -0.03025    -0.00089    -0.01144    -0.01354     0.00000     0.00000     0.00000     0.00000     0.00000    -0.05613
     5.25907    -0.02392    -0.00073    -0.00792    -0.00981     0.00000     0.00000     0.00000     0.00000     0.00000    -0.04238
     5.37807    -0.02128    -0.00054    -0.00644    -0.00746     0.00000     0.00000     0.00000     0.00000     0.00000    -0.03573
     5.49707    -0.02479    -0.00058    -0.00841    -0.00989     0.00000     0.00000     0.00000     0.00000     0.00000    -0.04368
     5.61607    -0.02879    -0.00059    -0.01069    -0.01331     0.00000     0.00000     0.00000     0.00000     0.00000    -0.05338
     5.73507    -0.03522    -0.00063    -0.01185    -0.01665     0.00000     0.00000     0.00000     0.00000     0.00000    -0.06434
     5.85507    -0.03306    -0.00072    -0.01028    -0.01450     0.00000     0.00000     0.00000     0.00000     0.00000    -0.05856
     5.97407    -0.03274    -0.00088    -0.00918    -0.01124     0.00000     0.00000     0.00000     0.00000     0.00000    -0.05404
     6.09307    -0.03453    -0.00099    -0.00922    -0.00991     0.00000     0.00000     0.00000     0.00000     0.00000    -0.05466
     6.21207    -0.02789    -0.00088    -0.00769    -0.00917     0.00000     0.00000     0.00000     0.00000     0.00000    -0.04563
     6.33107    -0.01546    -0.00048    -0.00422    -0.00562     0.00000     0.00000     0.00000     0.00000     0.00000    -0.02578
     6.45007    -0.00498    -0.00012    -0.00125    -0.00163     0.00000     0.00000     0.00000     0.00000     0.00000    -0.00799
     6.56907    -0.00045    -0.00001    -0.00010    -0.00013     0.00000     0.00000     0.00000     0.00000     0.00000    -0.00069
     6.68807    -0.00001    -0.00000    -0.00000    -0.00000     0.00000     0.00000     0.00000     0.00000     0.00000    -0.00001
     6.80707    -0.00000    -0.00000    -0.00000    -0.00000     0.00000     0.00000     0.00000     0.00000     0.00000    -0.00000
     6.92607    -0.00000    -0.00000    -0.00000    -0.00000     0.00000     0.00000     0.00000     0.00000     0.00000    -0.00000
     7.04507    -0.00000    -0.00000    -0.00000    -0.00000     0.00000     0.00000     0.00000     0.00000     0.00000    -0.00000
     7.16507     0.00000     0.00000     0.00000     0.00000     0.00000     0.00000     0.00000     0.00000     0.00000     0.00000
     7.28407     0.00000     0.00000     0.00000     0.00000     0.00000     0.00000     0.00000     0.00000     0.00000     0.00000
     7.40307     0.00000     0.00000     0.00000     0.00000     0.00000     0.00000     0.00000     0.00000     0.00000     0.00000
     7.52207     0.00000     0.00000     0.00000     0.00000     0.00000     0.00000     0.00000     0.00000     0.00000     0.00000
     7.64107     0.00000     0.00000     0.00000     0.00000     0.00000     0.00000     0.00000     0.00000     0.00000     0.00000
     7.76007     0.00000     0.00000     0.00000     0.00000     0.00000     0.00000     0.00000     0.00000     0.00000     0.00000
     7.87907     0.00000     0.00000     0.00000     0.00000     0.00000     0.00000     0.00000     0.00000     0.00000     0.00000
     7.99807     0.00000     0.00000     0.00000     0.00000     0.00000     0.00000     0.00000     0.00000     0.00000     0.00000
