     #Energy           s          py          pz          px         dxy         dyz         dz2         dxz         dx2       tot  
   -27.72893     0.00000     0.00000     0.00000     0.00000     0.00000     0.00000     0.00000     0.00000     0.00000     0.00000
   -27.60993     0.00000     0.00000     0.00000     0.00000     0.00000     0.00000     0.00000     0.00000     0.00000     0.00000
   -27.49093     0.00000     0.00000     0.00000     0.00000     0.00000     0.00000     0.00000     0.00000     0.00000     0.00000
   -27.37193     0.00000     0.00000     0.00000     0.00000     0.00000     0.00000     0.00000     0.00000     0.00000     0.00000
   -27.25293     0.00000     0.00000     0.00000     0.00000     0.00000     0.00000     0.00000     0.00000     0.00000     0.00000
   -27.13393     0.00000     0.00000     0.00000     0.00000     0.00000     0.00000     0.00000     0.00000     0.00000     0.00000
   -27.01493     0.00000     0.00000     0.00000     0.00000     0.00000     0.00000     0.00000     0.00000     0.00000     0.00000
   -26.89493     0.00000     0.00000     0.00000     0.00000     0.00000     0.00000     0.00000     0.00000     0.00000     0.00000
   -26.77593     0.00000     0.00000     0.00000     0.00000     0.00000     0.00000     0.00000     0.00000     0.00000     0.00000
   -26.65693     0.00000     0.00000     0.00000     0.00000     0.00000     0.00000     0.00000     0.00000     0.00000     0.00000
   -26.53793     0.00000     0.00000     0.00000     0.00000     0.00000     0.00000     0.00000     0.00000     0.00000     0.00000
   -26.41893     0.00000     0.00002     0.00000     0.00004     0.00000     0.00000     0.00000     0.00000     0.00000     0.00006
   -26.29993     0.00000     0.01472     0.00078     0.02428     0.00000     0.00000     0.00000     0.00000     0.00000     0.03978
   -26.18093     0.00000     0.89160     0.16550     1.15500     0.00000     0.00000     0.00000     0.00000     0.00000     2.21210
   -26.06193     0.00004     4.70100     2.77900     4.88700     0.00000     0.00000     0.00000     0.00000     0.00000    12.36704
   -25.94293     0.00007     2.57000     4.52900     2.15600     0.00000     0.00000     0.00000     0.00000     0.00000     9.25507
   -25.82393     0.00001     0.13500     0.76220     0.08966     0.00000     0.00000     0.00000     0.00000     0.00000     0.98687
   -25.70493     0.00000     0.00055     0.01104     0.00029     0.00000     0.00000     0.00000     0.00000     0.00000     0.01188
   -25.58493     0.00000     0.00000     0.00001     0.00000     0.00000     0.00000     0.00000     0.00000     0.00000     0.00001
   -25.46593     0.00000     0.00000     0.00000     0.00000     0.00000     0.00000     0.00000     0.00000     0.00000     0.00000
   -25.34693     0.00000     0.00000     0.00000     0.00000     0.00000     0.00000     0.00000     0.00000     0.00000     0.00000
   -25.22793     0.00000     0.00000     0.00000     0.00000     0.00000     0.00000     0.00000     0.00000     0.00000     0.00000
   -25.10893     0.00000     0.00000     0.00000     0.00000     0.00000     0.00000     0.00000     0.00000     0.00000     0.00000
   -24.98993     0.00000     0.00000     0.00000     0.00000     0.00000     0.00000     0.00000     0.00000     0.00000     0.00000
   -24.87093     0.00000     0.00000     0.00000     0.00000     0.00000     0.00000     0.00000     0.00000     0.00000     0.00000
   -24.75193     0.00000     0.00000     0.00000     0.00000     0.00000     0.00000     0.00000     0.00000     0.00000     0.00000
   -24.63293     0.00000     0.00000     0.00000     0.00000     0.00000     0.00000     0.00000     0.00000     0.00000     0.00000
   -24.51393     0.00000     0.00000     0.00000     0.00000     0.00000     0.00000     0.00000     0.00000     0.00000     0.00000
   -24.39493     0.00000     0.00000     0.00000     0.00000     0.00000     0.00000     0.00000     0.00000     0.00000     0.00000
   -24.27493     0.00000     0.00000     0.00000     0.00000     0.00000     0.00000     0.00000     0.00000     0.00000     0.00000
   -24.15593     0.00000     0.00000     0.00000     0.00000     0.00000     0.00000     0.00000     0.00000     0.00000     0.00000
   -24.03693     0.00000     0.00000     0.00000     0.00000     0.00000     0.00000     0.00000     0.00000     0.00000     0.00000
   -23.91793     0.00000     0.00000     0.00000     0.00000     0.00000     0.00000     0.00000     0.00000     0.00000     0.00000
   -23.79893     0.00000     0.00000     0.00000     0.00000     0.00000     0.00000     0.00000     0.00000     0.00000     0.00000
   -23.67993     0.00000     0.00000     0.00000     0.00000     0.00000     0.00000     0.00000     0.00000     0.00000     0.00000
   -23.56093     0.00000     0.00000     0.00000     0.00000     0.00000     0.00000     0.00000     0.00000     0.00000     0.00000
   -23.44193     0.00000     0.00000     0.00000     0.00000     0.00000     0.00000     0.00000     0.00000     0.00000     0.00000
   -23.32293     0.00001     0.00000     0.00031     0.00000     0.00000     0.00000     0.00000     0.00000     0.00000     0.00032
   -23.20393     0.00034     0.00000     0.01090     0.00000     0.00000     0.00000     0.00000     0.00000     0.00000     0.01124
   -23.08493     0.00109     0.00000     0.03477     0.00000     0.00000     0.00000     0.00000     0.00000     0.00000     0.03586
   -22.96493     0.00036     0.00000     0.01160     0.00000     0.00000     0.00000     0.00000     0.00000     0.00000     0.01196
   -22.84593     0.00001     0.00000     0.00036     0.00000     0.00000     0.00000     0.00000     0.00000     0.00000     0.00037
   -22.72693     0.00000     0.00000     0.00000     0.00000     0.00000     0.00000     0.00000     0.00000     0.00000     0.00000
   -22.60793     0.00000     0.00000     0.00000     0.00000     0.00000     0.00000     0.00000     0.00000     0.00000     0.00000
   -22.48893     0.00000     0.00000     0.00000     0.00000     0.00000     0.00000     0.00000     0.00000     0.00000     0.00000
   -22.36993     0.00000     0.00000     0.00000     0.00000     0.00000     0.00000     0.00000     0.00000     0.00000     0.00000
   -22.25093     0.00000     0.00000     0.00000     0.00000     0.00000     0.00000     0.00000     0.00000     0.00000     0.00000
   -22.13193     0.00000     0.00000     0.00000     0.00000     0.00000     0.00000     0.00000     0.00000     0.00000     0.00000
   -22.01293     0.00000     0.00000     0.00000     0.00000     0.00000     0.00000     0.00000     0.00000     0.00000     0.00000
   -21.89393     0.00000     0.00000     0.00000     0.00000     0.00000     0.00000     0.00000     0.00000     0.00000     0.00000
   -21.77493     0.00000     0.00000     0.00000     0.00000     0.00000     0.00000     0.00000     0.00000     0.00000     0.00000
   -21.65493     0.00000     0.00000     0.00000     0.00000     0.00000     0.00000     0.00000     0.00000     0.00000     0.00000
   -21.53593     0.00000     0.00000     0.00000     0.00000     0.00000     0.00000     0.00000     0.00000     0.00000     0.00000
   -21.41693     0.00000     0.00000     0.00000     0.00000     0.00000     0.00000     0.00000     0.00000     0.00000     0.00000
   -21.29793     0.00000     0.00000     0.00000     0.00000     0.00000     0.00000     0.00000     0.00000     0.00000     0.00000
   -21.17893     0.00000     0.00000     0.00000     0.00000     0.00000     0.00000     0.00000     0.00000     0.00000     0.00000
   -21.05993     0.00000     0.00000     0.00000     0.00000     0.00000     0.00000     0.00000     0.00000     0.00000     0.00000
   -20.94093     0.00000     0.00000     0.00000     0.00000     0.00000     0.00000     0.00000     0.00000     0.00000     0.00000
   -20.82193     0.00000     0.00000     0.00000     0.00000     0.00000     0.00000     0.00000     0.00000     0.00000     0.00000
   -20.70293     0.00000     0.00000     0.00000     0.00000     0.00000     0.00000     0.00000     0.00000     0.00000     0.00000
   -20.58393     0.00000     0.00000     0.00000     0.00000     0.00000     0.00000     0.00000     0.00000     0.00000     0.00000
   -20.46493     0.00000     0.00000     0.00000     0.00000     0.00000     0.00000     0.00000     0.00000     0.00000     0.00000
   -20.34493     0.00000     0.00000     0.00000     0.00000     0.00000     0.00000     0.00000     0.00000     0.00000     0.00000
   -20.22593     0.00000     0.00000     0.00000     0.00000     0.00000     0.00000     0.00000     0.00000     0.00000     0.00000
   -20.10693     0.00000     0.00000     0.00000     0.00000     0.00000     0.00000     0.00000     0.00000     0.00000     0.00000
   -19.98793     0.00000     0.00000     0.00000     0.00000     0.00000     0.00000     0.00000     0.00000     0.00000     0.00000
   -19.86893     0.00000     0.00000     0.00000     0.00000     0.00000     0.00000     0.00000     0.00000     0.00000     0.00000
   -19.74993     0.00000     0.00000     0.00000     0.00000     0.00000     0.00000     0.00000     0.00000     0.00000     0.00000
   -19.63093     0.00000     0.00000     0.00000     0.00000     0.00000     0.00000     0.00000     0.00000     0.00000     0.00000
   -19.51193     0.00000     0.00000     0.00000     0.00000     0.00000     0.00000     0.00000     0.00000     0.00000     0.00000
   -19.39293     0.00000     0.00000     0.00000     0.00000     0.00000     0.00000     0.00000     0.00000     0.00000     0.00000
   -19.27393     0.00000     0.00000     0.00000     0.00000     0.00000     0.00000     0.00000     0.00000     0.00000     0.00000
   -19.15493     0.00000     0.00000     0.00000     0.00000     0.00000     0.00000     0.00000     0.00000     0.00000     0.00000
   -19.03493     0.00000     0.00000     0.00000     0.00000     0.00000     0.00000     0.00000     0.00000     0.00000     0.00000
   -18.91593     0.00000     0.00000     0.00000     0.00000     0.00000     0.00000     0.00000     0.00000     0.00000     0.00000
   -18.79693     0.00000     0.00000     0.00000     0.00000     0.00000     0.00000     0.00000     0.00000     0.00000     0.00000
   -18.67793     0.00000     0.00000     0.00000     0.00000     0.00000     0.00000     0.00000     0.00000     0.00000     0.00000
   -18.55893     0.00000     0.00000     0.00000     0.00000     0.00000     0.00000     0.00000     0.00000     0.00000     0.00000
   -18.43993     0.00000     0.00000     0.00000     0.00000     0.00000     0.00000     0.00000     0.00000     0.00000     0.00000
   -18.32093     0.00000     0.00000     0.00000     0.00000     0.00000     0.00000     0.00000     0.00000     0.00000     0.00000
   -18.20193     0.00000     0.00000     0.00000     0.00000     0.00000     0.00000     0.00000     0.00000     0.00000     0.00000
   -18.08293     0.00000     0.00000     0.00000     0.00000     0.00000     0.00000     0.00000     0.00000     0.00000     0.00000
   -17.96393     0.00000     0.00000     0.00000     0.00000     0.00000     0.00000     0.00000     0.00000     0.00000     0.00000
   -17.84493     0.00000     0.00000     0.00000     0.00000     0.00000     0.00000     0.00000     0.00000     0.00000     0.00000
   -17.72493     0.00000     0.00000     0.00000     0.00000     0.00000     0.00000     0.00000     0.00000     0.00000     0.00000
   -17.60593     0.00000     0.00000     0.00000     0.00000     0.00000     0.00000     0.00000     0.00000     0.00000     0.00000
   -17.48693     0.00000     0.00000     0.00000     0.00000     0.00000     0.00000     0.00000     0.00000     0.00000     0.00000
   -17.36793     0.00000     0.00000     0.00000     0.00000     0.00000     0.00000     0.00000     0.00000     0.00000     0.00000
   -17.24893     0.00000     0.00000     0.00000     0.00000     0.00000     0.00000     0.00000     0.00000     0.00000     0.00000
   -17.12993     0.00000     0.00000     0.00000     0.00000     0.00000     0.00000     0.00000     0.00000     0.00000     0.00000
   -17.01093     0.00000     0.00000     0.00000     0.00000     0.00000     0.00000     0.00000     0.00000     0.00000     0.00000
   -16.89193     0.00000     0.00000     0.00000     0.00000     0.00000     0.00000     0.00000     0.00000     0.00000     0.00000
   -16.77293     0.00000     0.00000     0.00000     0.00000     0.00000     0.00000     0.00000     0.00000     0.00000     0.00000
   -16.65393     0.00000     0.00000     0.00000     0.00000     0.00000     0.00000     0.00000     0.00000     0.00000     0.00000
   -16.53493     0.00000     0.00000     0.00000     0.00000     0.00000     0.00000     0.00000     0.00000     0.00000     0.00000
   -16.41493     0.00000     0.00000     0.00000     0.00000     0.00000     0.00000     0.00000     0.00000     0.00000     0.00000
   -16.29593     0.00000     0.00000     0.00000     0.00000     0.00000     0.00000     0.00000     0.00000     0.00000     0.00000
   -16.17693     0.00000     0.00000     0.00000     0.00000     0.00000     0.00000     0.00000     0.00000     0.00000     0.00000
   -16.05793     0.00000     0.00000     0.00000     0.00000     0.00000     0.00000     0.00000     0.00000     0.00000     0.00000
   -15.93893     0.00000     0.00000     0.00000     0.00000     0.00000     0.00000     0.00000     0.00000     0.00000     0.00000
   -15.81993     0.00000     0.00000     0.00000     0.00000     0.00000     0.00000     0.00000     0.00000     0.00000     0.00000
   -15.70093     0.00000     0.00000     0.00000     0.00000     0.00000     0.00000     0.00000     0.00000     0.00000     0.00000
   -15.58193     0.00000     0.00000     0.00000     0.00000     0.00000     0.00000     0.00000     0.00000     0.00000     0.00000
   -15.46293     0.00000     0.00000     0.00000     0.00000     0.00000     0.00000     0.00000     0.00000     0.00000     0.00000
   -15.34393     0.00000     0.00000     0.00000     0.00000     0.00000     0.00000     0.00000     0.00000     0.00000     0.00000
   -15.22493     0.00000     0.00000     0.00000     0.00000     0.00000     0.00000     0.00000     0.00000     0.00000     0.00000
   -15.10493     0.00000     0.00000     0.00000     0.00000     0.00000     0.00000     0.00000     0.00000     0.00000     0.00000
   -14.98593     0.00000     0.00000     0.00000     0.00000     0.00000     0.00000     0.00000     0.00000     0.00000     0.00000
   -14.86693     0.00000     0.00000     0.00000     0.00000     0.00000     0.00000     0.00000     0.00000     0.00000     0.00000
   -14.74793     0.00000     0.00000     0.00000     0.00000     0.00000     0.00000     0.00000     0.00000     0.00000     0.00000
   -14.62893     0.00000     0.00000     0.00000     0.00000     0.00000     0.00000     0.00000     0.00000     0.00000     0.00000
   -14.50993     0.00000     0.00000     0.00000     0.00000     0.00000     0.00000     0.00000     0.00000     0.00000     0.00000
   -14.39093     0.00000     0.00000     0.00000     0.00000     0.00000     0.00000     0.00000     0.00000     0.00000     0.00000
   -14.27193     0.00000     0.00000     0.00000     0.00000     0.00000     0.00000     0.00000     0.00000     0.00000     0.00000
   -14.15293     0.00000     0.00000     0.00000     0.00000     0.00000     0.00000     0.00000     0.00000     0.00000     0.00000
   -14.03393     0.00000     0.00000     0.00000     0.00000     0.00000     0.00000     0.00000     0.00000     0.00000     0.00000
   -13.91493     0.00000     0.00000     0.00000     0.00000     0.00000     0.00000     0.00000     0.00000     0.00000     0.00000
   -13.79493     0.00000     0.00000     0.00000     0.00000     0.00000     0.00000     0.00000     0.00000     0.00000     0.00000
   -13.67593     0.00000     0.00000     0.00000     0.00000     0.00000     0.00000     0.00000     0.00000     0.00000     0.00000
   -13.55693     0.00000     0.00000     0.00000     0.00000     0.00000     0.00000     0.00000     0.00000     0.00000     0.00000
   -13.43793     0.00000     0.00000     0.00000     0.00000     0.00000     0.00000     0.00000     0.00000     0.00000     0.00000
   -13.31893     0.00000     0.00000     0.00000     0.00000     0.00000     0.00000     0.00000     0.00000     0.00000     0.00000
   -13.19993     0.00000     0.00000     0.00000     0.00000     0.00000     0.00000     0.00000     0.00000     0.00000     0.00000
   -13.08093     0.00000     0.00000     0.00000     0.00000     0.00000     0.00000     0.00000     0.00000     0.00000     0.00000
   -12.96193     0.00000     0.00000     0.00000     0.00000     0.00000     0.00000     0.00000     0.00000     0.00000     0.00000
   -12.84293     0.00000     0.00000     0.00000     0.00000     0.00000     0.00000     0.00000     0.00000     0.00000     0.00000
   -12.72393     0.00000     0.00000     0.00000     0.00000     0.00000     0.00000     0.00000     0.00000     0.00000     0.00000
   -12.60493     0.00000     0.00000     0.00000     0.00000     0.00000     0.00000     0.00000     0.00000     0.00000     0.00000
   -12.48493     0.00000     0.00000     0.00000     0.00000     0.00000     0.00000     0.00000     0.00000     0.00000     0.00000
   -12.36593     0.00000     0.00000     0.00000     0.00000     0.00000     0.00000     0.00000     0.00000     0.00000     0.00000
   -12.24693     0.00000     0.00000     0.00000     0.00000     0.00000     0.00000     0.00000     0.00000     0.00000     0.00000
   -12.12793     0.00000     0.00000     0.00000     0.00000     0.00000     0.00000     0.00000     0.00000     0.00000     0.00000
   -12.00893     0.00000     0.00000     0.00000     0.00000     0.00000     0.00000     0.00000     0.00000     0.00000     0.00000
   -11.88993     0.00000     0.00000     0.00000     0.00000     0.00000     0.00000     0.00000     0.00000     0.00000     0.00000
   -11.77093     0.00000     0.00000     0.00000     0.00000     0.00000     0.00000     0.00000     0.00000     0.00000     0.00000
   -11.65193     0.00000     0.00000     0.00000     0.00000     0.00000     0.00000     0.00000     0.00000     0.00000     0.00000
   -11.53293     0.00000     0.00000     0.00000     0.00000     0.00000     0.00000     0.00000     0.00000     0.00000     0.00000
   -11.41393     0.00000     0.00000     0.00000     0.00000     0.00000     0.00000     0.00000     0.00000     0.00000     0.00000
   -11.29493     0.00000     0.00000     0.00000     0.00000     0.00000     0.00000     0.00000     0.00000     0.00000     0.00000
   -11.17493     0.00000     0.00000     0.00000     0.00000     0.00000     0.00000     0.00000     0.00000     0.00000     0.00000
   -11.05593     0.00000     0.00000     0.00000     0.00000     0.00000     0.00000     0.00000     0.00000     0.00000     0.00000
   -10.93693     0.00000     0.00000     0.00000     0.00008     0.00000     0.00000     0.00000     0.00000     0.00000     0.00009
   -10.81793     0.00000     0.00000     0.00000     0.00062     0.00000     0.00000     0.00000     0.00000     0.00000     0.00062
   -10.69893     0.00000     0.00000     0.00000     0.00053     0.00000     0.00000     0.00000     0.00000     0.00000     0.00053
   -10.57993     0.00000     0.00000     0.00000     0.00005     0.00000     0.00000     0.00000     0.00000     0.00000     0.00005
   -10.46093     0.00000     0.00000     0.00000     0.00000     0.00000     0.00000     0.00000     0.00000     0.00000     0.00001
   -10.34193     0.00000     0.00000     0.00000     0.00000     0.00000     0.00000     0.00000     0.00000     0.00000     0.00000
   -10.22293     0.00000     0.00000     0.00000     0.00000     0.00000     0.00000     0.00000     0.00000     0.00000     0.00000
   -10.10393     0.00000     0.00000     0.00000     0.00000     0.00000     0.00000     0.00000     0.00000     0.00000     0.00000
    -9.98493     0.00000     0.00000     0.00000     0.00000     0.00000     0.00000     0.00000     0.00000     0.00000     0.00000
    -9.86493     0.00000     0.00000     0.00000     0.00000     0.00000     0.00000     0.00000     0.00000     0.00000     0.00000
    -9.74593     0.00000     0.00000     0.00000     0.00000     0.00000     0.00000     0.00000     0.00000     0.00000     0.00000
    -9.62693     0.00000     0.00000     0.00000     0.00000     0.00000     0.00000     0.00000     0.00000     0.00000     0.00000
    -9.50793     0.00000     0.00000     0.00000     0.00000     0.00000     0.00000     0.00000     0.00000     0.00000     0.00000
    -9.38893     0.00000     0.00000     0.00000     0.00000     0.00000     0.00000     0.00000     0.00000     0.00000     0.00001
    -9.26993     0.00000     0.00000     0.00000     0.00000     0.00000     0.00000     0.00000     0.00000     0.00000     0.00001
    -9.15093     0.00000     0.00000     0.00000     0.00000     0.00000     0.00000     0.00000     0.00000     0.00000     0.00001
    -9.03193     0.00000     0.00000     0.00000     0.00000     0.00000     0.00000     0.00000     0.00000     0.00000     0.00001
    -8.91293     0.00001     0.00000     0.00001     0.00000     0.00000     0.00000     0.00000     0.00000     0.00000     0.00001
    -8.79393     0.00001     0.00000     0.00001     0.00000     0.00000     0.00000     0.00000     0.00000     0.00000     0.00002
    -8.67493     0.00001     0.00000     0.00001     0.00000     0.00000     0.00000     0.00000     0.00000     0.00000     0.00002
    -8.55493     0.00002     0.00000     0.00002     0.00000     0.00000     0.00000     0.00000     0.00000     0.00000     0.00004
    -8.43593     0.00023     0.00000     0.00022     0.00000     0.00000     0.00000     0.00000     0.00000     0.00000     0.00045
    -8.31693     0.00250     0.00000     0.00240     0.00000     0.00000     0.00000     0.00000     0.00000     0.00000     0.00490
    -8.19793     0.00913     0.00000     0.00870     0.00000     0.00000     0.00000     0.00000     0.00000     0.00000     0.01783
    -8.07893     0.00929     0.00000     0.00881     0.00000     0.00000     0.00000     0.00000     0.00000     0.00000     0.01811
    -7.95993     0.00195     0.00000     0.00183     0.00000     0.00000     0.00000     0.00000     0.00000     0.00000     0.00378
    -7.84093     0.00717     0.00000     0.00649     0.00000     0.00000     0.00000     0.00000     0.00000     0.00000     0.01366
    -7.72193     0.01226     0.00000     0.01108     0.00000     0.00000     0.00000     0.00000     0.00000     0.00000     0.02334
    -7.60293     0.00386     0.00000     0.00344     0.00000     0.00000     0.00000     0.00000     0.00000     0.00000     0.00730
    -7.48393     0.00387     0.00000     0.00338     0.00000     0.00000     0.00000     0.00000     0.00000     0.00000     0.00725
    -7.36493     0.00354     0.00000     0.00305     0.00000     0.00000     0.00000     0.00000     0.00000     0.00000     0.00659
    -7.24493     0.00275     0.00000     0.00233     0.00000     0.00000     0.00000     0.00000     0.00000     0.00000     0.00508
    -7.12593     0.00175     0.00000     0.00146     0.00000     0.00000     0.00000     0.00000     0.00000     0.00000     0.00321
    -7.00693     0.00111     0.00000     0.00091     0.00000     0.00000     0.00000     0.00000     0.00000     0.00000     0.00203
    -6.88793     0.00073     0.00000     0.00059     0.00000     0.00000     0.00000     0.00000     0.00000     0.00000     0.00133
    -6.76893     0.00066     0.00000     0.00052     0.00000     0.00000     0.00000     0.00000     0.00000     0.00000     0.00119
    -6.64993     0.00057     0.00000     0.00045     0.00000     0.00000     0.00000     0.00000     0.00000     0.00000     0.00102
    -6.53093     0.00044     0.00000     0.00034     0.00000     0.00000     0.00000     0.00000     0.00000     0.00000     0.00078
    -6.41193     0.00037     0.00000     0.00028     0.00000     0.00000     0.00000     0.00000     0.00000     0.00000     0.00065
    -6.29293     0.00034     0.00000     0.00026     0.00000     0.00000     0.00000     0.00000     0.00000     0.00000     0.00061
    -6.17393     0.00030     0.00001     0.00022     0.00000     0.00000     0.00000     0.00000     0.00000     0.00000     0.00052
    -6.05493     0.00025     0.00001     0.00018     0.00000     0.00000     0.00000     0.00000     0.00000     0.00000     0.00044
    -5.93493     0.00022     0.00001     0.00015     0.00000     0.00000     0.00000     0.00000     0.00000     0.00000     0.00038
    -5.81593     0.00019     0.00002     0.00013     0.00000     0.00000     0.00000     0.00000     0.00000     0.00000     0.00034
    -5.69693     0.00017     0.00003     0.00011     0.00000     0.00000     0.00000     0.00000     0.00000     0.00000     0.00031
    -5.57793     0.00014     0.00006     0.00010     0.00000     0.00000     0.00000     0.00000     0.00000     0.00000     0.00030
    -5.45893     0.00012     0.00017     0.00008     0.00000     0.00000     0.00000     0.00000     0.00000     0.00000     0.00036
    -5.33993     0.00009     0.00068     0.00006     0.00000     0.00000     0.00000     0.00000     0.00000     0.00000     0.00082
    -5.22093     0.00013     0.00228     0.00008     0.00000     0.00000     0.00000     0.00000     0.00000     0.00000     0.00249
    -5.10193     0.00012     0.00155     0.00008     0.00000     0.00000     0.00000     0.00000     0.00000     0.00000     0.00175
    -4.98293     0.00009     0.00031     0.00005     0.00000     0.00000     0.00000     0.00000     0.00000     0.00000     0.00045
    -4.86393     0.00008     0.00011     0.00005     0.00000     0.00000     0.00000     0.00000     0.00000     0.00000     0.00023
    -4.74493     0.00007     0.00005     0.00004     0.00000     0.00000     0.00000     0.00000     0.00000     0.00000     0.00017
    -4.62493     0.00007     0.00003     0.00004     0.00000     0.00000     0.00000     0.00000     0.00000     0.00000     0.00014
    -4.50593     0.00006     0.00002     0.00004     0.00000     0.00000     0.00000     0.00000     0.00000     0.00000     0.00012
    -4.38693     0.00006     0.00002     0.00003     0.00000     0.00000     0.00000     0.00000     0.00000     0.00000     0.00011
    -4.26793     0.00006     0.00001     0.00003     0.00000     0.00000     0.00000     0.00000     0.00000     0.00000     0.00010
    -4.14893     0.00005     0.00001     0.00003     0.00000     0.00000     0.00000     0.00000     0.00000     0.00000     0.00009
    -4.02993     0.00005     0.00001     0.00003     0.00000     0.00000     0.00000     0.00000     0.00000     0.00000     0.00009
    -3.91093     0.00005     0.00001     0.00002     0.00000     0.00000     0.00000     0.00000     0.00000     0.00000     0.00008
    -3.79193     0.00004     0.00001     0.00002     0.00000     0.00000     0.00000     0.00000     0.00000     0.00000     0.00007
    -3.67293     0.00004     0.00001     0.00002     0.00000     0.00000     0.00000     0.00000     0.00000     0.00000     0.00007
    -3.55393     0.00004     0.00001     0.00002     0.00000     0.00000     0.00000     0.00000     0.00000     0.00000     0.00006
    -3.43493     0.00003     0.00001     0.00001     0.00000     0.00000     0.00000     0.00000     0.00000     0.00000     0.00006
    -3.31493     0.00003     0.00001     0.00001     0.00000     0.00000     0.00000     0.00000     0.00000     0.00000     0.00005
    -3.19593     0.00003     0.00001     0.00001     0.00000     0.00000     0.00000     0.00000     0.00000     0.00000     0.00005
    -3.07693     0.00003     0.00001     0.00001     0.00000     0.00000     0.00000     0.00000     0.00000     0.00000     0.00004
    -2.95793     0.00002     0.00001     0.00001     0.00000     0.00000     0.00000     0.00000     0.00000     0.00000     0.00004
    -2.83893     0.00002     0.00001     0.00001     0.00000     0.00000     0.00000     0.00000     0.00000     0.00000     0.00003
    -2.71993     0.00002     0.00000     0.00001     0.00000     0.00000     0.00000     0.00000     0.00000     0.00000     0.00003
    -2.60093     0.00001     0.00000     0.00000     0.00000     0.00000     0.00000     0.00000     0.00000     0.00000     0.00002
    -2.48193     0.00001     0.00000     0.00000     0.00000     0.00000     0.00000     0.00000     0.00000     0.00000     0.00002
    -2.36293     0.00001     0.00000     0.00000     0.00000     0.00000     0.00000     0.00000     0.00000     0.00000     0.00002
    -2.24393     0.00001     0.00000     0.00000     0.00000     0.00000     0.00000     0.00000     0.00000     0.00000     0.00001
    -2.12493     0.00001     0.00000     0.00000     0.00000     0.00000     0.00000     0.00000     0.00000     0.00000     0.00001
    -2.00493     0.00001     0.00000     0.00000     0.00000     0.00000     0.00000     0.00000     0.00000     0.00000     0.00001
    -1.88593     0.00001     0.00000     0.00000     0.00000     0.00000     0.00000     0.00000     0.00000     0.00000     0.00001
    -1.76693     0.00000     0.00000     0.00000     0.00000     0.00000     0.00000     0.00000     0.00000     0.00000     0.00001
    -1.64793     0.00000     0.00000     0.00000     0.00000     0.00000     0.00000     0.00000     0.00000     0.00000     0.00001
    -1.52893     0.00000     0.00000     0.00000     0.00000     0.00000     0.00000     0.00000     0.00000     0.00000     0.00001
    -1.40993     0.00000     0.00000     0.00000     0.00000     0.00000     0.00000     0.00000     0.00000     0.00000     0.00001
    -1.29093     0.00000     0.00000     0.00000     0.00000     0.00000     0.00000     0.00000     0.00000     0.00000     0.00000
    -1.17193     0.00000     0.00000     0.00000     0.00000     0.00000     0.00000     0.00000     0.00000     0.00000     0.00000
    -1.05293     0.00000     0.00000     0.00000     0.00000     0.00000     0.00000     0.00000     0.00000     0.00000     0.00000
    -0.93393     0.00000     0.00000     0.00000     0.00000     0.00000     0.00000     0.00000     0.00000     0.00000     0.00000
    -0.81493     0.00000     0.00000     0.00000     0.00000     0.00000     0.00000     0.00000     0.00000     0.00000     0.00000
    -0.69493     0.00000     0.00000     0.00000     0.00000     0.00000     0.00000     0.00000     0.00000     0.00000     0.00000
    -0.57593     0.00000     0.00000     0.00000     0.00000     0.00000     0.00000     0.00000     0.00000     0.00000     0.00000
    -0.45693     0.00000     0.00000     0.00000     0.00000     0.00000     0.00000     0.00000     0.00000     0.00000     0.00000
    -0.33793     0.00002     0.00000     0.00000     0.00000     0.00000     0.00000     0.00000     0.00000     0.00000     0.00002
    -0.21893     0.00240     0.00000     0.00014     0.00000     0.00000     0.00000     0.00000     0.00000     0.00000     0.00254
    -0.09993     0.09948     0.00000     0.00603     0.00000     0.00000     0.00000     0.00000     0.00000     0.00000     0.10551
     0.01907     0.43610     0.00001     0.02650     0.00001     0.00000     0.00000     0.00000     0.00000     0.00000     0.46261
     0.13807     0.22310     0.00000     0.01360     0.00001     0.00000     0.00000     0.00000     0.00000     0.00000     0.23671
     0.25707     0.01223     0.00000     0.00076     0.00000     0.00000     0.00000     0.00000     0.00000     0.00000     0.01300
     0.37607     0.00015     0.00000     0.00003     0.00000     0.00000     0.00000     0.00000     0.00000     0.00000     0.00018
     0.49507     0.00006     0.00000     0.00002     0.00000     0.00000     0.00000     0.00000     0.00000     0.00000     0.00009
     0.61507     0.00004     0.00000     0.00003     0.00000     0.00000     0.00000     0.00000     0.00000     0.00000     0.00008
     0.73407     0.00004     0.00000     0.00004     0.00001     0.00000     0.00000     0.00000     0.00000     0.00000     0.00009
     0.85307     0.00004     0.00000     0.00007     0.00001     0.00000     0.00000     0.00000     0.00000     0.00000     0.00012
     0.97207     0.00005     0.00000     0.00016     0.00001     0.00000     0.00000     0.00000     0.00000     0.00000     0.00022
     1.09107     0.00006     0.00000     0.00025     0.00001     0.00000     0.00000     0.00000     0.00000     0.00000     0.00033
     1.21007     0.00004     0.00000     0.00022     0.00001     0.00000     0.00000     0.00000     0.00000     0.00000     0.00028
     1.32907     0.00003     0.00000     0.00021     0.00002     0.00000     0.00000     0.00000     0.00000     0.00000     0.00026
     1.44807     0.00003     0.00001     0.00023     0.00007     0.00000     0.00000     0.00000     0.00000     0.00000     0.00034
     1.56707     0.00013     0.00059     0.00028     0.00330     0.00000     0.00000     0.00000     0.00000     0.00000     0.00430
     1.68607     0.00146     0.00767     0.00128     0.02506     0.00000     0.00000     0.00000     0.00000     0.00000     0.03547
     1.80507     0.00392     0.02128     0.00686     0.03484     0.00000     0.00000     0.00000     0.00000     0.00000     0.06690
     1.92507     0.00527     0.02285     0.01586     0.02734     0.00000     0.00000     0.00000     0.00000     0.00000     0.07132
     2.04407     0.00892     0.03503     0.02789     0.04450     0.00000     0.00000     0.00000     0.00000     0.00000     0.11634
     2.16307     0.00539     0.04824     0.01587     0.03780     0.00000     0.00000     0.00000     0.00000     0.00000     0.10730
     2.28207     0.00147     0.02709     0.00182     0.00900     0.00000     0.00000     0.00000     0.00000     0.00000     0.03938
     2.40107     0.00253     0.00433     0.00031     0.00065     0.00000     0.00000     0.00000     0.00000     0.00000     0.00781
     2.52007     0.01106     0.00157     0.00065     0.00111     0.00000     0.00000     0.00000     0.00000     0.00000     0.01439
     2.63907     0.02321     0.00337     0.00137     0.00285     0.00000     0.00000     0.00000     0.00000     0.00000     0.03080
     2.75807     0.03947     0.00404     0.00241     0.00413     0.00000     0.00000     0.00000     0.00000     0.00000     0.05005
     2.87707     0.04155     0.00336     0.00309     0.00419     0.00000     0.00000     0.00000     0.00000     0.00000     0.05219
     2.99607     0.02927     0.00298     0.00429     0.00395     0.00000     0.00000     0.00000     0.00000     0.00000     0.04049
     3.11507     0.01719     0.00539     0.00523     0.00592     0.00000     0.00000     0.00000     0.00000     0.00000     0.03372
     3.23507     0.00888     0.01130     0.00374     0.01324     0.00000     0.00000     0.00000     0.00000     0.00000     0.03717
     3.35407     0.00962     0.02066     0.00415     0.02248     0.00000     0.00000     0.00000     0.00000     0.00000     0.05691
     3.47307     0.00947     0.01589     0.00420     0.01489     0.00000     0.00000     0.00000     0.00000     0.00000     0.04445
     3.59207     0.01636     0.00707     0.00483     0.00677     0.00000     0.00000     0.00000     0.00000     0.00000     0.03504
     3.71107     0.01760     0.00621     0.00469     0.00740     0.00000     0.00000     0.00000     0.00000     0.00000     0.03589
     3.83007     0.02308     0.00840     0.00455     0.00990     0.00000     0.00000     0.00000     0.00000     0.00000     0.04592
     3.94907     0.02959     0.01240     0.00537     0.01332     0.00000     0.00000     0.00000     0.00000     0.00000     0.06068
     4.06807     0.01943     0.01222     0.00492     0.01337     0.00000     0.00000     0.00000     0.00000     0.00000     0.04994
     4.18707     0.01882     0.00933     0.00614     0.01068     0.00000     0.00000     0.00000     0.00000     0.00000     0.04497
     4.30607     0.02426     0.00633     0.00496     0.00943     0.00000     0.00000     0.00000     0.00000     0.00000     0.04497
     4.42507     0.02644     0.00622     0.00508     0.00878     0.00000     0.00000     0.00000     0.00000     0.00000     0.04651
     4.54507     0.02301     0.00954     0.00486     0.01139     0.00000     0.00000     0.00000     0.00000     0.00000     0.04880
     4.66407     0.02135     0.01180     0.00431     0.01477     0.00000     0.00000     0.00000     0.00000     0.00000     0.05223
     4.78307     0.01882     0.01397     0.00468     0.01355     0.00000     0.00000     0.00000     0.00000     0.00000     0.05102
     4.90207     0.01750     0.01347     0.00516     0.01100     0.00000     0.00000     0.00000     0.00000     0.00000     0.04713
     5.02107     0.01690     0.01183     0.00531     0.01335     0.00000     0.00000     0.00000     0.00000     0.00000     0.04739
     5.14007     0.01775     0.01199     0.00603     0.01259     0.00000     0.00000     0.00000     0.00000     0.00000     0.04836
     5.25907     0.02179     0.01376     0.00690     0.01096     0.00000     0.00000     0.00000     0.00000     0.00000     0.05341
     5.37807     0.02071     0.01262     0.00752     0.01039     0.00000     0.00000     0.00000     0.00000     0.00000     0.05124
     5.49707     0.02113     0.01050     0.00852     0.01084     0.00000     0.00000     0.00000     0.00000     0.00000     0.05099
     5.61607     0.02821     0.01235     0.01094     0.01187     0.00000     0.00000     0.00000     0.00000     0.00000     0.06337
     5.73507     0.02390     0.01492     0.01047     0.01149     0.00000     0.00000     0.00000     0.00000     0.00000     0.06078
     5.85507     0.01359     0.01010     0.00536     0.00890     0.00000     0.00000     0.00000     0.00000     0.00000     0.03795
     5.97407     0.01177     0.00339     0.00207     0.00402     0.00000     0.00000     0.00000     0.00000     0.00000     0.02125
     6.09307     0.00524     0.00042     0.00040     0.00068     0.00000     0.00000     0.00000     0.00000     0.00000     0.00674
     6.21207     0.00039     0.00001     0.00002     0.00003     0.00000     0.00000     0.00000     0.00000     0.00000     0.00044
     6.33107     0.00000     0.00000     0.00000     0.00000     0.00000     0.00000     0.00000     0.00000     0.00000     0.00000
     6.45007     0.00000     0.00000     0.00000     0.00000     0.00000     0.00000     0.00000     0.00000     0.00000     0.00000
     6.56907     0.00000     0.00000     0.00000     0.00000     0.00000     0.00000     0.00000     0.00000     0.00000     0.00000
     6.68807     0.00000     0.00000     0.00000     0.00000     0.00000     0.00000     0.00000     0.00000     0.00000     0.00000
     6.80707     0.00000     0.00000     0.00000     0.00000     0.00000     0.00000     0.00000     0.00000     0.00000     0.00000
     6.92607     0.00000     0.00000     0.00000     0.00000     0.00000     0.00000     0.00000     0.00000     0.00000     0.00000
     7.04507     0.00000     0.00000     0.00000     0.00000     0.00000     0.00000     0.00000     0.00000     0.00000     0.00000
     7.16507     0.00000     0.00000     0.00000     0.00000     0.00000     0.00000     0.00000     0.00000     0.00000     0.00000
     7.28407     0.00000     0.00000     0.00000     0.00000     0.00000     0.00000     0.00000     0.00000     0.00000     0.00000
     7.40307     0.00000     0.00000     0.00000     0.00000     0.00000     0.00000     0.00000     0.00000     0.00000     0.00000
     7.52207     0.00000     0.00000     0.00000     0.00000     0.00000     0.00000     0.00000     0.00000     0.00000     0.00000
     7.64107     0.00000     0.00000     0.00000     0.00000     0.00000     0.00000     0.00000     0.00000     0.00000     0.00000
     7.76007     0.00000     0.00000     0.00000     0.00000     0.00000     0.00000     0.00000     0.00000     0.00000     0.00000
     7.87907     0.00000     0.00000     0.00000     0.00000     0.00000     0.00000     0.00000     0.00000     0.00000     0.00000
     7.99807     0.00000     0.00000     0.00000     0.00000     0.00000     0.00000     0.00000     0.00000     0.00000     0.00000
