     #Energy           s          py          pz          px         dxy         dyz         dz2         dxz         dx2       tot  
   -27.72893     0.00000     0.00000     0.00000     0.00000     0.00000     0.00000     0.00000     0.00000     0.00000     0.00000
   -27.60993     0.00000     0.00000     0.00000     0.00000     0.00000     0.00000     0.00000     0.00000     0.00000     0.00000
   -27.49093     0.00000     0.00000     0.00000     0.00000     0.00000     0.00000     0.00000     0.00000     0.00000     0.00000
   -27.37193     0.00000     0.00000     0.00000     0.00000     0.00000     0.00000     0.00000     0.00000     0.00000     0.00000
   -27.25293     0.00000     0.00000     0.00000     0.00000     0.00000     0.00000     0.00000     0.00000     0.00000     0.00000
   -27.13393     0.00000     0.00000     0.00000     0.00000     0.00000     0.00000     0.00000     0.00000     0.00000     0.00000
   -27.01493     0.00000     0.00000     0.00000     0.00000     0.00000     0.00000     0.00000     0.00000     0.00000     0.00000
   -26.89493     0.00000     0.00000     0.00000     0.00000     0.00000     0.00000     0.00000     0.00000     0.00000     0.00000
   -26.77593     0.00000     0.00000     0.00000     0.00000     0.00000     0.00000     0.00000     0.00000     0.00000     0.00000
   -26.65693     0.00000     0.00000     0.00000     0.00000     0.00000     0.00000     0.00000     0.00000     0.00000     0.00000
   -26.53793    -0.00000    -0.00000    -0.00000    -0.00000     0.00000     0.00000     0.00000     0.00000     0.00000    -0.00000
   -26.41893    -0.00000    -0.00000    -0.00000    -0.00000     0.00000     0.00000     0.00000     0.00000     0.00000    -0.00000
   -26.29993    -0.00000    -0.00110    -0.00004    -0.00193     0.00000     0.00000     0.00000     0.00000     0.00000    -0.00307
   -26.18093    -0.00000    -0.20560    -0.02484    -0.28590     0.00000     0.00000     0.00000     0.00000     0.00000    -0.51634
   -26.06193    -0.00002    -3.03900    -1.16400    -3.43000     0.00000     0.00000     0.00000     0.00000     0.00000    -7.63302
   -25.94293    -0.00008    -4.40400    -4.85800    -4.09400     0.00000     0.00000     0.00000     0.00000     0.00000   -13.35608
   -25.82393    -0.00003    -0.65570    -2.11400    -0.49700     0.00000     0.00000     0.00000     0.00000     0.00000    -3.26673
   -25.70493    -0.00000    -0.00831    -0.08666    -0.00504     0.00000     0.00000     0.00000     0.00000     0.00000    -0.10001
   -25.58493    -0.00000    -0.00001    -0.00027    -0.00000     0.00000     0.00000     0.00000     0.00000     0.00000    -0.00028
   -25.46593    -0.00000    -0.00000    -0.00000    -0.00000     0.00000     0.00000     0.00000     0.00000     0.00000    -0.00000
   -25.34693    -0.00000    -0.00000    -0.00000    -0.00000     0.00000     0.00000     0.00000     0.00000     0.00000    -0.00000
   -25.22793     0.00000     0.00000     0.00000     0.00000     0.00000     0.00000     0.00000     0.00000     0.00000     0.00000
   -25.10893     0.00000     0.00000     0.00000     0.00000     0.00000     0.00000     0.00000     0.00000     0.00000     0.00000
   -24.98993     0.00000     0.00000     0.00000     0.00000     0.00000     0.00000     0.00000     0.00000     0.00000     0.00000
   -24.87093     0.00000     0.00000     0.00000     0.00000     0.00000     0.00000     0.00000     0.00000     0.00000     0.00000
   -24.75193     0.00000     0.00000     0.00000     0.00000     0.00000     0.00000     0.00000     0.00000     0.00000     0.00000
   -24.63293     0.00000     0.00000     0.00000     0.00000     0.00000     0.00000     0.00000     0.00000     0.00000     0.00000
   -24.51393     0.00000     0.00000     0.00000     0.00000     0.00000     0.00000     0.00000     0.00000     0.00000     0.00000
   -24.39493     0.00000     0.00000     0.00000     0.00000     0.00000     0.00000     0.00000     0.00000     0.00000     0.00000
   -24.27493     0.00000     0.00000     0.00000     0.00000     0.00000     0.00000     0.00000     0.00000     0.00000     0.00000
   -24.15593     0.00000     0.00000     0.00000     0.00000     0.00000     0.00000     0.00000     0.00000     0.00000     0.00000
   -24.03693     0.00000     0.00000     0.00000     0.00000     0.00000     0.00000     0.00000     0.00000     0.00000     0.00000
   -23.91793     0.00000     0.00000     0.00000     0.00000     0.00000     0.00000     0.00000     0.00000     0.00000     0.00000
   -23.79893     0.00000     0.00000     0.00000     0.00000     0.00000     0.00000     0.00000     0.00000     0.00000     0.00000
   -23.67993    -0.00000    -0.00000    -0.00000    -0.00000     0.00000     0.00000     0.00000     0.00000     0.00000    -0.00000
   -23.56093    -0.00000    -0.00000    -0.00000    -0.00000     0.00000     0.00000     0.00000     0.00000     0.00000    -0.00000
   -23.44193    -0.00000    -0.00000    -0.00000    -0.00000     0.00000     0.00000     0.00000     0.00000     0.00000    -0.00000
   -23.32293    -0.00001    -0.00000    -0.00022    -0.00000     0.00000     0.00000     0.00000     0.00000     0.00000    -0.00023
   -23.20393    -0.00028    -0.00000    -0.00926    -0.00000     0.00000     0.00000     0.00000     0.00000     0.00000    -0.00954
   -23.08493    -0.00106    -0.00000    -0.03522    -0.00000     0.00000     0.00000     0.00000     0.00000     0.00000    -0.03629
   -22.96493    -0.00042    -0.00000    -0.01400    -0.00000     0.00000     0.00000     0.00000     0.00000     0.00000    -0.01442
   -22.84593    -0.00002    -0.00000    -0.00052    -0.00000     0.00000     0.00000     0.00000     0.00000     0.00000    -0.00054
   -22.72693    -0.00000    -0.00000    -0.00000    -0.00000     0.00000     0.00000     0.00000     0.00000     0.00000    -0.00000
   -22.60793    -0.00000    -0.00000    -0.00000    -0.00000     0.00000     0.00000     0.00000     0.00000     0.00000    -0.00000
   -22.48893    -0.00000    -0.00000    -0.00000    -0.00000     0.00000     0.00000     0.00000     0.00000     0.00000    -0.00000
   -22.36993     0.00000     0.00000     0.00000     0.00000     0.00000     0.00000     0.00000     0.00000     0.00000     0.00000
   -22.25093     0.00000     0.00000     0.00000     0.00000     0.00000     0.00000     0.00000     0.00000     0.00000     0.00000
   -22.13193     0.00000     0.00000     0.00000     0.00000     0.00000     0.00000     0.00000     0.00000     0.00000     0.00000
   -22.01293     0.00000     0.00000     0.00000     0.00000     0.00000     0.00000     0.00000     0.00000     0.00000     0.00000
   -21.89393     0.00000     0.00000     0.00000     0.00000     0.00000     0.00000     0.00000     0.00000     0.00000     0.00000
   -21.77493     0.00000     0.00000     0.00000     0.00000     0.00000     0.00000     0.00000     0.00000     0.00000     0.00000
   -21.65493     0.00000     0.00000     0.00000     0.00000     0.00000     0.00000     0.00000     0.00000     0.00000     0.00000
   -21.53593     0.00000     0.00000     0.00000     0.00000     0.00000     0.00000     0.00000     0.00000     0.00000     0.00000
   -21.41693     0.00000     0.00000     0.00000     0.00000     0.00000     0.00000     0.00000     0.00000     0.00000     0.00000
   -21.29793     0.00000     0.00000     0.00000     0.00000     0.00000     0.00000     0.00000     0.00000     0.00000     0.00000
   -21.17893     0.00000     0.00000     0.00000     0.00000     0.00000     0.00000     0.00000     0.00000     0.00000     0.00000
   -21.05993     0.00000     0.00000     0.00000     0.00000     0.00000     0.00000     0.00000     0.00000     0.00000     0.00000
   -20.94093     0.00000     0.00000     0.00000     0.00000     0.00000     0.00000     0.00000     0.00000     0.00000     0.00000
   -20.82193     0.00000     0.00000     0.00000     0.00000     0.00000     0.00000     0.00000     0.00000     0.00000     0.00000
   -20.70293     0.00000     0.00000     0.00000     0.00000     0.00000     0.00000     0.00000     0.00000     0.00000     0.00000
   -20.58393    -0.00000    -0.00000    -0.00000    -0.00000     0.00000     0.00000     0.00000     0.00000     0.00000    -0.00000
   -20.46493    -0.00000    -0.00000    -0.00000    -0.00000     0.00000     0.00000     0.00000     0.00000     0.00000    -0.00000
   -20.34493    -0.00000    -0.00000    -0.00000    -0.00000     0.00000     0.00000     0.00000     0.00000     0.00000    -0.00000
   -20.22593    -0.00000    -0.00000    -0.00000    -0.00000     0.00000     0.00000     0.00000     0.00000     0.00000    -0.00000
   -20.10693    -0.00000    -0.00000    -0.00000    -0.00000     0.00000     0.00000     0.00000     0.00000     0.00000    -0.00000
   -19.98793    -0.00000    -0.00000    -0.00000    -0.00000     0.00000     0.00000     0.00000     0.00000     0.00000    -0.00000
   -19.86893    -0.00000    -0.00000    -0.00000    -0.00000     0.00000     0.00000     0.00000     0.00000     0.00000    -0.00000
   -19.74993    -0.00000    -0.00000    -0.00000    -0.00000     0.00000     0.00000     0.00000     0.00000     0.00000    -0.00000
   -19.63093    -0.00000    -0.00000    -0.00000    -0.00000     0.00000     0.00000     0.00000     0.00000     0.00000    -0.00000
   -19.51193    -0.00000    -0.00000    -0.00000    -0.00000     0.00000     0.00000     0.00000     0.00000     0.00000    -0.00000
   -19.39293    -0.00000    -0.00000    -0.00000    -0.00000     0.00000     0.00000     0.00000     0.00000     0.00000    -0.00000
   -19.27393    -0.00000    -0.00000    -0.00000    -0.00000     0.00000     0.00000     0.00000     0.00000     0.00000    -0.00000
   -19.15493    -0.00000    -0.00000    -0.00000    -0.00000     0.00000     0.00000     0.00000     0.00000     0.00000    -0.00000
   -19.03493    -0.00000    -0.00000    -0.00000    -0.00000     0.00000     0.00000     0.00000     0.00000     0.00000    -0.00000
   -18.91593    -0.00000    -0.00000    -0.00000    -0.00000     0.00000     0.00000     0.00000     0.00000     0.00000    -0.00000
   -18.79693    -0.00000    -0.00000    -0.00000    -0.00000     0.00000     0.00000     0.00000     0.00000     0.00000    -0.00000
   -18.67793    -0.00000    -0.00000    -0.00000    -0.00000     0.00000     0.00000     0.00000     0.00000     0.00000    -0.00000
   -18.55893    -0.00000    -0.00000    -0.00000    -0.00000     0.00000     0.00000     0.00000     0.00000     0.00000    -0.00000
   -18.43993    -0.00000    -0.00000    -0.00000    -0.00000     0.00000     0.00000     0.00000     0.00000     0.00000    -0.00000
   -18.32093    -0.00000    -0.00000    -0.00000    -0.00000     0.00000     0.00000     0.00000     0.00000     0.00000    -0.00000
   -18.20193    -0.00000    -0.00000    -0.00000    -0.00000     0.00000     0.00000     0.00000     0.00000     0.00000    -0.00000
   -18.08293    -0.00000    -0.00000    -0.00000    -0.00000     0.00000     0.00000     0.00000     0.00000     0.00000    -0.00000
   -17.96393    -0.00000    -0.00000    -0.00000    -0.00000     0.00000     0.00000     0.00000     0.00000     0.00000    -0.00000
   -17.84493    -0.00000    -0.00000    -0.00000    -0.00000     0.00000     0.00000     0.00000     0.00000     0.00000    -0.00000
   -17.72493    -0.00000    -0.00000    -0.00000    -0.00000     0.00000     0.00000     0.00000     0.00000     0.00000    -0.00000
   -17.60593    -0.00000    -0.00000    -0.00000    -0.00000     0.00000     0.00000     0.00000     0.00000     0.00000    -0.00000
   -17.48693    -0.00000    -0.00000    -0.00000    -0.00000     0.00000     0.00000     0.00000     0.00000     0.00000    -0.00000
   -17.36793    -0.00000    -0.00000    -0.00000    -0.00000     0.00000     0.00000     0.00000     0.00000     0.00000    -0.00000
   -17.24893    -0.00000    -0.00000    -0.00000    -0.00000     0.00000     0.00000     0.00000     0.00000     0.00000    -0.00000
   -17.12993    -0.00000    -0.00000    -0.00000    -0.00000     0.00000     0.00000     0.00000     0.00000     0.00000    -0.00000
   -17.01093    -0.00000    -0.00000    -0.00000    -0.00000     0.00000     0.00000     0.00000     0.00000     0.00000    -0.00000
   -16.89193    -0.00000    -0.00000    -0.00000    -0.00000     0.00000     0.00000     0.00000     0.00000     0.00000    -0.00000
   -16.77293    -0.00000    -0.00000    -0.00000    -0.00000     0.00000     0.00000     0.00000     0.00000     0.00000    -0.00000
   -16.65393    -0.00000    -0.00000    -0.00000    -0.00000     0.00000     0.00000     0.00000     0.00000     0.00000    -0.00000
   -16.53493    -0.00000    -0.00000    -0.00000    -0.00000     0.00000     0.00000     0.00000     0.00000     0.00000    -0.00000
   -16.41493    -0.00000    -0.00000    -0.00000    -0.00000     0.00000     0.00000     0.00000     0.00000     0.00000    -0.00000
   -16.29593    -0.00000    -0.00000    -0.00000    -0.00000     0.00000     0.00000     0.00000     0.00000     0.00000    -0.00000
   -16.17693    -0.00000    -0.00000    -0.00000    -0.00000     0.00000     0.00000     0.00000     0.00000     0.00000    -0.00000
   -16.05793    -0.00000    -0.00000    -0.00000    -0.00000     0.00000     0.00000     0.00000     0.00000     0.00000    -0.00000
   -15.93893    -0.00000    -0.00000    -0.00000    -0.00000     0.00000     0.00000     0.00000     0.00000     0.00000    -0.00000
   -15.81993    -0.00000    -0.00000    -0.00000    -0.00000     0.00000     0.00000     0.00000     0.00000     0.00000    -0.00000
   -15.70093    -0.00000    -0.00000    -0.00000    -0.00000     0.00000     0.00000     0.00000     0.00000     0.00000    -0.00000
   -15.58193    -0.00000    -0.00000    -0.00000    -0.00000     0.00000     0.00000     0.00000     0.00000     0.00000    -0.00000
   -15.46293    -0.00000    -0.00000    -0.00000    -0.00000     0.00000     0.00000     0.00000     0.00000     0.00000    -0.00000
   -15.34393    -0.00000    -0.00000    -0.00000    -0.00000     0.00000     0.00000     0.00000     0.00000     0.00000    -0.00000
   -15.22493    -0.00000    -0.00000    -0.00000    -0.00000     0.00000     0.00000     0.00000     0.00000     0.00000    -0.00000
   -15.10493    -0.00000    -0.00000    -0.00000    -0.00000     0.00000     0.00000     0.00000     0.00000     0.00000    -0.00000
   -14.98593    -0.00000    -0.00000    -0.00000    -0.00000     0.00000     0.00000     0.00000     0.00000     0.00000    -0.00000
   -14.86693    -0.00000    -0.00000    -0.00000    -0.00000     0.00000     0.00000     0.00000     0.00000     0.00000    -0.00000
   -14.74793    -0.00000    -0.00000    -0.00000    -0.00000     0.00000     0.00000     0.00000     0.00000     0.00000    -0.00000
   -14.62893    -0.00000    -0.00000    -0.00000    -0.00000     0.00000     0.00000     0.00000     0.00000     0.00000    -0.00000
   -14.50993    -0.00000    -0.00000    -0.00000    -0.00000     0.00000     0.00000     0.00000     0.00000     0.00000    -0.00000
   -14.39093    -0.00000    -0.00000    -0.00000    -0.00000     0.00000     0.00000     0.00000     0.00000     0.00000    -0.00000
   -14.27193    -0.00000    -0.00000    -0.00000    -0.00000     0.00000     0.00000     0.00000     0.00000     0.00000    -0.00000
   -14.15293    -0.00000    -0.00000    -0.00000    -0.00000     0.00000     0.00000     0.00000     0.00000     0.00000    -0.00000
   -14.03393    -0.00000    -0.00000    -0.00000    -0.00000     0.00000     0.00000     0.00000     0.00000     0.00000    -0.00000
   -13.91493    -0.00000    -0.00000    -0.00000    -0.00000     0.00000     0.00000     0.00000     0.00000     0.00000    -0.00000
   -13.79493    -0.00000    -0.00000    -0.00000    -0.00000     0.00000     0.00000     0.00000     0.00000     0.00000    -0.00000
   -13.67593    -0.00000    -0.00000    -0.00000    -0.00000     0.00000     0.00000     0.00000     0.00000     0.00000    -0.00000
   -13.55693    -0.00000    -0.00000    -0.00000    -0.00000     0.00000     0.00000     0.00000     0.00000     0.00000    -0.00000
   -13.43793    -0.00000    -0.00000    -0.00000    -0.00000     0.00000     0.00000     0.00000     0.00000     0.00000    -0.00000
   -13.31893    -0.00000    -0.00000    -0.00000    -0.00000     0.00000     0.00000     0.00000     0.00000     0.00000    -0.00000
   -13.19993    -0.00000    -0.00000    -0.00000    -0.00000     0.00000     0.00000     0.00000     0.00000     0.00000    -0.00000
   -13.08093    -0.00000    -0.00000    -0.00000    -0.00000     0.00000     0.00000     0.00000     0.00000     0.00000    -0.00000
   -12.96193    -0.00000    -0.00000    -0.00000    -0.00000     0.00000     0.00000     0.00000     0.00000     0.00000    -0.00000
   -12.84293    -0.00000    -0.00000    -0.00000    -0.00000     0.00000     0.00000     0.00000     0.00000     0.00000    -0.00000
   -12.72393    -0.00000    -0.00000    -0.00000    -0.00000     0.00000     0.00000     0.00000     0.00000     0.00000    -0.00000
   -12.60493    -0.00000    -0.00000    -0.00000    -0.00000     0.00000     0.00000     0.00000     0.00000     0.00000    -0.00000
   -12.48493    -0.00000    -0.00000    -0.00000    -0.00000     0.00000     0.00000     0.00000     0.00000     0.00000    -0.00000
   -12.36593    -0.00000    -0.00000    -0.00000    -0.00000     0.00000     0.00000     0.00000     0.00000     0.00000    -0.00000
   -12.24693    -0.00000    -0.00000    -0.00000    -0.00000     0.00000     0.00000     0.00000     0.00000     0.00000    -0.00000
   -12.12793    -0.00000    -0.00000    -0.00000    -0.00000     0.00000     0.00000     0.00000     0.00000     0.00000    -0.00000
   -12.00893    -0.00000    -0.00000    -0.00000    -0.00000     0.00000     0.00000     0.00000     0.00000     0.00000    -0.00000
   -11.88993    -0.00000    -0.00000    -0.00000    -0.00000     0.00000     0.00000     0.00000     0.00000     0.00000    -0.00000
   -11.77093    -0.00000    -0.00000    -0.00000    -0.00000     0.00000     0.00000     0.00000     0.00000     0.00000    -0.00000
   -11.65193    -0.00000    -0.00000    -0.00000    -0.00000     0.00000     0.00000     0.00000     0.00000     0.00000    -0.00000
   -11.53293    -0.00000    -0.00000    -0.00000    -0.00000     0.00000     0.00000     0.00000     0.00000     0.00000    -0.00000
   -11.41393    -0.00000    -0.00000    -0.00000    -0.00000     0.00000     0.00000     0.00000     0.00000     0.00000    -0.00000
   -11.29493    -0.00000    -0.00000    -0.00000    -0.00000     0.00000     0.00000     0.00000     0.00000     0.00000    -0.00000
   -11.17493    -0.00000    -0.00000    -0.00000    -0.00000     0.00000     0.00000     0.00000     0.00000     0.00000    -0.00000
   -11.05593    -0.00000    -0.00000    -0.00000    -0.00000     0.00000     0.00000     0.00000     0.00000     0.00000    -0.00000
   -10.93693    -0.00000    -0.00000    -0.00000    -0.00005     0.00000     0.00000     0.00000     0.00000     0.00000    -0.00006
   -10.81793    -0.00000    -0.00000    -0.00000    -0.00053     0.00000     0.00000     0.00000     0.00000     0.00000    -0.00053
   -10.69893    -0.00000    -0.00000    -0.00000    -0.00060     0.00000     0.00000     0.00000     0.00000     0.00000    -0.00060
   -10.57993    -0.00000    -0.00000    -0.00000    -0.00008     0.00000     0.00000     0.00000     0.00000     0.00000    -0.00008
   -10.46093    -0.00000    -0.00000    -0.00000    -0.00000     0.00000     0.00000     0.00000     0.00000     0.00000    -0.00001
   -10.34193    -0.00000    -0.00000    -0.00000    -0.00000     0.00000     0.00000     0.00000     0.00000     0.00000    -0.00000
   -10.22293    -0.00000    -0.00000    -0.00000    -0.00000     0.00000     0.00000     0.00000     0.00000     0.00000    -0.00000
   -10.10393    -0.00000    -0.00000    -0.00000    -0.00000     0.00000     0.00000     0.00000     0.00000     0.00000    -0.00000
    -9.98493    -0.00000    -0.00000    -0.00000    -0.00000     0.00000     0.00000     0.00000     0.00000     0.00000    -0.00000
    -9.86493    -0.00000    -0.00000    -0.00000    -0.00000     0.00000     0.00000     0.00000     0.00000     0.00000    -0.00000
    -9.74593    -0.00000    -0.00000    -0.00000    -0.00000     0.00000     0.00000     0.00000     0.00000     0.00000    -0.00000
    -9.62693    -0.00000    -0.00000    -0.00000    -0.00000     0.00000     0.00000     0.00000     0.00000     0.00000    -0.00000
    -9.50793    -0.00000    -0.00000    -0.00000    -0.00000     0.00000     0.00000     0.00000     0.00000     0.00000    -0.00000
    -9.38893    -0.00000    -0.00000    -0.00000    -0.00000     0.00000     0.00000     0.00000     0.00000     0.00000    -0.00001
    -9.26993    -0.00000    -0.00000    -0.00000    -0.00000     0.00000     0.00000     0.00000     0.00000     0.00000    -0.00001
    -9.15093    -0.00000    -0.00000    -0.00000    -0.00000     0.00000     0.00000     0.00000     0.00000     0.00000    -0.00001
    -9.03193    -0.00000    -0.00000    -0.00000    -0.00000     0.00000     0.00000     0.00000     0.00000     0.00000    -0.00001
    -8.91293    -0.00001    -0.00000    -0.00001    -0.00000     0.00000     0.00000     0.00000     0.00000     0.00000    -0.00001
    -8.79393    -0.00001    -0.00000    -0.00001    -0.00000     0.00000     0.00000     0.00000     0.00000     0.00000    -0.00001
    -8.67493    -0.00001    -0.00000    -0.00001    -0.00000     0.00000     0.00000     0.00000     0.00000     0.00000    -0.00002
    -8.55493    -0.00002    -0.00000    -0.00002    -0.00000     0.00000     0.00000     0.00000     0.00000     0.00000    -0.00003
    -8.43593    -0.00018    -0.00000    -0.00018    -0.00000     0.00000     0.00000     0.00000     0.00000     0.00000    -0.00036
    -8.31693    -0.00201    -0.00000    -0.00200    -0.00000     0.00000     0.00000     0.00000     0.00000     0.00000    -0.00401
    -8.19793    -0.00773    -0.00000    -0.00762    -0.00000     0.00000     0.00000     0.00000     0.00000     0.00000    -0.01535
    -8.07893    -0.00923    -0.00000    -0.00905    -0.00000     0.00000     0.00000     0.00000     0.00000     0.00000    -0.01828
    -7.95993    -0.00216    -0.00000    -0.00210    -0.00000     0.00000     0.00000     0.00000     0.00000     0.00000    -0.00426
    -7.84093    -0.00594    -0.00000    -0.00558    -0.00000     0.00000     0.00000     0.00000     0.00000     0.00000    -0.01152
    -7.72193    -0.01273    -0.00000    -0.01193    -0.00000     0.00000     0.00000     0.00000     0.00000     0.00000    -0.02466
    -7.60293    -0.00434    -0.00000    -0.00403    -0.00000     0.00000     0.00000     0.00000     0.00000     0.00000    -0.00837
    -7.48393    -0.00388    -0.00000    -0.00353    -0.00000     0.00000     0.00000     0.00000     0.00000     0.00000    -0.00741
    -7.36493    -0.00364    -0.00000    -0.00327    -0.00000     0.00000     0.00000     0.00000     0.00000     0.00000    -0.00692
    -7.24493    -0.00288    -0.00000    -0.00255    -0.00000     0.00000     0.00000     0.00000     0.00000     0.00000    -0.00543
    -7.12593    -0.00182    -0.00000    -0.00159    -0.00000     0.00000     0.00000     0.00000     0.00000     0.00000    -0.00341
    -7.00693    -0.00114    -0.00000    -0.00098    -0.00000     0.00000     0.00000     0.00000     0.00000     0.00000    -0.00212
    -6.88793    -0.00074    -0.00000    -0.00063    -0.00000     0.00000     0.00000     0.00000     0.00000     0.00000    -0.00137
    -6.76893    -0.00066    -0.00000    -0.00055    -0.00000     0.00000     0.00000     0.00000     0.00000     0.00000    -0.00121
    -6.64993    -0.00057    -0.00000    -0.00047    -0.00000     0.00000     0.00000     0.00000     0.00000     0.00000    -0.00105
    -6.53093    -0.00043    -0.00000    -0.00035    -0.00000     0.00000     0.00000     0.00000     0.00000     0.00000    -0.00079
    -6.41193    -0.00036    -0.00000    -0.00029    -0.00000     0.00000     0.00000     0.00000     0.00000     0.00000    -0.00065
    -6.29293    -0.00034    -0.00000    -0.00027    -0.00000     0.00000     0.00000     0.00000     0.00000     0.00000    -0.00061
    -6.17393    -0.00029    -0.00000    -0.00023    -0.00000     0.00000     0.00000     0.00000     0.00000     0.00000    -0.00052
    -6.05493    -0.00025    -0.00001    -0.00019    -0.00000     0.00000     0.00000     0.00000     0.00000     0.00000    -0.00045
    -5.93493    -0.00021    -0.00001    -0.00016    -0.00000     0.00000     0.00000     0.00000     0.00000     0.00000    -0.00038
    -5.81593    -0.00018    -0.00001    -0.00014    -0.00000     0.00000     0.00000     0.00000     0.00000     0.00000    -0.00034
    -5.69693    -0.00016    -0.00003    -0.00012    -0.00000     0.00000     0.00000     0.00000     0.00000     0.00000    -0.00030
    -5.57793    -0.00014    -0.00005    -0.00010    -0.00000     0.00000     0.00000     0.00000     0.00000     0.00000    -0.00029
    -5.45893    -0.00011    -0.00014    -0.00008    -0.00000     0.00000     0.00000     0.00000     0.00000     0.00000    -0.00034
    -5.33993    -0.00008    -0.00054    -0.00006    -0.00000     0.00000     0.00000     0.00000     0.00000     0.00000    -0.00069
    -5.22093    -0.00012    -0.00206    -0.00008    -0.00000     0.00000     0.00000     0.00000     0.00000     0.00000    -0.00226
    -5.10193    -0.00012    -0.00168    -0.00008    -0.00000     0.00000     0.00000     0.00000     0.00000     0.00000    -0.00188
    -4.98293    -0.00008    -0.00035    -0.00006    -0.00000     0.00000     0.00000     0.00000     0.00000     0.00000    -0.00049
    -4.86393    -0.00008    -0.00011    -0.00005    -0.00000     0.00000     0.00000     0.00000     0.00000     0.00000    -0.00024
    -4.74493    -0.00007    -0.00005    -0.00005    -0.00000     0.00000     0.00000     0.00000     0.00000     0.00000    -0.00017
    -4.62493    -0.00006    -0.00003    -0.00004    -0.00000     0.00000     0.00000     0.00000     0.00000     0.00000    -0.00014
    -4.50593    -0.00006    -0.00002    -0.00004    -0.00000     0.00000     0.00000     0.00000     0.00000     0.00000    -0.00012
    -4.38693    -0.00006    -0.00002    -0.00003    -0.00000     0.00000     0.00000     0.00000     0.00000     0.00000    -0.00011
    -4.26793    -0.00005    -0.00001    -0.00003    -0.00000     0.00000     0.00000     0.00000     0.00000     0.00000    -0.00010
    -4.14893    -0.00005    -0.00001    -0.00003    -0.00000     0.00000     0.00000     0.00000     0.00000     0.00000    -0.00009
    -4.02993    -0.00005    -0.00001    -0.00003    -0.00000     0.00000     0.00000     0.00000     0.00000     0.00000    -0.00008
    -3.91093    -0.00004    -0.00001    -0.00002    -0.00000     0.00000     0.00000     0.00000     0.00000     0.00000    -0.00008
    -3.79193    -0.00004    -0.00001    -0.00002    -0.00000     0.00000     0.00000     0.00000     0.00000     0.00000    -0.00007
    -3.67293    -0.00004    -0.00001    -0.00002    -0.00000     0.00000     0.00000     0.00000     0.00000     0.00000    -0.00006
    -3.55393    -0.00003    -0.00001    -0.00002    -0.00000     0.00000     0.00000     0.00000     0.00000     0.00000    -0.00006
    -3.43493    -0.00003    -0.00001    -0.00002    -0.00000     0.00000     0.00000     0.00000     0.00000     0.00000    -0.00005
    -3.31493    -0.00003    -0.00001    -0.00001    -0.00000     0.00000     0.00000     0.00000     0.00000     0.00000    -0.00005
    -3.19593    -0.00002    -0.00001    -0.00001    -0.00000     0.00000     0.00000     0.00000     0.00000     0.00000    -0.00004
    -3.07693    -0.00002    -0.00001    -0.00001    -0.00000     0.00000     0.00000     0.00000     0.00000     0.00000    -0.00004
    -2.95793    -0.00002    -0.00001    -0.00001    -0.00000     0.00000     0.00000     0.00000     0.00000     0.00000    -0.00004
    -2.83893    -0.00002    -0.00001    -0.00001    -0.00000     0.00000     0.00000     0.00000     0.00000     0.00000    -0.00003
    -2.71993    -0.00001    -0.00000    -0.00001    -0.00000     0.00000     0.00000     0.00000     0.00000     0.00000    -0.00003
    -2.60093    -0.00001    -0.00000    -0.00000    -0.00000     0.00000     0.00000     0.00000     0.00000     0.00000    -0.00002
    -2.48193    -0.00001    -0.00000    -0.00000    -0.00000     0.00000     0.00000     0.00000     0.00000     0.00000    -0.00002
    -2.36293    -0.00001    -0.00000    -0.00000    -0.00000     0.00000     0.00000     0.00000     0.00000     0.00000    -0.00001
    -2.24393    -0.00001    -0.00000    -0.00000    -0.00000     0.00000     0.00000     0.00000     0.00000     0.00000    -0.00001
    -2.12493    -0.00001    -0.00000    -0.00000    -0.00000     0.00000     0.00000     0.00000     0.00000     0.00000    -0.00001
    -2.00493    -0.00000    -0.00000    -0.00000    -0.00000     0.00000     0.00000     0.00000     0.00000     0.00000    -0.00001
    -1.88593    -0.00000    -0.00000    -0.00000    -0.00000     0.00000     0.00000     0.00000     0.00000     0.00000    -0.00001
    -1.76693    -0.00000    -0.00000    -0.00000    -0.00000     0.00000     0.00000     0.00000     0.00000     0.00000    -0.00001
    -1.64793    -0.00000    -0.00000    -0.00000    -0.00000     0.00000     0.00000     0.00000     0.00000     0.00000    -0.00001
    -1.52893    -0.00000    -0.00000    -0.00000    -0.00000     0.00000     0.00000     0.00000     0.00000     0.00000    -0.00000
    -1.40993    -0.00000    -0.00000    -0.00000    -0.00000     0.00000     0.00000     0.00000     0.00000     0.00000    -0.00000
    -1.29093    -0.00000    -0.00000    -0.00000    -0.00000     0.00000     0.00000     0.00000     0.00000     0.00000    -0.00000
    -1.17193    -0.00000    -0.00000    -0.00000    -0.00000     0.00000     0.00000     0.00000     0.00000     0.00000    -0.00000
    -1.05293    -0.00000    -0.00000    -0.00000    -0.00000     0.00000     0.00000     0.00000     0.00000     0.00000    -0.00000
    -0.93393    -0.00000    -0.00000    -0.00000    -0.00000     0.00000     0.00000     0.00000     0.00000     0.00000    -0.00000
    -0.81493    -0.00000    -0.00000    -0.00000    -0.00000     0.00000     0.00000     0.00000     0.00000     0.00000    -0.00000
    -0.69493    -0.00000    -0.00000    -0.00000    -0.00000     0.00000     0.00000     0.00000     0.00000     0.00000    -0.00000
    -0.57593    -0.00000    -0.00000    -0.00000    -0.00000     0.00000     0.00000     0.00000     0.00000     0.00000    -0.00000
    -0.45693    -0.00000    -0.00000    -0.00000    -0.00000     0.00000     0.00000     0.00000     0.00000     0.00000    -0.00000
    -0.33793    -0.00000    -0.00000    -0.00000    -0.00000     0.00000     0.00000     0.00000     0.00000     0.00000    -0.00000
    -0.21893    -0.00000    -0.00000    -0.00000    -0.00000     0.00000     0.00000     0.00000     0.00000     0.00000    -0.00000
    -0.09993    -0.00001    -0.00000    -0.00000    -0.00000     0.00000     0.00000     0.00000     0.00000     0.00000    -0.00001
     0.01907    -0.00001    -0.00000    -0.00000    -0.00000     0.00000     0.00000     0.00000     0.00000     0.00000    -0.00001
     0.13807    -0.00002    -0.00000    -0.00000    -0.00000     0.00000     0.00000     0.00000     0.00000     0.00000    -0.00002
     0.25707    -0.00004    -0.00000    -0.00000    -0.00000     0.00000     0.00000     0.00000     0.00000     0.00000    -0.00004
     0.37607    -0.00007    -0.00000    -0.00000    -0.00000     0.00000     0.00000     0.00000     0.00000     0.00000    -0.00008
     0.49507    -0.00015    -0.00000    -0.00000    -0.00000     0.00000     0.00000     0.00000     0.00000     0.00000    -0.00015
     0.61507    -0.00035    -0.00000    -0.00000    -0.00000     0.00000     0.00000     0.00000     0.00000     0.00000    -0.00036
     0.73407    -0.00145    -0.00000    -0.00001    -0.00000     0.00000     0.00000     0.00000     0.00000     0.00000    -0.00147
     0.85307    -0.02923    -0.00000    -0.00030    -0.00001     0.00000     0.00000     0.00000     0.00000     0.00000    -0.02954
     0.97207    -0.26180    -0.00001    -0.00329    -0.00001     0.00000     0.00000     0.00000     0.00000     0.00000    -0.26511
     1.09107    -0.44850    -0.00001    -0.00643    -0.00002     0.00000     0.00000     0.00000     0.00000     0.00000    -0.45495
     1.21007    -0.13120    -0.00000    -0.00224    -0.00001     0.00000     0.00000     0.00000     0.00000     0.00000    -0.13346
     1.32907    -0.00998    -0.00000    -0.00035    -0.00001     0.00000     0.00000     0.00000     0.00000     0.00000    -0.01034
     1.44807    -0.00242    -0.00000    -0.00018    -0.00001     0.00000     0.00000     0.00000     0.00000     0.00000    -0.00261
     1.56707    -0.00123    -0.00000    -0.00013    -0.00001     0.00000     0.00000     0.00000     0.00000     0.00000    -0.00137
     1.68607    -0.00069    -0.00000    -0.00010    -0.00001     0.00000     0.00000     0.00000     0.00000     0.00000    -0.00080
     1.80507    -0.00062    -0.00000    -0.00012    -0.00001     0.00000     0.00000     0.00000     0.00000     0.00000    -0.00075
     1.92507    -0.00063    -0.00000    -0.00015    -0.00001     0.00000     0.00000     0.00000     0.00000     0.00000    -0.00080
     2.04407    -0.00073    -0.00000    -0.00020    -0.00001     0.00000     0.00000     0.00000     0.00000     0.00000    -0.00095
     2.16307    -0.00175    -0.00001    -0.00056    -0.00003     0.00000     0.00000     0.00000     0.00000     0.00000    -0.00234
     2.28207    -0.01726    -0.00013    -0.00557    -0.00051     0.00000     0.00000     0.00000     0.00000     0.00000    -0.02347
     2.40107    -0.06015    -0.00146    -0.01981    -0.00599     0.00000     0.00000     0.00000     0.00000     0.00000    -0.08741
     2.52007    -0.05602    -0.00456    -0.02216    -0.01261     0.00000     0.00000     0.00000     0.00000     0.00000    -0.09535
     2.63907    -0.02959    -0.00911    -0.01989    -0.01208     0.00000     0.00000     0.00000     0.00000     0.00000    -0.07067
     2.75807    -0.00971    -0.01309    -0.01021    -0.01551     0.00000     0.00000     0.00000     0.00000     0.00000    -0.04852
     2.87707    -0.00404    -0.01459    -0.00262    -0.01870     0.00000     0.00000     0.00000     0.00000     0.00000    -0.03995
     2.99607    -0.00413    -0.01833    -0.00080    -0.02629     0.00000     0.00000     0.00000     0.00000     0.00000    -0.04955
     3.11507    -0.00267    -0.02753    -0.00028    -0.03010     0.00000     0.00000     0.00000     0.00000     0.00000    -0.06058
     3.23507    -0.00540    -0.03084    -0.00073    -0.01621     0.00000     0.00000     0.00000     0.00000     0.00000    -0.05318
     3.35407    -0.01764    -0.02152    -0.00575    -0.01437     0.00000     0.00000     0.00000     0.00000     0.00000    -0.05928
     3.47307    -0.02703    -0.01277    -0.01005    -0.01175     0.00000     0.00000     0.00000     0.00000     0.00000    -0.06160
     3.59207    -0.01114    -0.01397    -0.00384    -0.01408     0.00000     0.00000     0.00000     0.00000     0.00000    -0.04303
     3.71107    -0.00975    -0.01768    -0.00232    -0.01950     0.00000     0.00000     0.00000     0.00000     0.00000    -0.04925
     3.83007    -0.02099    -0.01875    -0.00393    -0.02479     0.00000     0.00000     0.00000     0.00000     0.00000    -0.06846
     3.94907    -0.01861    -0.01610    -0.00393    -0.02220     0.00000     0.00000     0.00000     0.00000     0.00000    -0.06084
     4.06807    -0.01402    -0.01201    -0.00276    -0.01891     0.00000     0.00000     0.00000     0.00000     0.00000    -0.04770
     4.18707    -0.01280    -0.01427    -0.00320    -0.01638     0.00000     0.00000     0.00000     0.00000     0.00000    -0.04665
     4.30607    -0.01094    -0.02047    -0.00273    -0.02364     0.00000     0.00000     0.00000     0.00000     0.00000    -0.05778
     4.42507    -0.01287    -0.02123    -0.00236    -0.02368     0.00000     0.00000     0.00000     0.00000     0.00000    -0.06014
     4.54507    -0.01473    -0.01318    -0.00347    -0.02116     0.00000     0.00000     0.00000     0.00000     0.00000    -0.05254
     4.66407    -0.01410    -0.01569    -0.00592    -0.01806     0.00000     0.00000     0.00000     0.00000     0.00000    -0.05377
     4.78307    -0.01209    -0.01389    -0.00741    -0.01161     0.00000     0.00000     0.00000     0.00000     0.00000    -0.04500
     4.90207    -0.01561    -0.00950    -0.01148    -0.01201     0.00000     0.00000     0.00000     0.00000     0.00000    -0.04860
     5.02107    -0.01552    -0.01058    -0.01262    -0.01579     0.00000     0.00000     0.00000     0.00000     0.00000    -0.05451
     5.14007    -0.01574    -0.01267    -0.00855    -0.01114     0.00000     0.00000     0.00000     0.00000     0.00000    -0.04810
     5.25907    -0.01643    -0.01265    -0.00600    -0.00575     0.00000     0.00000     0.00000     0.00000     0.00000    -0.04083
     5.37807    -0.01902    -0.01377    -0.00778    -0.00682     0.00000     0.00000     0.00000     0.00000     0.00000    -0.04738
     5.49707    -0.02096    -0.01496    -0.00733    -0.01118     0.00000     0.00000     0.00000     0.00000     0.00000    -0.05443
     5.61607    -0.02066    -0.01296    -0.00714    -0.01250     0.00000     0.00000     0.00000     0.00000     0.00000    -0.05326
     5.73507    -0.02036    -0.01271    -0.01235    -0.01158     0.00000     0.00000     0.00000     0.00000     0.00000    -0.05700
     5.85507    -0.01712    -0.01395    -0.01666    -0.01045     0.00000     0.00000     0.00000     0.00000     0.00000    -0.05818
     5.97407    -0.01770    -0.01465    -0.01840    -0.00902     0.00000     0.00000     0.00000     0.00000     0.00000    -0.05977
     6.09307    -0.01831    -0.01313    -0.02032    -0.00907     0.00000     0.00000     0.00000     0.00000     0.00000    -0.06084
     6.21207    -0.01575    -0.00902    -0.01940    -0.00757     0.00000     0.00000     0.00000     0.00000     0.00000    -0.05174
     6.33107    -0.01149    -0.00430    -0.00965    -0.00394     0.00000     0.00000     0.00000     0.00000     0.00000    -0.02937
     6.45007    -0.00479    -0.00113    -0.00183    -0.00113     0.00000     0.00000     0.00000     0.00000     0.00000    -0.00888
     6.56907    -0.00044    -0.00009    -0.00010    -0.00009     0.00000     0.00000     0.00000     0.00000     0.00000    -0.00072
     6.68807    -0.00000    -0.00000    -0.00000    -0.00000     0.00000     0.00000     0.00000     0.00000     0.00000    -0.00001
     6.80707    -0.00000    -0.00000    -0.00000    -0.00000     0.00000     0.00000     0.00000     0.00000     0.00000    -0.00000
     6.92607    -0.00000    -0.00000    -0.00000    -0.00000     0.00000     0.00000     0.00000     0.00000     0.00000    -0.00000
     7.04507    -0.00000    -0.00000    -0.00000    -0.00000     0.00000     0.00000     0.00000     0.00000     0.00000    -0.00000
     7.16507     0.00000     0.00000     0.00000     0.00000     0.00000     0.00000     0.00000     0.00000     0.00000     0.00000
     7.28407     0.00000     0.00000     0.00000     0.00000     0.00000     0.00000     0.00000     0.00000     0.00000     0.00000
     7.40307     0.00000     0.00000     0.00000     0.00000     0.00000     0.00000     0.00000     0.00000     0.00000     0.00000
     7.52207     0.00000     0.00000     0.00000     0.00000     0.00000     0.00000     0.00000     0.00000     0.00000     0.00000
     7.64107     0.00000     0.00000     0.00000     0.00000     0.00000     0.00000     0.00000     0.00000     0.00000     0.00000
     7.76007     0.00000     0.00000     0.00000     0.00000     0.00000     0.00000     0.00000     0.00000     0.00000     0.00000
     7.87907     0.00000     0.00000     0.00000     0.00000     0.00000     0.00000     0.00000     0.00000     0.00000     0.00000
     7.99807     0.00000     0.00000     0.00000     0.00000     0.00000     0.00000     0.00000     0.00000     0.00000     0.00000
