     #Energy           s          py          pz          px         dxy         dyz         dz2         dxz         dx2       tot  
   -27.72893     0.00000     0.00000     0.00000     0.00000     0.00000     0.00000     0.00000     0.00000     0.00000     0.00000
   -27.60993     0.00000     0.00000     0.00000     0.00000     0.00000     0.00000     0.00000     0.00000     0.00000     0.00000
   -27.49093     0.00000     0.00000     0.00000     0.00000     0.00000     0.00000     0.00000     0.00000     0.00000     0.00000
   -27.37193     0.00000     0.00000     0.00000     0.00000     0.00000     0.00000     0.00000     0.00000     0.00000     0.00000
   -27.25293     0.00000     0.00000     0.00000     0.00000     0.00000     0.00000     0.00000     0.00000     0.00000     0.00000
   -27.13393     0.00000     0.00000     0.00000     0.00000     0.00000     0.00000     0.00000     0.00000     0.00000     0.00000
   -27.01493     0.00000     0.00000     0.00000     0.00000     0.00000     0.00000     0.00000     0.00000     0.00000     0.00000
   -26.89493     0.00000     0.00000     0.00000     0.00000     0.00000     0.00000     0.00000     0.00000     0.00000     0.00000
   -26.77593     0.00000     0.00000     0.00000     0.00000     0.00000     0.00000     0.00000     0.00000     0.00000     0.00000
   -26.65693     0.00000     0.00000     0.00000     0.00000     0.00000     0.00000     0.00000     0.00000     0.00000     0.00000
   -26.53793     0.00000     0.00000     0.00000     0.00000     0.00000     0.00000     0.00000     0.00000     0.00000     0.00000
   -26.41893     0.00000     0.00000     0.00000     0.00000     0.00000     0.00000     0.00000     0.00000     0.00000     0.00000
   -26.29993     0.00000     0.00000     0.00000     0.00000     0.00000     0.00000     0.00000     0.00000     0.00000     0.00000
   -26.18093     0.00080     0.00001     0.00001     0.00001     0.00000     0.00000     0.00000     0.00000     0.00000     0.00082
   -26.06193     0.01341     0.00003     0.00013     0.00004     0.00000     0.00000     0.00000     0.00000     0.00000     0.01361
   -25.94293     0.02186     0.00002     0.00022     0.00002     0.00000     0.00000     0.00000     0.00000     0.00000     0.02211
   -25.82393     0.00368     0.00000     0.00004     0.00000     0.00000     0.00000     0.00000     0.00000     0.00000     0.00372
   -25.70493     0.00005     0.00000     0.00000     0.00000     0.00000     0.00000     0.00000     0.00000     0.00000     0.00005
   -25.58493     0.00000     0.00000     0.00000     0.00000     0.00000     0.00000     0.00000     0.00000     0.00000     0.00000
   -25.46593     0.00000     0.00000     0.00000     0.00000     0.00000     0.00000     0.00000     0.00000     0.00000     0.00000
   -25.34693     0.00000     0.00000     0.00000     0.00000     0.00000     0.00000     0.00000     0.00000     0.00000     0.00000
   -25.22793     0.00000     0.00000     0.00000     0.00000     0.00000     0.00000     0.00000     0.00000     0.00000     0.00000
   -25.10893     0.00000     0.00000     0.00000     0.00000     0.00000     0.00000     0.00000     0.00000     0.00000     0.00000
   -24.98993     0.00000     0.00000     0.00000     0.00000     0.00000     0.00000     0.00000     0.00000     0.00000     0.00000
   -24.87093     0.00000     0.00000     0.00000     0.00000     0.00000     0.00000     0.00000     0.00000     0.00000     0.00000
   -24.75193     0.00000     0.00000     0.00000     0.00000     0.00000     0.00000     0.00000     0.00000     0.00000     0.00000
   -24.63293     0.00000     0.00000     0.00000     0.00000     0.00000     0.00000     0.00000     0.00000     0.00000     0.00000
   -24.51393     0.00000     0.00000     0.00000     0.00000     0.00000     0.00000     0.00000     0.00000     0.00000     0.00000
   -24.39493     0.00000     0.00000     0.00000     0.00000     0.00000     0.00000     0.00000     0.00000     0.00000     0.00000
   -24.27493     0.00000     0.00000     0.00000     0.00000     0.00000     0.00000     0.00000     0.00000     0.00000     0.00000
   -24.15593     0.00000     0.00000     0.00000     0.00000     0.00000     0.00000     0.00000     0.00000     0.00000     0.00000
   -24.03693     0.00000     0.00000     0.00000     0.00000     0.00000     0.00000     0.00000     0.00000     0.00000     0.00000
   -23.91793     0.00000     0.00000     0.00000     0.00000     0.00000     0.00000     0.00000     0.00000     0.00000     0.00000
   -23.79893     0.00000     0.00000     0.00000     0.00000     0.00000     0.00000     0.00000     0.00000     0.00000     0.00000
   -23.67993     0.00000     0.00000     0.00000     0.00000     0.00000     0.00000     0.00000     0.00000     0.00000     0.00000
   -23.56093     0.00000     0.00000     0.00000     0.00000     0.00000     0.00000     0.00000     0.00000     0.00000     0.00000
   -23.44193     0.00007     0.00000     0.00000     0.00000     0.00000     0.00000     0.00000     0.00000     0.00000     0.00007
   -23.32293     0.03202     0.00000     0.00143     0.00000     0.00000     0.00000     0.00000     0.00000     0.00000     0.03345
   -23.20393     1.11800     0.00000     0.04990     0.00000     0.00000     0.00000     0.00000     0.00000     0.00000     1.16790
   -23.08493     3.56700     0.00000     0.15920     0.00000     0.00000     0.00000     0.00000     0.00000     0.00000     3.72620
   -22.96493     1.19000     0.00000     0.05309     0.00000     0.00000     0.00000     0.00000     0.00000     0.00000     1.24309
   -22.84593     0.03646     0.00000     0.00163     0.00000     0.00000     0.00000     0.00000     0.00000     0.00000     0.03809
   -22.72693     0.00008     0.00000     0.00000     0.00000     0.00000     0.00000     0.00000     0.00000     0.00000     0.00009
   -22.60793     0.00000     0.00000     0.00000     0.00000     0.00000     0.00000     0.00000     0.00000     0.00000     0.00000
   -22.48893     0.00000     0.00000     0.00000     0.00000     0.00000     0.00000     0.00000     0.00000     0.00000     0.00000
   -22.36993     0.00000     0.00000     0.00000     0.00000     0.00000     0.00000     0.00000     0.00000     0.00000     0.00000
   -22.25093     0.00000     0.00000     0.00000     0.00000     0.00000     0.00000     0.00000     0.00000     0.00000     0.00000
   -22.13193     0.00000     0.00000     0.00000     0.00000     0.00000     0.00000     0.00000     0.00000     0.00000     0.00000
   -22.01293     0.00000     0.00000     0.00000     0.00000     0.00000     0.00000     0.00000     0.00000     0.00000     0.00000
   -21.89393     0.00000     0.00000     0.00000     0.00000     0.00000     0.00000     0.00000     0.00000     0.00000     0.00000
   -21.77493     0.00000     0.00000     0.00000     0.00000     0.00000     0.00000     0.00000     0.00000     0.00000     0.00000
   -21.65493     0.00000     0.00000     0.00000     0.00000     0.00000     0.00000     0.00000     0.00000     0.00000     0.00000
   -21.53593     0.00000     0.00000     0.00000     0.00000     0.00000     0.00000     0.00000     0.00000     0.00000     0.00000
   -21.41693     0.00000     0.00000     0.00000     0.00000     0.00000     0.00000     0.00000     0.00000     0.00000     0.00000
   -21.29793     0.00000     0.00000     0.00000     0.00000     0.00000     0.00000     0.00000     0.00000     0.00000     0.00000
   -21.17893     0.00000     0.00000     0.00000     0.00000     0.00000     0.00000     0.00000     0.00000     0.00000     0.00000
   -21.05993     0.00000     0.00000     0.00000     0.00000     0.00000     0.00000     0.00000     0.00000     0.00000     0.00000
   -20.94093     0.00000     0.00000     0.00000     0.00000     0.00000     0.00000     0.00000     0.00000     0.00000     0.00000
   -20.82193     0.00000     0.00000     0.00000     0.00000     0.00000     0.00000     0.00000     0.00000     0.00000     0.00000
   -20.70293     0.00000     0.00000     0.00000     0.00000     0.00000     0.00000     0.00000     0.00000     0.00000     0.00000
   -20.58393     0.00000     0.00000     0.00000     0.00000     0.00000     0.00000     0.00000     0.00000     0.00000     0.00000
   -20.46493     0.00000     0.00000     0.00000     0.00000     0.00000     0.00000     0.00000     0.00000     0.00000     0.00000
   -20.34493     0.00000     0.00000     0.00000     0.00000     0.00000     0.00000     0.00000     0.00000     0.00000     0.00000
   -20.22593     0.00001     0.00000     0.00000     0.00000     0.00000     0.00000     0.00000     0.00000     0.00000     0.00001
   -20.10693     0.00019     0.00000     0.00000     0.00000     0.00000     0.00000     0.00000     0.00000     0.00000     0.00019
   -19.98793     0.00068     0.00000     0.00000     0.00000     0.00000     0.00000     0.00000     0.00000     0.00000     0.00068
   -19.86893     0.00084     0.00000     0.00000     0.00000     0.00000     0.00000     0.00000     0.00000     0.00000     0.00085
   -19.74993     0.00082     0.00000     0.00000     0.00000     0.00000     0.00000     0.00000     0.00000     0.00000     0.00083
   -19.63093     0.00069     0.00000     0.00000     0.00000     0.00000     0.00000     0.00000     0.00000     0.00000     0.00070
   -19.51193     0.00058     0.00000     0.00000     0.00000     0.00000     0.00000     0.00000     0.00000     0.00000     0.00058
   -19.39293     0.00053     0.00000     0.00000     0.00000     0.00000     0.00000     0.00000     0.00000     0.00000     0.00053
   -19.27393     0.00049     0.00000     0.00000     0.00000     0.00000     0.00000     0.00000     0.00000     0.00000     0.00049
   -19.15493     0.00045     0.00000     0.00000     0.00000     0.00000     0.00000     0.00000     0.00000     0.00000     0.00045
   -19.03493     0.00041     0.00000     0.00000     0.00001     0.00000     0.00000     0.00000     0.00000     0.00000     0.00042
   -18.91593     0.00038     0.00000     0.00000     0.00001     0.00000     0.00000     0.00000     0.00000     0.00000     0.00039
   -18.79693     0.00035     0.00000     0.00000     0.00001     0.00000     0.00000     0.00000     0.00000     0.00000     0.00036
   -18.67793     0.00033     0.00000     0.00000     0.00001     0.00000     0.00000     0.00000     0.00000     0.00000     0.00034
   -18.55893     0.00031     0.00000     0.00000     0.00001     0.00000     0.00000     0.00000     0.00000     0.00000     0.00032
   -18.43993     0.00029     0.00000     0.00000     0.00001     0.00000     0.00000     0.00000     0.00000     0.00000     0.00030
   -18.32093     0.00027     0.00000     0.00000     0.00001     0.00000     0.00000     0.00000     0.00000     0.00000     0.00028
   -18.20193     0.00025     0.00000     0.00000     0.00001     0.00000     0.00000     0.00000     0.00000     0.00000     0.00026
   -18.08293     0.00023     0.00000     0.00000     0.00001     0.00000     0.00000     0.00000     0.00000     0.00000     0.00024
   -17.96393     0.00022     0.00000     0.00000     0.00001     0.00000     0.00000     0.00000     0.00000     0.00000     0.00023
   -17.84493     0.00020     0.00000     0.00000     0.00001     0.00000     0.00000     0.00000     0.00000     0.00000     0.00022
   -17.72493     0.00019     0.00000     0.00000     0.00001     0.00000     0.00000     0.00000     0.00000     0.00000     0.00021
   -17.60593     0.00018     0.00000     0.00000     0.00002     0.00000     0.00000     0.00000     0.00000     0.00000     0.00019
   -17.48693     0.00016     0.00000     0.00000     0.00002     0.00000     0.00000     0.00000     0.00000     0.00000     0.00019
   -17.36793     0.00015     0.00000     0.00000     0.00002     0.00000     0.00000     0.00000     0.00000     0.00000     0.00018
   -17.24893     0.00015     0.00000     0.00000     0.00002     0.00000     0.00000     0.00000     0.00000     0.00000     0.00017
   -17.12993     0.00014     0.00000     0.00000     0.00002     0.00000     0.00000     0.00000     0.00000     0.00000     0.00016
   -17.01093     0.00013     0.00000     0.00000     0.00002     0.00000     0.00000     0.00000     0.00000     0.00000     0.00015
   -16.89193     0.00012     0.00000     0.00000     0.00002     0.00000     0.00000     0.00000     0.00000     0.00000     0.00015
   -16.77293     0.00011     0.00000     0.00000     0.00003     0.00000     0.00000     0.00000     0.00000     0.00000     0.00014
   -16.65393     0.00011     0.00000     0.00000     0.00003     0.00000     0.00000     0.00000     0.00000     0.00000     0.00014
   -16.53493     0.00010     0.00000     0.00000     0.00003     0.00000     0.00000     0.00000     0.00000     0.00000     0.00014
   -16.41493     0.00010     0.00000     0.00001     0.00003     0.00000     0.00000     0.00000     0.00000     0.00000     0.00013
   -16.29593     0.00009     0.00000     0.00001     0.00003     0.00000     0.00000     0.00000     0.00000     0.00000     0.00013
   -16.17693     0.00008     0.00000     0.00001     0.00003     0.00000     0.00000     0.00000     0.00000     0.00000     0.00013
   -16.05793     0.00008     0.00000     0.00001     0.00004     0.00000     0.00000     0.00000     0.00000     0.00000     0.00012
   -15.93893     0.00007     0.00000     0.00001     0.00004     0.00000     0.00000     0.00000     0.00000     0.00000     0.00012
   -15.81993     0.00007     0.00000     0.00001     0.00004     0.00000     0.00000     0.00000     0.00000     0.00000     0.00012
   -15.70093     0.00006     0.00000     0.00001     0.00005     0.00000     0.00000     0.00000     0.00000     0.00000     0.00012
   -15.58193     0.00006     0.00000     0.00001     0.00005     0.00000     0.00000     0.00000     0.00000     0.00000     0.00012
   -15.46293     0.00005     0.00000     0.00001     0.00006     0.00000     0.00000     0.00000     0.00000     0.00000     0.00012
   -15.34393     0.00005     0.00000     0.00001     0.00006     0.00000     0.00000     0.00000     0.00000     0.00000     0.00012
   -15.22493     0.00005     0.00000     0.00001     0.00007     0.00000     0.00000     0.00000     0.00000     0.00000     0.00012
   -15.10493     0.00004     0.00000     0.00001     0.00008     0.00000     0.00000     0.00000     0.00000     0.00000     0.00013
   -14.98593     0.00004     0.00000     0.00001     0.00009     0.00000     0.00000     0.00000     0.00000     0.00000     0.00014
   -14.86693     0.00003     0.00001     0.00001     0.00012     0.00000     0.00000     0.00000     0.00000     0.00000     0.00016
   -14.74793     0.00002     0.00001     0.00000     0.00012     0.00000     0.00000     0.00000     0.00000     0.00000     0.00015
   -14.62893     0.00002     0.00000     0.00000     0.00010     0.00000     0.00000     0.00000     0.00000     0.00000     0.00012
   -14.50993     0.00001     0.00000     0.00000     0.00008     0.00000     0.00000     0.00000     0.00000     0.00000     0.00010
   -14.39093     0.00001     0.00000     0.00000     0.00007     0.00000     0.00000     0.00000     0.00000     0.00000     0.00009
   -14.27193     0.00001     0.00000     0.00000     0.00007     0.00000     0.00000     0.00000     0.00000     0.00000     0.00008
   -14.15293     0.00001     0.00000     0.00000     0.00006     0.00000     0.00000     0.00000     0.00000     0.00000     0.00007
   -14.03393     0.00001     0.00000     0.00000     0.00006     0.00000     0.00000     0.00000     0.00000     0.00000     0.00007
   -13.91493     0.00001     0.00000     0.00000     0.00005     0.00000     0.00000     0.00000     0.00000     0.00000     0.00006
   -13.79493     0.00002     0.00000     0.00001     0.00005     0.00000     0.00000     0.00000     0.00000     0.00000     0.00008
   -13.67593     0.00005     0.00000     0.00002     0.00005     0.00000     0.00000     0.00000     0.00000     0.00000     0.00012
   -13.55693     0.00006     0.00000     0.00002     0.00006     0.00000     0.00000     0.00000     0.00000     0.00000     0.00014
   -13.43793     0.00006     0.00000     0.00002     0.00006     0.00000     0.00000     0.00000     0.00000     0.00000     0.00014
   -13.31893     0.00005     0.00000     0.00002     0.00007     0.00000     0.00000     0.00000     0.00000     0.00000     0.00015
   -13.19993     0.00005     0.00000     0.00003     0.00008     0.00000     0.00000     0.00000     0.00000     0.00000     0.00016
   -13.08093     0.00005     0.00000     0.00003     0.00012     0.00000     0.00000     0.00000     0.00000     0.00000     0.00020
   -12.96193     0.00005     0.00000     0.00003     0.00019     0.00000     0.00000     0.00000     0.00000     0.00000     0.00028
   -12.84293     0.00005     0.00000     0.00003     0.00024     0.00000     0.00000     0.00000     0.00000     0.00000     0.00032
   -12.72393     0.00004     0.00000     0.00003     0.00024     0.00000     0.00000     0.00000     0.00000     0.00000     0.00031
   -12.60493     0.00004     0.00000     0.00002     0.00025     0.00000     0.00000     0.00000     0.00000     0.00000     0.00032
   -12.48493     0.00003     0.00000     0.00002     0.00028     0.00000     0.00000     0.00000     0.00000     0.00000     0.00034
   -12.36593     0.00003     0.00000     0.00002     0.00032     0.00000     0.00000     0.00000     0.00000     0.00000     0.00037
   -12.24693     0.00003     0.00000     0.00002     0.00036     0.00000     0.00000     0.00000     0.00000     0.00000     0.00041
   -12.12793     0.00002     0.00000     0.00002     0.00041     0.00000     0.00000     0.00000     0.00000     0.00000     0.00046
   -12.00893     0.00002     0.00000     0.00002     0.00048     0.00000     0.00000     0.00000     0.00000     0.00000     0.00053
   -11.88993     0.00002     0.00000     0.00002     0.00057     0.00000     0.00000     0.00000     0.00000     0.00000     0.00062
   -11.77093     0.00002     0.00000     0.00002     0.00070     0.00000     0.00000     0.00000     0.00000     0.00000     0.00074
   -11.65193     0.00002     0.00000     0.00002     0.00088     0.00000     0.00000     0.00000     0.00000     0.00000     0.00092
   -11.53293     0.00002     0.00000     0.00002     0.00115     0.00000     0.00000     0.00000     0.00000     0.00000     0.00119
   -11.41393     0.00002     0.00000     0.00002     0.00159     0.00000     0.00000     0.00000     0.00000     0.00000     0.00164
   -11.29493     0.00002     0.00000     0.00002     0.00239     0.00000     0.00000     0.00000     0.00000     0.00000     0.00244
   -11.17493     0.00002     0.00000     0.00003     0.00400     0.00000     0.00000     0.00000     0.00000     0.00000     0.00405
   -11.05593     0.00003     0.00000     0.00005     0.01222     0.00000     0.00000     0.00000     0.00000     0.00000     0.01230
   -10.93693     0.00004     0.00000     0.00007     0.29710     0.00000     0.00000     0.00000     0.00000     0.00000     0.29721
   -10.81793     0.00004     0.00000     0.00007     2.18700     0.00000     0.00000     0.00000     0.00000     0.00000     2.18712
   -10.69893     0.00004     0.00000     0.00008     1.85600     0.00000     0.00000     0.00000     0.00000     0.00000     1.85612
   -10.57993     0.00004     0.00000     0.00008     0.18510     0.00000     0.00000     0.00000     0.00000     0.00000     0.18523
   -10.46093     0.00004     0.00000     0.00009     0.00965     0.00000     0.00000     0.00000     0.00000     0.00000     0.00978
   -10.34193     0.00004     0.00000     0.00009     0.00381     0.00000     0.00000     0.00000     0.00000     0.00000     0.00395
   -10.22293     0.00004     0.00000     0.00010     0.00224     0.00000     0.00000     0.00000     0.00000     0.00000     0.00239
   -10.10393     0.00004     0.00001     0.00011     0.00148     0.00000     0.00000     0.00000     0.00000     0.00000     0.00164
    -9.98493     0.00005     0.00001     0.00012     0.00106     0.00000     0.00000     0.00000     0.00000     0.00000     0.00123
    -9.86493     0.00005     0.00001     0.00014     0.00081     0.00000     0.00000     0.00000     0.00000     0.00000     0.00100
    -9.74593     0.00005     0.00001     0.00015     0.00063     0.00000     0.00000     0.00000     0.00000     0.00000     0.00083
    -9.62693     0.00005     0.00001     0.00017     0.00051     0.00000     0.00000     0.00000     0.00000     0.00000     0.00074
    -9.50793     0.00006     0.00001     0.00019     0.00041     0.00000     0.00000     0.00000     0.00000     0.00000     0.00067
    -9.38893     0.00006     0.00001     0.00022     0.00035     0.00000     0.00000     0.00000     0.00000     0.00000     0.00063
    -9.26993     0.00007     0.00001     0.00026     0.00030     0.00000     0.00000     0.00000     0.00000     0.00000     0.00063
    -9.15093     0.00007     0.00001     0.00030     0.00026     0.00000     0.00000     0.00000     0.00000     0.00000     0.00064
    -9.03193     0.00009     0.00001     0.00037     0.00023     0.00000     0.00000     0.00000     0.00000     0.00000     0.00069
    -8.91293     0.00010     0.00001     0.00046     0.00020     0.00000     0.00000     0.00000     0.00000     0.00000     0.00077
    -8.79393     0.00012     0.00001     0.00060     0.00018     0.00000     0.00000     0.00000     0.00000     0.00000     0.00091
    -8.67493     0.00017     0.00001     0.00086     0.00016     0.00000     0.00000     0.00000     0.00000     0.00000     0.00120
    -8.55493     0.00028     0.00001     0.00155     0.00015     0.00000     0.00000     0.00000     0.00000     0.00000     0.00199
    -8.43593     0.00296     0.00001     0.01772     0.00014     0.00000     0.00000     0.00000     0.00000     0.00000     0.02083
    -8.31693     0.03087     0.00002     0.19170     0.00017     0.00000     0.00000     0.00000     0.00000     0.00000     0.22276
    -8.19793     0.10640     0.00003     0.69740     0.00022     0.00000     0.00000     0.00000     0.00000     0.00000     0.80405
    -8.07893     0.10490     0.00002     0.70800     0.00016     0.00000     0.00000     0.00000     0.00000     0.00000     0.81309
    -7.95993     0.02033     0.00002     0.14740     0.00013     0.00000     0.00000     0.00000     0.00000     0.00000     0.16788
    -7.84093     0.05725     0.00018     0.53180     0.00067     0.00000     0.00000     0.00000     0.00000     0.00000     0.58990
    -7.72193     0.09715     0.00050     0.90830     0.00171     0.00000     0.00000     0.00000     0.00000     0.00000     1.00766
    -7.60293     0.02792     0.00033     0.28330     0.00096     0.00000     0.00000     0.00000     0.00000     0.00000     0.31251
    -7.48393     0.02321     0.00033     0.28030     0.00076     0.00000     0.00000     0.00000     0.00000     0.00000     0.30460
    -7.36493     0.01904     0.00045     0.25380     0.00089     0.00000     0.00000     0.00000     0.00000     0.00000     0.27419
    -7.24493     0.01311     0.00067     0.19510     0.00112     0.00000     0.00000     0.00000     0.00000     0.00000     0.21000
    -7.12593     0.00731     0.00097     0.12270     0.00134     0.00000     0.00000     0.00000     0.00000     0.00000     0.13232
    -7.00693     0.00402     0.00135     0.07699     0.00157     0.00000     0.00000     0.00000     0.00000     0.00000     0.08394
    -6.88793     0.00227     0.00168     0.05023     0.00164     0.00000     0.00000     0.00000     0.00000     0.00000     0.05582
    -6.76893     0.00171     0.00178     0.04440     0.00141     0.00000     0.00000     0.00000     0.00000     0.00000     0.04930
    -6.64993     0.00128     0.00224     0.03813     0.00140     0.00000     0.00000     0.00000     0.00000     0.00000     0.04306
    -6.53093     0.00083     0.00298     0.02861     0.00148     0.00000     0.00000     0.00000     0.00000     0.00000     0.03390
    -6.41193     0.00057     0.00355     0.02359     0.00141     0.00000     0.00000     0.00000     0.00000     0.00000     0.02912
    -6.29293     0.00044     0.00436     0.02193     0.00134     0.00000     0.00000     0.00000     0.00000     0.00000     0.02807
    -6.17393     0.00031     0.00587     0.01864     0.00136     0.00000     0.00000     0.00000     0.00000     0.00000     0.02618
    -6.05493     0.00021     0.00816     0.01564     0.00139     0.00000     0.00000     0.00000     0.00000     0.00000     0.02540
    -5.93493     0.00015     0.01179     0.01320     0.00142     0.00000     0.00000     0.00000     0.00000     0.00000     0.02656
    -5.81593     0.00010     0.01799     0.01127     0.00145     0.00000     0.00000     0.00000     0.00000     0.00000     0.03080
    -5.69693     0.00006     0.03023     0.00968     0.00147     0.00000     0.00000     0.00000     0.00000     0.00000     0.04144
    -5.57793     0.00004     0.06191     0.00820     0.00151     0.00000     0.00000     0.00000     0.00000     0.00000     0.07166
    -5.45893     0.00002     0.18060     0.00651     0.00161     0.00000     0.00000     0.00000     0.00000     0.00000     0.18874
    -5.33993     0.00001     0.70310     0.00475     0.00166     0.00000     0.00000     0.00000     0.00000     0.00000     0.70952
    -5.22093     0.00001     2.35000     0.00685     0.00135     0.00000     0.00000     0.00000     0.00000     0.00000     2.35821
    -5.10193     0.00001     1.59200     0.00658     0.00131     0.00000     0.00000     0.00000     0.00000     0.00000     1.59989
    -4.98293     0.00000     0.31100     0.00450     0.00145     0.00000     0.00000     0.00000     0.00000     0.00000     0.31695
    -4.86393     0.00000     0.10310     0.00408     0.00149     0.00000     0.00000     0.00000     0.00000     0.00000     0.10866
    -4.74493     0.00000     0.05120     0.00370     0.00148     0.00000     0.00000     0.00000     0.00000     0.00000     0.05639
    -4.62493     0.00000     0.03176     0.00331     0.00150     0.00000     0.00000     0.00000     0.00000     0.00000     0.03658
    -4.50593     0.00000     0.02207     0.00298     0.00151     0.00000     0.00000     0.00000     0.00000     0.00000     0.02657
    -4.38693     0.00001     0.01587     0.00282     0.00142     0.00000     0.00000     0.00000     0.00000     0.00000     0.02012
    -4.26793     0.00001     0.01199     0.00259     0.00141     0.00000     0.00000     0.00000     0.00000     0.00000     0.01600
    -4.14893     0.00001     0.00964     0.00236     0.00143     0.00000     0.00000     0.00000     0.00000     0.00000     0.01344
    -4.02993     0.00001     0.00800     0.00215     0.00147     0.00000     0.00000     0.00000     0.00000     0.00000     0.01163
    -3.91093     0.00001     0.00673     0.00192     0.00148     0.00000     0.00000     0.00000     0.00000     0.00000     0.01015
    -3.79193     0.00001     0.00588     0.00174     0.00152     0.00000     0.00000     0.00000     0.00000     0.00000     0.00916
    -3.67293     0.00002     0.00523     0.00157     0.00160     0.00000     0.00000     0.00000     0.00000     0.00000     0.00841
    -3.55393     0.00002     0.00467     0.00137     0.00166     0.00000     0.00000     0.00000     0.00000     0.00000     0.00773
    -3.43493     0.00002     0.00436     0.00122     0.00182     0.00000     0.00000     0.00000     0.00000     0.00000     0.00741
    -3.31493     0.00002     0.00420     0.00104     0.00200     0.00000     0.00000     0.00000     0.00000     0.00000     0.00726
    -3.19593     0.00002     0.00417     0.00087     0.00205     0.00000     0.00000     0.00000     0.00000     0.00000     0.00711
    -3.07693     0.00002     0.00403     0.00083     0.00195     0.00000     0.00000     0.00000     0.00000     0.00000     0.00683
    -2.95793     0.00002     0.00417     0.00072     0.00195     0.00000     0.00000     0.00000     0.00000     0.00000     0.00685
    -2.83893     0.00002     0.00337     0.00055     0.00174     0.00000     0.00000     0.00000     0.00000     0.00000     0.00566
    -2.71993     0.00001     0.00233     0.00045     0.00141     0.00000     0.00000     0.00000     0.00000     0.00000     0.00420
    -2.60093     0.00001     0.00173     0.00035     0.00118     0.00000     0.00000     0.00000     0.00000     0.00000     0.00328
    -2.48193     0.00001     0.00135     0.00028     0.00099     0.00000     0.00000     0.00000     0.00000     0.00000     0.00263
    -2.36293     0.00001     0.00112     0.00024     0.00084     0.00000     0.00000     0.00000     0.00000     0.00000     0.00222
    -2.24393     0.00001     0.00092     0.00019     0.00071     0.00000     0.00000     0.00000     0.00000     0.00000     0.00183
    -2.12493     0.00001     0.00075     0.00015     0.00065     0.00000     0.00000     0.00000     0.00000     0.00000     0.00156
    -2.00493     0.00001     0.00063     0.00012     0.00060     0.00000     0.00000     0.00000     0.00000     0.00000     0.00136
    -1.88593     0.00001     0.00051     0.00010     0.00053     0.00000     0.00000     0.00000     0.00000     0.00000     0.00114
    -1.76693     0.00001     0.00041     0.00008     0.00046     0.00000     0.00000     0.00000     0.00000     0.00000     0.00096
    -1.64793     0.00001     0.00034     0.00006     0.00039     0.00000     0.00000     0.00000     0.00000     0.00000     0.00080
    -1.52893     0.00001     0.00027     0.00005     0.00032     0.00000     0.00000     0.00000     0.00000     0.00000     0.00065
    -1.40993     0.00001     0.00022     0.00004     0.00028     0.00000     0.00000     0.00000     0.00000     0.00000     0.00054
    -1.29093     0.00001     0.00017     0.00003     0.00024     0.00000     0.00000     0.00000     0.00000     0.00000     0.00044
    -1.17193     0.00001     0.00013     0.00002     0.00019     0.00000     0.00000     0.00000     0.00000     0.00000     0.00035
    -1.05293     0.00000     0.00010     0.00002     0.00015     0.00000     0.00000     0.00000     0.00000     0.00000     0.00027
    -0.93393     0.00000     0.00007     0.00001     0.00011     0.00000     0.00000     0.00000     0.00000     0.00000     0.00019
    -0.81493     0.00000     0.00004     0.00001     0.00007     0.00000     0.00000     0.00000     0.00000     0.00000     0.00012
    -0.69493     0.00000     0.00002     0.00000     0.00004     0.00000     0.00000     0.00000     0.00000     0.00000     0.00006
    -0.57593     0.00000     0.00001     0.00000     0.00002     0.00000     0.00000     0.00000     0.00000     0.00000     0.00003
    -0.45693     0.00000     0.00002     0.00000     0.00004     0.00000     0.00000     0.00000     0.00000     0.00000     0.00006
    -0.33793     0.00001     0.00003     0.00001     0.00007     0.00000     0.00000     0.00000     0.00000     0.00000     0.00012
    -0.21893     0.00022     0.00005     0.00007     0.00011     0.00000     0.00000     0.00000     0.00000     0.00000     0.00044
    -0.09993     0.00842     0.00006     0.00233     0.00014     0.00000     0.00000     0.00000     0.00000     0.00000     0.01096
     0.01907     0.03666     0.00007     0.01025     0.00018     0.00000     0.00000     0.00000     0.00000     0.00000     0.04716
     0.13807     0.01865     0.00008     0.00535     0.00022     0.00000     0.00000     0.00000     0.00000     0.00000     0.02429
     0.25707     0.00100     0.00008     0.00042     0.00025     0.00000     0.00000     0.00000     0.00000     0.00000     0.00176
     0.37607     0.00002     0.00009     0.00017     0.00029     0.00000     0.00000     0.00000     0.00000     0.00000     0.00056
     0.49507     0.00003     0.00010     0.00023     0.00034     0.00000     0.00000     0.00000     0.00000     0.00000     0.00070
     0.61507     0.00005     0.00011     0.00033     0.00039     0.00000     0.00000     0.00000     0.00000     0.00000     0.00088
     0.73407     0.00009     0.00012     0.00047     0.00045     0.00000     0.00000     0.00000     0.00000     0.00000     0.00113
     0.85307     0.00018     0.00014     0.00083     0.00052     0.00000     0.00000     0.00000     0.00000     0.00000     0.00167
     0.97207     0.00046     0.00014     0.00202     0.00055     0.00000     0.00000     0.00000     0.00000     0.00000     0.00317
     1.09107     0.00079     0.00011     0.00322     0.00048     0.00000     0.00000     0.00000     0.00000     0.00000     0.00461
     1.21007     0.00074     0.00009     0.00271     0.00040     0.00000     0.00000     0.00000     0.00000     0.00000     0.00395
     1.32907     0.00074     0.00007     0.00222     0.00035     0.00000     0.00000     0.00000     0.00000     0.00000     0.00338
     1.44807     0.00084     0.00006     0.00200     0.00031     0.00000     0.00000     0.00000     0.00000     0.00000     0.00321
     1.56707     0.00089     0.00030     0.00163     0.00098     0.00000     0.00000     0.00000     0.00000     0.00000     0.00380
     1.68607     0.00223     0.00330     0.00208     0.00563     0.00000     0.00000     0.00000     0.00000     0.00000     0.01324
     1.80507     0.01348     0.00900     0.00652     0.00773     0.00000     0.00000     0.00000     0.00000     0.00000     0.03674
     1.92507     0.04476     0.00881     0.01452     0.00542     0.00000     0.00000     0.00000     0.00000     0.00000     0.07351
     2.04407     0.09366     0.01165     0.02503     0.00706     0.00000     0.00000     0.00000     0.00000     0.00000     0.13740
     2.16307     0.05221     0.01532     0.01331     0.00597     0.00000     0.00000     0.00000     0.00000     0.00000     0.08681
     2.28207     0.00563     0.00833     0.00146     0.00171     0.00000     0.00000     0.00000     0.00000     0.00000     0.01713
     2.40107     0.00048     0.00133     0.00064     0.00048     0.00000     0.00000     0.00000     0.00000     0.00000     0.00292
     2.52007     0.00019     0.00042     0.00194     0.00048     0.00000     0.00000     0.00000     0.00000     0.00000     0.00304
     2.63907     0.00021     0.00086     0.00518     0.00074     0.00000     0.00000     0.00000     0.00000     0.00000     0.00699
     2.75807     0.00083     0.00150     0.00999     0.00383     0.00000     0.00000     0.00000     0.00000     0.00000     0.01614
     2.87707     0.00333     0.00388     0.01187     0.01469     0.00000     0.00000     0.00000     0.00000     0.00000     0.03377
     2.99607     0.00894     0.00681     0.01415     0.01678     0.00000     0.00000     0.00000     0.00000     0.00000     0.04668
     3.11507     0.01690     0.00558     0.02096     0.01210     0.00000     0.00000     0.00000     0.00000     0.00000     0.05554
     3.23507     0.02107     0.00449     0.01791     0.01004     0.00000     0.00000     0.00000     0.00000     0.00000     0.05351
     3.35407     0.02009     0.00671     0.01718     0.01235     0.00000     0.00000     0.00000     0.00000     0.00000     0.05633
     3.47307     0.01361     0.00583     0.01595     0.01621     0.00000     0.00000     0.00000     0.00000     0.00000     0.05160
     3.59207     0.01058     0.00587     0.01227     0.02521     0.00000     0.00000     0.00000     0.00000     0.00000     0.05393
     3.71107     0.00692     0.00992     0.00787     0.02989     0.00000     0.00000     0.00000     0.00000     0.00000     0.05459
     3.83007     0.00695     0.00969     0.01008     0.02885     0.00000     0.00000     0.00000     0.00000     0.00000     0.05557
     3.94907     0.00932     0.01058     0.01967     0.02331     0.00000     0.00000     0.00000     0.00000     0.00000     0.06288
     4.06807     0.01140     0.00830     0.02986     0.01693     0.00000     0.00000     0.00000     0.00000     0.00000     0.06649
     4.18707     0.01275     0.00748     0.04636     0.02797     0.00000     0.00000     0.00000     0.00000     0.00000     0.09456
     4.30607     0.00967     0.01047     0.03259     0.04454     0.00000     0.00000     0.00000     0.00000     0.00000     0.09727
     4.42507     0.00792     0.01203     0.01506     0.03147     0.00000     0.00000     0.00000     0.00000     0.00000     0.06648
     4.54507     0.00962     0.01158     0.00882     0.02496     0.00000     0.00000     0.00000     0.00000     0.00000     0.05498
     4.66407     0.00999     0.01037     0.00811     0.03062     0.00000     0.00000     0.00000     0.00000     0.00000     0.05909
     4.78307     0.00791     0.00995     0.00827     0.04138     0.00000     0.00000     0.00000     0.00000     0.00000     0.06751
     4.90207     0.00741     0.00928     0.01129     0.04886     0.00000     0.00000     0.00000     0.00000     0.00000     0.07684
     5.02107     0.00722     0.00900     0.01463     0.04201     0.00000     0.00000     0.00000     0.00000     0.00000     0.07286
     5.14007     0.00734     0.00871     0.01599     0.04076     0.00000     0.00000     0.00000     0.00000     0.00000     0.07280
     5.25907     0.00833     0.01139     0.02160     0.04588     0.00000     0.00000     0.00000     0.00000     0.00000     0.08720
     5.37807     0.00810     0.01124     0.01954     0.04701     0.00000     0.00000     0.00000     0.00000     0.00000     0.08589
     5.49707     0.00724     0.00975     0.01512     0.04832     0.00000     0.00000     0.00000     0.00000     0.00000     0.08042
     5.61607     0.00714     0.00916     0.02283     0.04046     0.00000     0.00000     0.00000     0.00000     0.00000     0.07959
     5.73507     0.00616     0.01015     0.02383     0.03941     0.00000     0.00000     0.00000     0.00000     0.00000     0.07955
     5.85507     0.00539     0.01005     0.01307     0.03425     0.00000     0.00000     0.00000     0.00000     0.00000     0.06276
     5.97407     0.00316     0.00540     0.00716     0.01869     0.00000     0.00000     0.00000     0.00000     0.00000     0.03442
     6.09307     0.00063     0.00091     0.00175     0.00463     0.00000     0.00000     0.00000     0.00000     0.00000     0.00792
     6.21207     0.00002     0.00003     0.00008     0.00023     0.00000     0.00000     0.00000     0.00000     0.00000     0.00036
     6.33107     0.00000     0.00000     0.00000     0.00000     0.00000     0.00000     0.00000     0.00000     0.00000     0.00000
     6.45007     0.00000     0.00000     0.00000     0.00000     0.00000     0.00000     0.00000     0.00000     0.00000     0.00000
     6.56907     0.00000     0.00000     0.00000     0.00000     0.00000     0.00000     0.00000     0.00000     0.00000     0.00000
     6.68807     0.00000     0.00000     0.00000     0.00000     0.00000     0.00000     0.00000     0.00000     0.00000     0.00000
     6.80707     0.00000     0.00000     0.00000     0.00000     0.00000     0.00000     0.00000     0.00000     0.00000     0.00000
     6.92607     0.00000     0.00000     0.00000     0.00000     0.00000     0.00000     0.00000     0.00000     0.00000     0.00000
     7.04507     0.00000     0.00000     0.00000     0.00000     0.00000     0.00000     0.00000     0.00000     0.00000     0.00000
     7.16507     0.00000     0.00000     0.00000     0.00000     0.00000     0.00000     0.00000     0.00000     0.00000     0.00000
     7.28407     0.00000     0.00000     0.00000     0.00000     0.00000     0.00000     0.00000     0.00000     0.00000     0.00000
     7.40307     0.00000     0.00000     0.00000     0.00000     0.00000     0.00000     0.00000     0.00000     0.00000     0.00000
     7.52207     0.00000     0.00000     0.00000     0.00000     0.00000     0.00000     0.00000     0.00000     0.00000     0.00000
     7.64107     0.00000     0.00000     0.00000     0.00000     0.00000     0.00000     0.00000     0.00000     0.00000     0.00000
     7.76007     0.00000     0.00000     0.00000     0.00000     0.00000     0.00000     0.00000     0.00000     0.00000     0.00000
     7.87907     0.00000     0.00000     0.00000     0.00000     0.00000     0.00000     0.00000     0.00000     0.00000     0.00000
     7.99807     0.00000     0.00000     0.00000     0.00000     0.00000     0.00000     0.00000     0.00000     0.00000     0.00000
