      #Energy        TDOS-UP        TDOS-DOWN
     -27.72893       0.00000       0.00000
     -27.60993       0.00000       0.00000
     -27.49093       0.00000       0.00000
     -27.37193       0.00000       0.00000
     -27.25293       0.00000       0.00000
     -27.13393       0.00000       0.00000
     -27.01493       0.00000       0.00000
     -26.89493       0.00000       0.00000
     -26.77593       0.00000       0.00000
     -26.65693       0.00000       0.00000
     -26.53793       0.00000      -0.00000
     -26.41893       0.00006      -0.00000
     -26.29993       0.04019      -0.00310
     -26.18093       2.23600      -0.52160
     -26.06193      12.51000      -7.71900
     -25.94293       9.38400     -13.53000
     -25.82393       1.00300      -3.31600
     -25.70493       0.01209      -0.10170
     -25.58493       0.00001      -0.00029
     -25.46593       0.00000      -0.00000
     -25.34693       0.00000      -0.00000
     -25.22793       0.00000       0.00000
     -25.10893       0.00000       0.00000
     -24.98993       0.00000       0.00000
     -24.87093       0.00000       0.00000
     -24.75193       0.00000       0.00000
     -24.63293       0.00000       0.00000
     -24.51393       0.00000       0.00000
     -24.39493       0.00000       0.00000
     -24.27493       0.00000       0.00000
     -24.15593       0.00000       0.00000
     -24.03693       0.00000       0.00000
     -23.91793       0.00000       0.00000
     -23.79893       0.00000       0.00000
     -23.67993       0.00000      -0.00000
     -23.56093       0.00000      -0.00000
     -23.44193       0.00010      -0.00005
     -23.32293       0.04524      -0.03098
     -23.20393       1.58000      -1.31300
     -23.08493       5.03900      -4.99500
     -22.96493       1.68100      -1.98500
     -22.84593       0.05152      -0.07367
     -22.72693       0.00012      -0.00021
     -22.60793       0.00000      -0.00000
     -22.48893       0.00000      -0.00000
     -22.36993       0.00000       0.00000
     -22.25093       0.00000       0.00000
     -22.13193       0.00000       0.00000
     -22.01293       0.00000       0.00000
     -21.89393       0.00000       0.00000
     -21.77493       0.00000       0.00000
     -21.65493       0.00000       0.00000
     -21.53593       0.00000       0.00000
     -21.41693       0.00000       0.00000
     -21.29793       0.00000       0.00000
     -21.17893       0.00000       0.00000
     -21.05993       0.00000       0.00000
     -20.94093       0.00000       0.00000
     -20.82193       0.00000       0.00000
     -20.70293       0.00000       0.00000
     -20.58393       0.00000      -0.00000
     -20.46493       0.00000      -0.00000
     -20.34493       0.00012      -0.00012
     -20.22593       0.02431      -0.02420
     -20.10693       0.52120      -0.52000
     -19.98793       1.87200      -1.87100
     -19.86893       2.43800      -2.43800
     -19.74993       2.46900      -2.46900
     -19.63093       2.45100      -2.45100
     -19.51193       2.46900      -2.46900
     -19.39293       2.47600      -2.47600
     -19.27393       2.48000      -2.48000
     -19.15493       2.48300      -2.48300
     -19.03493       2.48700      -2.48700
     -18.91593       2.49000      -2.49000
     -18.79693       2.49500      -2.49500
     -18.67793       2.49900      -2.49900
     -18.55893       2.50300      -2.50300
     -18.43993       2.50700      -2.50700
     -18.32093       2.51200      -2.51200
     -18.20193       2.51700      -2.51700
     -18.08293       2.52200      -2.52200
     -17.96393       2.52700      -2.52700
     -17.84493       2.53200      -2.53200
     -17.72493       2.53700      -2.53700
     -17.60593       2.54400      -2.54400
     -17.48693       2.55000      -2.55000
     -17.36793       2.55800      -2.55800
     -17.24893       2.56400      -2.56400
     -17.12993       2.56900      -2.56900
     -17.01093       2.57700      -2.57700
     -16.89193       2.59000      -2.59000
     -16.77293       2.59600      -2.59600
     -16.65393       2.60000      -2.60000
     -16.53493       2.61100      -2.61100
     -16.41493       2.63200      -2.63200
     -16.29593       2.64200      -2.64200
     -16.17693       2.64400      -2.64400
     -16.05793       2.67200      -2.67200
     -15.93893       2.69500      -2.69500
     -15.81993       2.69700      -2.69700
     -15.70093       2.73400      -2.73400
     -15.58193       2.77700      -2.77700
     -15.46293       2.78800      -2.78800
     -15.34393       2.85400      -2.85400
     -15.22493       2.94100      -2.94100
     -15.10493       3.02700      -3.02700
     -14.98593       3.29800      -3.29700
     -14.86693       3.75200      -3.75200
     -14.74793       3.46900      -3.47000
     -14.62893       2.71400      -2.71500
     -14.50993       2.21800      -2.21800
     -14.39093       1.86900      -1.87000
     -14.27193       1.65300      -1.65400
     -14.15293       1.41600      -1.41600
     -14.03393       1.20200      -1.20200
     -13.91493       1.09700      -1.09700
     -13.79493       1.48000      -1.47900
     -13.67593       2.35400      -2.35300
     -13.55693       2.61500      -2.61500
     -13.43793       2.63100      -2.63100
     -13.31893       2.63600      -2.63600
     -13.19993       2.67700      -2.67600
     -13.08093       2.94400      -2.94400
     -12.96193       3.59500      -3.59500
     -12.84293       3.77400      -3.77500
     -12.72393       3.34900      -3.34900
     -12.60493       3.09000      -3.09000
     -12.48493       2.93300      -2.93300
     -12.36593       2.81700      -2.81700
     -12.24693       2.72200      -2.72200
     -12.12793       2.63700      -2.63700
     -12.00893       2.56000      -2.56000
     -11.88993       2.49000      -2.49000
     -11.77093       2.42500      -2.42500
     -11.65193       2.36400      -2.36400
     -11.53293       2.30800      -2.30800
     -11.41393       2.25500      -2.25500
     -11.29493       2.20400      -2.20400
     -11.17493       2.22500      -2.22400
     -11.05593       2.56700      -2.56200
     -10.93693       3.37100      -3.18800
     -10.81793       6.88300      -6.37200
     -10.69893       6.28600      -6.80900
     -10.57993       3.24800      -3.41900
     -10.46093       2.94300      -2.94700
     -10.34193       2.93700      -2.93700
     -10.22293       2.98000      -2.98000
     -10.10393       2.99200      -2.99200
      -9.98493       2.99500      -2.99500
      -9.86493       3.05800      -3.05800
      -9.74593       3.04500      -3.04500
      -9.62693       3.09600      -3.09600
      -9.50793       3.12800      -3.12800
      -9.38893       3.13800      -3.13800
      -9.26993       3.20700      -3.20700
      -9.15093       3.20600      -3.20600
      -9.03193       3.27500      -3.27500
      -8.91293       3.30100      -3.30100
      -8.79393       3.34900      -3.34900
      -8.67493       3.42300      -3.42300
      -8.55493       3.45300      -3.45200
      -8.43593       3.66100      -3.64100
      -8.31693       4.94100      -4.81100
      -8.19793       7.21000      -7.00500
      -8.07893       6.64500      -6.85500
      -7.95993       4.39700      -4.50100
      -7.84093       6.09100      -5.79800
      -7.72193       8.69500      -8.82700
      -7.60293       6.51100      -6.63600
      -7.48393       6.80500      -6.78900
      -7.36493       7.17500      -7.19200
      -7.24493       7.50700      -7.53200
      -7.12593       8.02600      -8.04400
      -7.00693       9.10100      -9.11100
      -6.88793       9.04400      -9.05000
      -6.76893       7.82700      -7.82800
      -6.64993       7.12600      -7.12900
      -6.53093       6.69100      -6.69300
      -6.41193       6.35400      -6.35500
      -6.29293       6.10700      -6.10800
      -6.17393       5.93000      -5.93000
      -6.05493       5.73200      -5.73300
      -5.93493       5.59600      -5.59600
      -5.81593       5.47800      -5.47700
      -5.69693       5.36000      -5.35700
      -5.57793       5.32200      -5.31400
      -5.45893       5.40700      -5.37600
      -5.33993       5.97800      -5.81700
      -5.22093       8.50900      -8.29100
      -5.10193       7.23200      -7.54700
      -4.98293       5.19400      -5.27800
      -4.86393       4.88500      -4.89900
      -4.74493       4.75100      -4.75500
      -4.62493       4.66500      -4.66700
      -4.50593       4.61200      -4.61300
      -4.38693       4.57300      -4.57400
      -4.26793       4.52500      -4.52500
      -4.14893       4.50600      -4.50600
      -4.02993       4.50800      -4.50800
      -3.91093       4.47600      -4.47500
      -3.79193       4.48300      -4.48300
      -3.67293       4.36300      -4.36300
      -3.55393       3.55500      -3.55500
      -3.43493       3.06300      -3.06300
      -3.31493       3.18000      -3.17900
      -3.19593       3.37300      -3.37200
      -3.07693       3.87500      -3.87300
      -2.95793       4.61400      -4.61300
      -2.83893       4.06400      -4.06800
      -2.71993       3.20200      -3.20400
      -2.60093       2.67500      -2.67600
      -2.48193       2.29200      -2.29300
      -2.36293       2.07100      -2.07200
      -2.24393       1.83700      -1.83700
      -2.12493       1.62000      -1.62100
      -2.00493       1.47500      -1.47600
      -1.88593       1.29700      -1.29700
      -1.76693       1.14400      -1.14500
      -1.64793       1.02400      -1.02500
      -1.52893       0.88540      -0.88570
      -1.40993       0.76150      -0.76200
      -1.29093       0.65290      -0.65340
      -1.17193       0.53400      -0.53430
      -1.05293       0.42110      -0.42150
      -0.93393       0.31640      -0.31680
      -0.81493       0.20880      -0.20920
      -0.69493       0.10540      -0.10570
      -0.57593       0.05722      -0.05717
      -0.45693       0.11890      -0.11840
      -0.33793       0.22850      -0.22780
      -0.21893       0.37250      -0.34540
      -0.09993       1.55500      -0.46470
       0.01907       5.33000      -0.59240
       0.13807       3.14800      -0.74060
       0.25707       1.02600      -0.89610
       0.37607       1.06200      -1.06200
       0.49507       1.28800      -1.29000
       0.61507       1.56200      -1.56700
       0.73407       1.91100      -1.93400
       0.85307       2.52400      -2.86700
       0.97207       3.89800      -6.41300
       1.09107       5.21800      -9.25100
       1.21007       4.39000      -5.64400
       1.32907       3.52600      -3.63000
       1.44807       3.10400      -3.12300
       1.56707       3.05100      -2.82500
       1.68607       4.78200      -2.65300
       1.80507       6.71000      -2.59500
       1.92507       7.01400      -2.43500
       2.04407       9.24700      -2.34400
       2.16307       7.53600      -2.31000
       2.28207       3.72700      -2.89500
       2.40107       2.41600      -5.34100
       2.52007       2.51800      -6.27200
       2.63907       3.23800      -5.81800
       2.75807       4.51300      -5.19000
       2.87707       6.25100      -4.70700
       2.99607       7.15000      -4.78800
       3.11507       7.93400      -5.28900
       3.23507       7.63500      -5.86200
       3.35407       8.59000      -7.82300
       3.47307       7.55000      -7.92000
       3.59207       7.42500      -6.83100
       3.71107       7.86000      -7.19000
       3.83007       8.31200      -7.89500
       3.94907       9.55300      -7.61600
       4.06807       9.43400      -7.98300
       4.18707      10.31000      -8.80500
       4.30607      10.75000      -8.35100
       4.42507       9.61400      -8.85600
       4.54507       9.57400      -9.92900
       4.66407       9.90100     -10.82000
       4.78307      10.27000     -10.04000
       4.90207      10.70000      -9.94500
       5.02107      10.62000     -10.54000
       5.14007      10.45000     -10.57000
       5.25907      10.88000      -9.30900
       5.37807      10.91000      -9.93700
       5.49707      10.92000     -11.22000
       5.61607      11.52000     -10.70000
       5.73507      11.14000     -10.69000
       5.85507       8.67400     -10.98000
       5.97407       4.40000     -11.35000
       6.09307       0.86920     -11.18000
       6.21207       0.03673      -9.15900
       6.33107       0.00022      -5.32700
       6.45007       0.00000      -1.63900
       6.56907       0.00000      -0.13160
       6.68807       0.00000      -0.00143
       6.80707       0.00000      -0.00000
       6.92607       0.00000      -0.00000
       7.04507       0.00000      -0.00000
       7.16507       0.00000       0.00000
       7.28407       0.00000       0.00000
       7.40307       0.00000       0.00000
       7.52207       0.00000       0.00000
       7.64107       0.00000       0.00000
       7.76007       0.00000       0.00000
       7.87907       0.00000       0.00000
       7.99807       0.00000       0.00000
