5.0000 1.1294 	1.2749 	1.3133 	0.9432 	0.7256 				
10.0000 1.8801 	2.2407 	2.2045 	1.5535 	1.1796 				
15.0000 2.6466 	3.2105 	3.0875 	2.1150 	1.5881 				
20.0000 3.4301 	4.1209 	4.0056 	2.6608 	1.9716 				
25.0000 4.2190 	5.0495 	4.9384 	3.1894 	2.3391 				
30.0000 5.0074 	6.0169 	5.8735 	3.7106 	2.6958 				
35.0000 5.8453 	6.9839 	6.8430 	4.2501 	3.0290 				
40.0000 6.6709 	7.9480 	7.8187 	4.7550 	3.3442 				
45.0000 7.4843 	8.9045 	8.8196 	5.2542 	3.6642 				
50.0000 8.3219 	9.8631 	9.8539 	5.7639 	4.0226 				
55.0000 9.1957 	10.8360 	10.8827 	6.2733 	4.3890 				
60.0000 10.0833 	11.8586 	11.9121 	6.8289 	4.7692 				
65.0000 10.9825 	12.8580 	12.9457 	7.3923 	5.1257 				
70.0000 11.8747 	13.8593 	13.9756 	7.9154 	5.5011 				
75.0000 12.7653 	14.9040 	14.9700 	8.4338 	5.8718 				
80.0000 13.6540 	15.9376 	15.9567 	8.9747 	6.2335 				
85.0000 14.5991 	17.0030 	16.9565 	9.4954 	6.6048 				
90.0000 15.5476 	18.0870 	17.9433 	10.0081 	6.9574 				
95.0000 16.4917 	19.1211 	18.9087 	10.5189 	7.3176 				
100.0000 17.4342 	20.1179 	19.8681 	11.0159 	7.6599 				
105.0000 18.3715 	21.1055 	20.8098 	11.5144 	8.0140 				
110.0000 19.3007 	22.1311 	21.7601 	12.0135 	8.3377 				
115.0000 20.2304 	23.1580 	22.6989 	12.5274 	8.6346 				
120.0000 21.1954 	24.1732 	23.6007 	13.0542 	8.9171 				
125.0000 22.1476 	25.1646 	24.4917 	13.5507 	9.2184 				
130.0000 23.1263 	26.1427 	25.3855 	14.0081 	9.5284 				
135.0000 24.1059 	27.1036 	26.2683 	14.4887 	9.8378 				
140.0000 25.0627 	28.0881 	27.1260 	14.9817 	10.1541 				
145.0000 25.9933 	29.0762 	28.0447 	15.5305 	10.4920 				
150.0000 26.9427 	30.0923 	28.9891 	16.0397 	10.8283 				
155.0000 27.8541 	31.1587 	29.9600 	16.5601 	11.1394 				
160.0000 28.7857 	32.2171 	30.9813 	17.0616 	11.4430 				
165.0000 29.7504 	33.2535 	31.9911 	17.5559 	11.7292 				
170.0000 30.7028 	34.2901 	32.9766 	18.0217 	11.9994 				
175.0000 31.6551 	35.3252 	34.0006 	18.4810 	12.2765 				
180.0000 32.6072 	36.3475 	35.0404 	18.9568 	12.5928 				
185.0000 33.5698 	37.3836 	36.0378 	19.4431 	12.9261 				
190.0000 34.5841 	38.4070 	37.0411 	19.9663 	13.2535 				
195.0000 35.6139 	39.4488 	38.0512 	20.4718 	13.6035 				
200.0000 36.6732 	40.4926 	39.0751 	20.9521 	13.9546 				
205.0000 37.7561 	41.5844 	40.1155 	21.4208 	14.2862 				
210.0000 38.8787 	42.7344 	41.1415 	21.8761 	14.6264 				
215.0000 39.9690 	43.8988 	42.1854 	22.3176 	14.9762 				
220.0000 41.0081 	45.0705 	43.2263 	22.7522 	15.2949 				
225.0000 42.0286 	46.2687 	44.2853 	23.1886 	15.5954 				
230.0000 42.9931 	47.5044 	45.3558 	23.6273 	15.8677 				
235.0000 43.9540 	48.7694 	46.4063 	24.0932 	16.1489 				
240.0000 44.9730 	50.0449 	47.4604 	24.6005 	16.4435 				
245.0000 46.0238 	51.3340 	48.4771 	25.1225 	16.7392 				
250.0000 47.0528 	52.6178 	49.5201 	25.6548 	17.0266 				
255.0000 48.0518 	53.8936 	50.5794 	26.1905 	17.3109 				
260.0000 49.0550 	55.1497 	51.6257 	26.6816 	17.6017 				
265.0000 50.0460 	56.3975 	52.6979 	27.1535 	17.8779 				
270.0000 51.0263 	57.6294 	53.8198 	27.6448 	18.1279 				
275.0000 52.0160 	58.7814 	54.9281 	28.1245 	18.3602 				
280.0000 52.9568 	59.9421 	55.9982 	28.6167 	18.5962 				
285.0000 53.8452 	61.0846 	57.0719 	29.1411 	18.8379 				
290.0000 54.7230 	62.2684 	58.1278 	29.6892 	19.0699 				
295.0000 55.6137 	63.4738 	59.1723 	30.2484 	19.2714 				
300.0000 56.5331 	64.6524 	60.2255 	30.7893 	19.4709 				
305.0000 57.4622 	65.8268 	61.3008 	31.3710 	19.6608 				
310.0000 58.4047 	67.0112 	62.3319 	31.9151 	19.8342 				
315.0000 59.3329 	68.1702 	63.3660 	32.4417 	20.0221 				
320.0000 60.2640 	69.3304 	64.4323 	32.9697 	20.2183 				
325.0000 61.2332 	70.5022 	65.5429 	33.4833 	20.4206 				
330.0000 62.2205 	71.6958 	66.6377 	33.9966 	20.6210 				
335.0000 63.1801 	72.9236 	67.7424 	34.5275 	20.8075 				
340.0000 64.1662 	74.1758 	68.8532 	35.1015 	21.0119 				
345.0000 65.1667 	75.4385 	70.0633 	35.6378 	21.2176 				
350.0000 66.1724 	76.7482 	71.2639 	36.1405 	21.4186 				
355.0000 67.1872 	78.0571 	72.4415 	36.6443 	21.6234 				
360.0000 68.1753 	79.3810 	73.6085 	37.1540 	21.8379 				
365.0000 69.1584 	80.6607 	74.7323 	37.6490 	22.0513 				
370.0000 70.1675 	81.9348 	75.8485 	38.0997 	22.2774 				
375.0000 71.1432 	83.2326 	76.9862 	38.5600 	22.4852 				
380.0000 72.1213 	84.5163 	78.1055 	39.0440 	22.7127 				
385.0000 73.0999 	85.8275 	79.2244 	39.5329 	22.9452 				
390.0000 74.0839 	87.2017 	80.3416 	40.0031 	23.1827 				
395.0000 75.1132 	88.5630 	81.4692 	40.4745 	23.4022 				
400.0000 76.2087 	89.9565 	82.6143 	40.9215 	23.6015 				
405.0000 77.3315 	91.3259 	83.7722 	41.3298 	23.7976 				
410.0000 78.4833 	92.6956 	84.9378 	41.7155 	24.0054 				
415.0000 79.6315 	94.0284 	86.1067 	42.1212 	24.2242 				
420.0000 80.7248 	95.3570 	87.2029 	42.5225 	24.4421 				
425.0000 81.8297 	96.6096 	88.3006 	42.9431 	24.6847 				
430.0000 82.9425 	97.8916 	89.4023 	43.4038 	24.9231 				
435.0000 84.0358 	99.2009 	90.5001 	43.9007 	25.1432 				
440.0000 85.1551 	100.5559 	91.5503 	44.3836 	25.3592 				
445.0000 86.2308 	101.9315 	92.5867 	44.8821 	25.5952 				
450.0000 87.2715 	103.2486 	93.5794 	45.3327 	25.8363 				
455.0000 88.2998 	104.5147 	94.5366 	45.7953 	26.0659 				
460.0000 89.3794 	105.8305 	95.5018 	46.2568 	26.2692 				
465.0000 90.4310 	107.1084 	96.4291 	46.7367 	26.4612 				
470.0000 91.4617 	108.3880 	97.3372 	47.2504 	26.6808 				
475.0000 92.4931 	109.6653 	98.2391 	47.7790 	26.9051 				
480.0000 93.5640 	110.9455 	99.1144 	48.2921 	27.1357 				
485.0000 94.6190 	112.2691 	100.0206 	48.7692 	27.3819 				
490.0000 95.6874 	113.6477 	100.9671 	49.2327 	27.6305 				
495.0000 96.7319 	114.9781 	101.9537 	49.6544 	27.8749 				
500.0000 97.7907 	116.3167 	102.9458 	50.0894 	28.1137 				
505.0000 98.8682 	117.5885 	103.8442 	50.4693 	28.3411 				
510.0000 99.9718 	118.8848 	104.7715 	50.8327 	28.5651 				
515.0000 101.0626 	120.2961 	105.6655 	51.1846 	28.8199 				
520.0000 102.1518 	121.6803 	106.5731 	51.5643 	29.0694 				
525.0000 103.2511 	123.0625 	107.4775 	51.9430 	29.3216 				
530.0000 104.3319 	124.4053 	108.3138 	52.3014 	29.5672 				
535.0000 105.3631 	125.7480 	109.1541 	52.6739 	29.7911 				
540.0000 106.4188 	127.1171 	110.0165 	53.0179 	30.0100 				
545.0000 107.5426 	128.4971 	110.9191 	53.3350 	30.2266 				
550.0000 108.6538 	129.8025 	111.8515 	53.6118 	30.4697 				
555.0000 109.7603 	131.1236 	112.7729 	53.8680 	30.7383 				
560.0000 110.9127 	132.4420 	113.7367 	54.1515 	31.0134 				
565.0000 112.0536 	133.7477 	114.7162 	54.4905 	31.2936 				
570.0000 113.1986 	135.0470 	115.7128 	54.8272 	31.6060 				
575.0000 114.3260 	136.2814 	116.7231 	55.2145 	31.9216 				
580.0000 115.4032 	137.5492 	117.6711 	55.5946 	32.2235 				
585.0000 116.4595 	138.7868 	118.6100 	56.0014 	32.5063 				
590.0000 117.5201 	140.0642 	119.5168 	56.4056 	32.7867 				
595.0000 118.5167 	141.3200 	120.4014 	56.7854 	33.0727 				
600.0000 119.5153 	142.5301 	121.2750 	57.1752 	33.3560 				
605.0000 120.4733 	143.7461 	122.1177 	57.5627 	33.6269 				
610.0000 121.4481 	144.9441 	123.0071 	57.9641 	33.9264 				
615.0000 122.4032 	146.1899 	123.8899 	58.3661 	34.2461 				
620.0000 123.3848 	147.4903 	124.7217 	58.7565 	34.5613 				
625.0000 124.3551 	148.7957 	125.5212 	59.1627 	34.8553 				
630.0000 125.2979 	150.0975 	126.2792 	59.5930 	35.1363 				
635.0000 126.2324 	151.4170 	127.0210 	60.0239 	35.4148 				
640.0000 127.2139 	152.7127 	127.7326 	60.4280 	35.6954 				
645.0000 128.2342 	154.0379 	128.4889 	60.7927 	35.9877 				
650.0000 129.2214 	155.3646 	129.2745 	61.1699 	36.2562 				
655.0000 130.1980 	156.7631 	130.0220 	61.5524 	36.5184 				
660.0000 131.2124 	158.0987 	130.7816 	61.9458 	36.7934 				
665.0000 132.2031 	159.3949 	131.5872 	62.3346 	37.0785 				
670.0000 133.2456 	160.6778 	132.3844 	62.7118 	37.3726 				
675.0000 134.2488 	161.9154 	133.1976 	63.1236 	37.6781 				
680.0000 135.2083 	163.1944 	134.0503 	63.5427 	37.9995 				
685.0000 136.1872 	164.4533 	134.9319 	63.9425 	38.3266 				
690.0000 137.1108 	165.7528 	135.8424 	64.3446 	38.6540 				
695.0000 138.0138 	166.9891 	136.7348 	64.7543 	38.9760 				
700.0000 138.8942 	168.1859 	137.6052 	65.1946 	39.3251 				
705.0000 139.8093 	169.4018 	138.4290 	65.6506 	39.6794 				
710.0000 140.7508 	170.6257 	139.2645 	66.1475 	40.0399 				
715.0000 141.6408 	171.8771 	140.1380 	66.6586 	40.4036 				
720.0000 142.4878 	173.1564 	140.9935 	67.1642 	40.7689 				
725.0000 143.3241 	174.4511 	141.8663 	67.6737 	41.1538 				
730.0000 144.1167 	175.7952 	142.7565 	68.1779 	41.5378 				
735.0000 144.9294 	177.2003 	143.6530 	68.7226 	41.9064 				
740.0000 145.8038 	178.6129 	144.5350 	69.2995 	42.2868 				
745.0000 146.6818 	179.9980 	145.4553 	69.8892 	42.6834 				
750.0000 147.5297 	181.3606 	146.3486 	70.5019 	43.0847 				
755.0000 148.3441 	182.6900 	147.2936 	71.1137 	43.4817 				
760.0000 149.1898 	184.0298 	148.1558 	71.7060 	43.8727 				
765.0000 150.0331 	185.3906 	149.0471 	72.3122 	44.2654 				
770.0000 150.8937 	186.7967 	149.8875 	72.9301 	44.6351 				
775.0000 151.6861 	188.1507 	150.7320 	73.5166 	44.9999 				
780.0000 152.4461 	189.4085 	151.5851 	74.1111 	45.3642 				
785.0000 153.3294 	190.7085 	152.4285 	74.7296 	45.7081 				
790.0000 154.1357 	192.0001 	153.2467 	75.3138 	46.0382 				
795.0000 155.0221 	193.3281 	154.0186 	75.8647 	46.3751 				
800.0000 155.9093 	194.5406 	154.7573 	76.4182 	46.6983 				
805.0000 156.7879 	195.7025 	155.5491 	77.0181 	47.0215 				
810.0000 157.6242 	196.8978 	156.3576 	77.6385 	47.3408 				
815.0000 158.4697 	198.1838 	157.1270 	78.2246 	47.6583 				
820.0000 159.2031 	199.4463 	157.8884 	78.7858 	47.9715 				
825.0000 159.8261 	200.7347 	158.6348 	79.3791 	48.3045 				
830.0000 160.5375 	202.0625 	159.3950 	79.9616 	48.6673 				
835.0000 161.2721 	203.4203 	160.1499 	80.5350 	49.0110 				
840.0000 162.0053 	204.8145 	160.9267 	81.1279 	49.3656 				
845.0000 162.7415 	206.2084 	161.6762 	81.7572 	49.7272 				
850.0000 163.4184 	207.6109 	162.4291 	82.4217 	50.0826 				
855.0000 164.1237 	209.0091 	163.1919 	83.0641 	50.4501 				
860.0000 164.7760 	210.3784 	163.9750 	83.6780 	50.7904 				
865.0000 165.4244 	211.7579 	164.7107 	84.2697 	51.1360 				
870.0000 166.0526 	213.1569 	165.4246 	84.8286 	51.4688 				
875.0000 166.7406 	214.5248 	166.1903 	85.4248 	51.7832 				
880.0000 167.4613 	215.8867 	166.9775 	86.0458 	52.0991 				
885.0000 168.1195 	217.1960 	167.7756 	86.6366 	52.4170 				
890.0000 168.7972 	218.5286 	168.5299 	87.2319 	52.7343 				
895.0000 169.5340 	219.8345 	169.3042 	87.8826 	53.0763 				
900.0000 170.2587 	221.2033 	170.0805 	88.5194 	53.4030 				
905.0000 170.9489 	222.5304 	170.8200 	89.1152 	53.7231 				
910.0000 171.7121 	223.8213 	171.5995 	89.6647 	54.0244 				
915.0000 172.4907 	225.0920 	172.3398 	90.2694 	54.3056 				
920.0000 173.2589 	226.3305 	173.1000 	90.8947 	54.6135 				
925.0000 174.0290 	227.5546 	173.8433 	91.5367 	54.9106 				
930.0000 174.7908 	228.7642 	174.6354 	92.1773 	55.2268 				
935.0000 175.6029 	230.0088 	175.4435 	92.8168 	55.5429 				
940.0000 176.4422 	231.3089 	176.3358 	93.4284 	55.8267 				
945.0000 177.2599 	232.5953 	177.2713 	94.0115 	56.1114 				
950.0000 178.0896 	233.8946 	178.2212 	94.6442 	56.4022 				
955.0000 178.9891 	235.0920 	179.1524 	95.2920 	56.6982 				
960.0000 179.8255 	236.3164 	180.0960 	95.9127 	56.9829 				
965.0000 180.6818 	237.5979 	181.0189 	96.4995 	57.3089 				
970.0000 181.5557 	238.8110 	181.9309 	97.0540 	57.6122 				
975.0000 182.4510 	240.0408 	182.8149 	97.6142 	57.8953 				
980.0000 183.3162 	241.2516 	183.7403 	98.1961 	58.1321 				
985.0000 184.1642 	242.4197 	184.6558 	98.7912 	58.3764 				
990.0000 184.9591 	243.6190 	185.5649 	99.3987 	58.6426 				
995.0000 185.8244 	244.7781 	186.4747 	100.0061 	58.9155 				
1000.0000 186.7100 	246.0003 	187.3874 	100.6151 	59.1928 				
