5432
Atoms. Timestep: 0
CA 0.00011477 1.21256 3.4001
CA 0.700032 4.12582e-06 3.40056
CA 2.10012 2.02822e-05 3.40544
CA 2.80012 1.2127 3.40389
CA 4.20012 1.21252 3.40191
CA 4.90001 9.36153e-05 3.40093
CA 6.30001 2.83133e-05 3.39866
CA 6.99996 1.21247 3.39592
CA 8.39988 1.21262 3.39547
CA 9.1 5.13562e-05 3.39983
CA 10.4999 0.00023385 3.4032
CA 11.1999 1.21273 3.4015
CA 12.5999 1.21272 3.3982
CA 13.2998 0.000201628 3.39967
CA 14.6998 0.00036928 3.39816
CA 15.4 1.21274 3.39635
CA 16.8 1.21278 3.39796
CA 17.5001 0.000431167 3.39856
CA 18.9 0.00053041 3.39893
CA 19.5999 1.21276 3.39911
CA 20.9999 1.21281 3.39886
CA 21.7001 0.000294141 3.40059
CA 23.1 0.000323535 3.40042
CA 23.8 1.21268 3.39896
CA 25.2 1.21268 3.39866
CA 25.9 0.000262926 3.39923
CA 27.3 0.00028238 3.39828
CA 28 1.21268 3.39816
CA 29.3999 1.21259 3.40003
CA 30.1 0.000159928 3.40086
CA 31.5 0.000252812 3.40263
CA 32.2 1.21256 3.40222
CA 33.6001 1.21272 3.40052
CA 34.3001 0.000350649 3.39973
CA 35.7 0.000375922 3.39661
CA 36.4 1.21269 3.39635
CA 37.8001 1.21268 3.39844
CA 38.5 0.000318448 3.39853
CA 39.9 0.000327757 3.40091
CA 40.6001 1.21263 3.40196
CA 41.9999 1.21263 3.40074
CA 42.7 0.000165417 3.39992
CA 44.1 0.000223023 3.40107
CA 44.8 1.21256 3.40007
CA 46.1999 1.21269 3.39929
CA 46.8999 0.000153893 3.40069
CA 48.2999 0.000163346 3.39968
CA 49 1.21266 3.39944
CA 50.4 1.21258 3.40115
CA 51.1 0.000152911 3.40335
CA 52.4999 0.000194984 3.4037
CA 53.1999 1.21261 3.3993
CA 54.5999 1.21265 3.39456
CA 55.2999 2.98883e-05 3.3978
CA 56.7 0.000255547 3.39947
CA 57.4 1.21259 3.39981
CA 58.8 1.21269 3.4017
CA 59.5 3.21111e-05 3.40155
CA 60.9 5.26759e-05 3.40007
CA 61.6001 1.21251 3.40056
CA 0.000106264 3.6374 3.40365
CA 0.700079 2.42503 3.40055
CA 2.0999 2.42514 3.39906
CA 2.79997 3.63757 3.39762
CA 4.19988 3.63756 3.39934
CA 4.89996 2.42503 3.40036
CA 6.29993 2.42497 3.39803
CA 6.99992 3.6374 3.39925
CA 8.39984 3.6375 3.39842
CA 9.09987 2.42509 3.39522
CA 10.4999 2.42519 3.39705
CA 11.1998 3.63766 3.39537
CA 12.6001 3.63781 3.39285
CA 13.3 2.42509 3.39285
CA 14.7 2.42521 3.39475
CA 15.4001 3.63755 3.39831
CA 16.7999 3.63757 3.39939
CA 17.5 2.4251 3.39892
CA 18.9 2.42526 3.39932
CA 19.6 3.63742 3.39937
CA 20.9999 3.63756 3.39708
CA 21.7 2.42507 3.39723
CA 23.0999 2.42507 3.39726
CA 23.8 3.63747 3.39774
CA 25.2 3.63759 3.39901
CA 25.8999 2.42505 3.39811
CA 27.3 2.42515 3.3985
CA 27.9999 3.63753 3.40107
CA 29.4 3.63761 3.40196
CA 30.1 2.42496 3.40159
CA 31.5002 2.42509 3.40162
CA 32.2 3.63753 3.40082
CA 33.6 3.63742 3.39949
CA 34.3001 2.425 3.39904
CA 35.6999 2.42509 3.39705
CA 36.4 3.63735 3.39786
CA 37.8 3.63753 3.39935
CA 38.5 2.42502 3.40052
CA 39.9001 2.42505 3.40225
CA 40.6 3.63738 3.40106
CA 42 3.63742 3.40037
CA 42.7 2.42493 3.40048
CA 44.0999 2.42495 3.39959
CA 44.7999 3.63744 3.4001
CA 46.1999 3.63746 3.40001
CA 46.8999 2.42503 3.39869
CA 48.2999 2.42515 3.39911
CA 49 3.63744 3.39958
CA 50.4 3.63755 3.39958
CA 51.1 2.42513 3.40141
CA 52.5 2.42509 3.40045
CA 53.2 3.63744 3.39996
CA 54.6 3.63762 3.39938
CA 55.3001 2.42518 3.39578
CA 56.7 2.42522 3.39884
CA 57.4 3.63759 3.40084
CA 58.7999 3.63766 3.40151
CA 59.4999 2.42502 3.40217
CA 60.8998 2.42504 3.40247
CA 61.5999 3.63746 3.40426
CA 62.9998 6.06223 3.39989
CA 0.699985 4.84987 3.40085
CA 2.09991 4.84998 3.39819
CA 2.79995 6.06234 3.39829
CA 4.19983 6.06243 3.40011
CA 4.89994 4.84993 3.40076
CA 6.29984 4.84991 3.40145
CA 6.9999 6.06223 3.40222
CA 8.39982 6.06231 3.40237
CA 9.09994 4.84991 3.40092
CA 10.4998 4.84996 3.39887
CA 11.1999 6.06232 3.40077
CA 12.5999 6.06247 3.40083
CA 13.3 4.85017 3.39831
CA 14.6999 4.85015 3.40096
CA 15.4 6.06244 3.40143
CA 16.7999 6.06236 3.40002
CA 17.4999 4.84984 3.40044
CA 18.8999 4.84997 3.39996
CA 19.6 6.06234 3.39955
CA 20.9999 6.06241 3.39921
CA 21.6999 4.85004 3.3976
CA 23.0999 4.84999 3.39794
CA 23.8 6.06234 3.40039
CA 25.1999 6.06238 3.40166
CA 25.8999 4.84989 3.40104
CA 27.2999 4.85 3.4024
CA 27.9999 6.06235 3.40306
CA 29.4 6.06245 3.40158
CA 30.1 4.84992 3.40144
CA 31.4999 4.85001 3.40013
CA 32.2 6.06227 3.39882
CA 33.5999 6.06232 3.39899
CA 34.2999 4.84992 3.39908
CA 35.7 4.84991 3.39893
CA 36.4 6.06222 3.40097
CA 37.8 6.06226 3.40091
CA 38.5 4.84984 3.40002
CA 39.9 4.84983 3.40003
CA 40.6 6.06221 3.39923
CA 42.0001 6.06227 3.39968
CA 42.7002 4.84974 3.40011
CA 44.0999 4.84982 3.40094
CA 44.8001 6.06218 3.40175
CA 46.2 6.06224 3.40069
CA 46.9 4.84987 3.40056
CA 48.3 4.84995 3.39942
CA 49 6.06229 3.39833
CA 50.4 6.0623 3.39849
CA 51.1001 4.8499 3.3986
CA 52.5 4.84996 3.39946
CA 53.2001 6.06235 3.40067
CA 54.6 6.06241 3.40095
CA 55.3001 4.84998 3.40064
CA 56.7 4.85004 3.40092
CA 57.3999 6.06235 3.39952
CA 58.7999 6.06246 3.3986
CA 59.4999 4.84994 3.39999
CA 60.8998 4.84997 3.40157
CA 61.5998 6.06218 3.39964
CA 62.9998 8.48709 3.39887
CA 0.69992 7.27453 3.39791
CA 2.09988 7.27475 3.39723
CA 2.79995 8.48701 3.39749
CA 4.19993 8.48715 3.39885
CA 4.89988 7.2747 3.39999
CA 6.29977 7.27465 3.40145
CA 6.9999 8.48705 3.40132
CA 8.39991 8.48711 3.40183
CA 9.09982 7.27457 3.40255
CA 10.4999 7.27474 3.40249
CA 11.1999 8.48712 3.40264
CA 12.5999 8.48711 3.40243
CA 13.3 7.27479 3.40268
CA 14.6999 7.27481 3.40192
CA 15.3998 8.48711 3.40056
CA 16.7999 8.48723 3.39939
CA 17.4999 7.27479 3.39891
CA 18.9 7.27471 3.39896
CA 19.5999 8.48717 3.39913
CA 20.9999 8.48726 3.40057
CA 21.6999 7.27467 3.40073
CA 23.1 7.27487 3.40182
CA 23.8 8.4872 3.40289
CA 25.1999 8.48719 3.40243
CA 25.9001 7.27474 3.4027
CA 27.2999 7.27465 3.40278
CA 27.9999 8.48702 3.40141
CA 29.4001 8.4871 3.40094
CA 30.1 7.2748 3.40006
CA 31.5 7.27475 3.39829
CA 32.2 8.48711 3.39737
CA 33.6 8.48726 3.39812
CA 34.2999 7.27457 3.39951
CA 35.7 7.27464 3.40134
CA 36.4 8.48706 3.40187
CA 37.8 8.48704 3.40188
CA 38.5 7.27465 3.40091
CA 39.9 7.27467 3.3997
CA 40.6001 8.48706 3.39972
CA 42.0001 8.48708 3.40002
CA 42.7 7.27462 3.40085
CA 44.1 7.27463 3.40151
CA 44.8 8.48696 3.3994
CA 46.2 8.48706 3.39764
CA 46.9 7.27459 3.39843
CA 48.3 7.27467 3.39759
CA 49 8.48706 3.39791
CA 50.4 8.48715 3.39936
CA 51.1 7.27467 3.39952
CA 52.5001 7.27476 3.40073
CA 53.2002 8.48703 3.40102
CA 54.6001 8.48716 3.40051
CA 55.3 7.27477 3.40034
CA 56.6999 7.27484 3.39968
CA 57.4 8.48721 3.39972
CA 58.8 8.48716 3.40005
CA 59.5 7.27475 3.39936
CA 60.8998 7.27476 3.39933
CA 61.5999 8.48711 3.40025
CA 1.07033e-05 10.9121 3.40039
CA 0.69997 9.69955 3.39945
CA 2.09998 9.69954 3.39884
CA 2.79994 10.9119 3.40029
CA 4.19988 10.9119 3.40052
CA 4.89992 9.69946 3.40005
CA 6.29982 9.6996 3.40014
CA 6.99997 10.912 3.3995
CA 8.39985 10.9121 3.39901
CA 9.09993 9.69948 3.40075
CA 10.4998 9.69953 3.4018
CA 11.1999 10.9119 3.40142
CA 12.5999 10.912 3.40216
CA 13.2999 9.69956 3.40171
CA 14.6998 9.69966 3.40067
CA 15.4 10.912 3.40049
CA 16.7998 10.9121 3.39965
CA 17.4999 9.69972 3.39914
CA 18.8998 9.69966 3.3989
CA 19.5998 10.912 3.39913
CA 20.9999 10.9119 3.40038
CA 21.7 9.69956 3.4013
CA 23.0999 9.69969 3.40276
CA 23.8 10.912 3.40225
CA 25.1999 10.912 3.40119
CA 25.8999 9.69953 3.40127
CA 27.2999 9.69974 3.40017
CA 28.0002 10.9119 3.39916
CA 29.4 10.912 3.39969
CA 30.1001 9.6995 3.40037
CA 31.5001 9.69957 3.39835
CA 32.2001 10.912 3.39781
CA 33.6002 10.9121 3.39844
CA 34.3002 9.69954 3.39878
CA 35.7 9.69961 3.40091
CA 36.4001 10.9121 3.40154
CA 37.8001 10.912 3.40126
CA 38.5001 9.69944 3.40123
CA 39.9001 9.69961 3.39998
CA 40.6002 10.912 3.39938
CA 42 10.912 3.39912
CA 42.7 9.69953 3.39945
CA 44.0999 9.69941 3.39895
CA 44.7999 10.9119 3.39847
CA 46.2 10.9119 3.39846
CA 46.9 9.69943 3.39777
CA 48.3 9.69952 3.39874
CA 49 10.9119 3.40054
CA 50.4 10.912 3.40084
CA 51.1 9.69954 3.40058
CA 52.5001 9.69959 3.40101
CA 53.2001 10.912 3.40117
CA 54.6 10.912 3.40125
CA 55.3 9.69958 3.40049
CA 56.7 9.6996 3.39975
CA 57.4 10.9119 3.39979
CA 58.8 10.9122 3.39934
CA 59.5 9.69956 3.40023
CA 60.9001 9.69965 3.40078
CA 61.6 10.9121 3.40032
CA 63 13.3369 3.40027
CA 0.70005 12.1244 3.40035
CA 2.09993 12.1244 3.4004
CA 2.80003 13.3367 3.40001
CA 4.1999 13.3369 3.40086
CA 4.90001 12.1243 3.40096
CA 6.29996 12.1245 3.40045
CA 6.99988 13.3369 3.4014
CA 8.3999 13.3368 3.40071
CA 9.10001 12.1244 3.3994
CA 10.4998 12.1244 3.40034
CA 11.1999 13.3367 3.40058
CA 12.5999 13.3369 3.40137
CA 13.2998 12.1243 3.402
CA 14.6999 12.1244 3.40118
CA 15.4 13.3368 3.40002
CA 16.7999 13.3369 3.39845
CA 17.4998 12.1244 3.39909
CA 18.8998 12.1245 3.39946
CA 19.5999 13.3367 3.4
CA 20.9999 13.3369 3.40085
CA 21.7 12.1244 3.40075
CA 23.0999 12.1244 3.40128
CA 23.7999 13.3367 3.39999
CA 25.1999 13.3368 3.39945
CA 25.8999 12.1245 3.39969
CA 27.2999 12.1244 3.3988
CA 28 13.3369 3.39887
CA 29.4001 13.3369 3.39858
CA 30.1001 12.1244 3.39871
CA 31.5 12.1245 3.39864
CA 32.2002 13.3368 3.39909
CA 33.6002 13.3369 3.4006
CA 34.3002 12.1245 3.40067
CA 35.7001 12.1246 3.40205
CA 36.4002 13.3368 3.4024
CA 37.8001 13.3369 3.40103
CA 38.5001 12.1244 3.40023
CA 39.9001 12.1243 3.39937
CA 40.6001 13.3367 3.39964
CA 42.0001 13.3367 3.39941
CA 42.7 12.1242 3.39888
CA 44.0999 12.1244 3.39873
CA 44.8001 13.3367 3.39939
CA 46.2 13.3367 3.39983
CA 46.9 12.1243 3.39975
CA 48.3 12.1242 3.4007
CA 49 13.3366 3.40049
CA 50.4001 13.3368 3.40025
CA 51.1 12.1244 3.40076
CA 52.5 12.1244 3.40114
CA 53.2 13.3369 3.4007
CA 54.5999 13.3369 3.4015
CA 55.3 12.1244 3.40198
CA 56.7001 12.1245 3.40084
CA 57.4001 13.3368 3.40066
CA 58.8 13.3368 3.39985
CA 59.5 12.1245 3.39874
CA 60.9 12.1246 3.39932
CA 61.6 13.3368 3.40013
CA 1.70149e-05 15.7616 3.40027
CA 0.70001 14.5492 3.40003
CA 2.0999 14.5493 3.40004
CA 2.79998 15.7617 3.40142
CA 4.19991 15.7618 3.40179
CA 4.90008 14.5491 3.4016
CA 6.29993 14.5493 3.40229
CA 6.99992 15.7616 3.40128
CA 8.39988 15.7617 3.40087
CA 9.09996 14.5493 3.40077
CA 10.5 14.5493 3.39975
CA 11.2001 15.7617 3.39887
CA 12.6001 15.7617 3.39934
CA 13.3 14.5493 3.40071
CA 14.6999 14.5492 3.40054
CA 15.3999 15.7616 3.40021
CA 16.8001 15.7617 3.39848
CA 17.4999 14.5493 3.39746
CA 18.8999 14.5493 3.39872
CA 19.6001 15.7617 3.39927
CA 20.9999 15.7617 3.40051
CA 21.7 14.5492 3.40072
CA 23.1 14.5492 3.39954
CA 23.7999 15.7616 3.39834
CA 25.1999 15.7617 3.39824
CA 25.9 14.5492 3.39896
CA 27.3 14.5492 3.39935
CA 27.9999 15.7617 3.40027
CA 29.4 15.7619 3.40031
CA 30.1 14.5493 3.39886
CA 31.5 14.5493 3.39886
CA 32.2001 15.7618 3.39912
CA 33.6001 15.7617 3.39918
CA 34.3001 14.5493 3.4009
CA 35.7002 14.5493 3.40234
CA 36.4002 15.7617 3.40126
CA 37.8001 15.7618 3.40109
CA 38.5002 14.5493 3.4008
CA 39.9001 14.5491 3.4002
CA 40.6001 15.7616 3.40043
CA 42.0001 15.7616 3.39982
CA 42.7 14.5492 3.39933
CA 44.1001 14.5493 3.39948
CA 44.8 15.7617 3.39939
CA 46.2001 15.7617 3.39966
CA 46.8999 14.5492 3.39987
CA 48.3 14.5491 3.39973
CA 49.0001 15.7615 3.39877
CA 50.4001 15.7617 3.39782
CA 51.1 14.5491 3.3986
CA 52.5 14.5493 3.39859
CA 53.2001 15.7616 3.39792
CA 54.5999 15.7617 3.39949
CA 55.3 14.5493 3.40073
CA 56.7 14.5493 3.40105
CA 57.4 15.7615 3.40136
CA 58.7999 15.7617 3.40137
CA 59.5 14.5491 3.40091
CA 60.9 14.5491 3.40068
CA 61.6001 15.7615 3.4005
CA 62.9999 18.1865 3.39838
CA 0.700041 16.9741 3.40014
CA 2.10002 16.974 3.4014
CA 2.80001 18.1864 3.40063
CA 4.19996 18.1865 3.39943
CA 4.90005 16.9741 3.40041
CA 6.29996 16.9741 3.39898
CA 7.00003 18.1864 3.39614
CA 8.40001 18.1865 3.39839
CA 9.10006 16.9741 3.39973
CA 10.5 16.9742 3.39974
CA 11.2 18.1865 3.40089
CA 12.6001 18.1866 3.39987
CA 13.3001 16.974 3.39955
CA 14.6999 16.9742 3.40032
CA 15.4 18.1865 3.40021
CA 16.7999 18.1866 3.39979
CA 17.5 16.9741 3.39884
CA 18.9 16.9743 3.39836
CA 19.6001 18.1866 3.39822
CA 21 18.1866 3.39973
CA 21.7 16.974 3.40014
CA 23.0999 16.974 3.39911
CA 23.8001 18.1864 3.39975
CA 25.2 18.1866 3.39936
CA 25.9001 16.974 3.39897
CA 27.2999 16.9742 3.40047
CA 28 18.1865 3.40154
CA 29.4 18.1866 3.40256
CA 30.1 16.9741 3.40164
CA 31.5 16.9742 3.40074
CA 32.2001 18.1866 3.40136
CA 33.6001 18.1866 3.39982
CA 34.3001 16.9741 3.39904
CA 35.7002 16.9741 3.3996
CA 36.4002 18.1865 3.39906
CA 37.8001 18.1865 3.39982
CA 38.5002 16.974 3.40086
CA 39.9 16.9742 3.40082
CA 40.6 18.1865 3.40081
CA 42.0001 18.1865 3.4003
CA 42.7001 16.974 3.39966
CA 44.1001 16.9741 3.39956
CA 44.7999 18.1865 3.39989
CA 46.2 18.1865 3.40036
CA 46.9 16.9741 3.39975
CA 48.3 16.9742 3.39948
CA 49.0001 18.1866 3.39982
CA 50.4 18.1865 3.39892
CA 51.1 16.9741 3.39751
CA 52.5 16.974 3.39732
CA 53.2 18.1864 3.39858
CA 54.6 18.1865 3.39959
CA 55.3 16.9741 3.39988
CA 56.7 16.9741 3.40116
CA 57.3999 18.1864 3.40123
CA 58.7999 18.1864 3.40046
CA 59.4999 16.974 3.40123
CA 60.9 16.9742 3.40011
CA 61.6 18.1865 3.39803
CA 63 20.6113 3.39708
CA 0.700064 19.3988 3.39784
CA 2.10002 19.3989 3.39901
CA 2.8001 20.6113 3.39954
CA 4.2 20.6113 3.39943
CA 4.9 19.3988 3.3977
CA 6.30006 19.3989 3.39634
CA 7.00014 20.6112 3.39742
CA 8.40004 20.6112 3.39888
CA 9.10009 19.3989 3.40014
CA 10.5 19.3989 3.40278
CA 11.2001 20.6113 3.4042
CA 12.6 20.6114 3.40328
CA 13.3001 19.3989 3.40048
CA 14.7001 19.3989 3.39956
CA 15.4 20.6113 3.39956
CA 16.8 20.6114 3.39979
CA 17.5 19.399 3.39912
CA 18.9 19.3991 3.39819
CA 19.6 20.6114 3.3991
CA 21 20.6116 3.39962
CA 21.7 19.399 3.40031
CA 23.0999 19.3991 3.40121
CA 23.8001 20.6114 3.40161
CA 25.2 20.6115 3.40085
CA 25.9 19.3989 3.40013
CA 27.2999 19.3991 3.4005
CA 28 20.6114 3.40028
CA 29.4 20.6115 3.40111
CA 30.1001 19.399 3.40242
CA 31.5001 19.399 3.40211
CA 32.2001 20.6114 3.40114
CA 33.6001 20.6114 3.40011
CA 34.3 19.399 3.39932
CA 35.7001 19.399 3.3986
CA 36.4002 20.6114 3.39905
CA 37.8001 20.6114 3.3996
CA 38.5 19.399 3.40004
CA 39.9 19.399 3.40103
CA 40.6001 20.6114 3.40139
CA 42.0001 20.6114 3.4016
CA 42.7001 19.399 3.40087
CA 44.1 19.3989 3.40072
CA 44.8 20.6114 3.40084
CA 46.2 20.6113 3.40018
CA 46.9 19.399 3.40042
CA 48.3001 19.399 3.4003
CA 49.0001 20.6113 3.39977
CA 50.4 20.6114 3.39976
CA 51.1 19.3988 3.39929
CA 52.5 19.3989 3.399
CA 53.2 20.6112 3.39957
CA 54.5999 20.6113 3.40014
CA 55.3 19.3988 3.4003
CA 56.6999 19.3989 3.40064
CA 57.4001 20.6113 3.39982
CA 58.8001 20.6114 3.39824
CA 59.5001 19.3989 3.3983
CA 60.9 19.3989 3.39701
CA 61.5999 20.6112 3.39627
CA 62.9999 23.0362 3.40032
CA 0.699962 21.8237 3.39892
CA 2.10001 21.8237 3.40054
CA 2.80002 23.0361 3.40303
CA 4.20002 23.0361 3.40239
CA 4.90002 21.8237 3.40069
CA 6.29996 21.8238 3.39924
CA 7.00012 23.0361 3.39888
CA 8.40003 23.0362 3.39842
CA 9.10013 21.8236 3.39953
CA 10.5 21.8237 3.40211
CA 11.2001 23.0361 3.40177
CA 12.6 23.0362 3.40201
CA 13.3002 21.8237 3.40227
CA 14.7 21.8239 3.40037
CA 15.4001 23.0361 3.40039
CA 16.8 23.0364 3.40122
CA 17.5001 21.8238 3.40096
CA 18.9 21.8239 3.40061
CA 19.6001 23.0362 3.40079
CA 21 23.0363 3.39957
CA 21.7001 21.8239 3.40002
CA 23.1 21.824 3.40074
CA 23.7999 23.0363 3.39997
CA 25.2 23.0364 3.39993
CA 25.9 21.8238 3.40007
CA 27.3 21.8238 3.39958
CA 28 23.0363 3.39903
CA 29.4001 23.0364 3.39912
CA 30.1001 21.8239 3.40025
CA 31.5001 21.8239 3.40046
CA 32.2001 23.0362 3.40058
CA 33.6001 23.0363 3.40087
CA 34.3001 21.8238 3.40028
CA 35.7001 21.8239 3.39991
CA 36.4 23.0362 3.4003
CA 37.8001 23.0363 3.39995
CA 38.5001 21.8239 3.39995
CA 39.9 21.8239 3.40061
CA 40.6 23.0362 3.40038
CA 42 23.0363 3.40145
CA 42.7 21.8238 3.40205
CA 44.1 21.8238 3.40155
CA 44.8 23.0362 3.40087
CA 46.1999 23.0363 3.39934
CA 46.9 21.8238 3.39925
CA 48.3 21.8238 3.39896
CA 49 23.0362 3.3986
CA 50.3999 23.0363 3.39907
CA 51.1 21.8238 3.39963
CA 52.4999 21.8237 3.39952
CA 53.1999 23.0361 3.3997
CA 54.6 23.0361 3.40006
CA 55.2999 21.8236 3.39999
CA 56.6999 21.8238 3.39984
CA 57.4 23.0361 3.39936
CA 58.8 23.0362 3.39829
CA 59.5001 21.8236 3.39722
CA 60.8999 21.8237 3.39651
CA 61.6 23.0361 3.39833
CA 63 25.4612 3.40311
CA 0.699938 24.2486 3.40336
CA 2.09988 24.2486 3.40402
CA 2.7999 25.4609 3.40299
CA 4.19993 25.4611 3.40072
CA 4.90001 24.2486 3.40129
CA 6.30011 24.2486 3.39873
CA 7.00002 25.4611 3.39653
CA 8.39999 25.4612 3.39706
CA 9.10006 24.2486 3.39836
CA 10.5001 24.2485 3.39993
CA 11.2001 25.461 3.39997
CA 12.5999 25.4611 3.40066
CA 13.3001 24.2486 3.4009
CA 14.7 24.2486 3.40065
CA 15.4001 25.4611 3.40101
CA 16.8 25.4611 3.40059
CA 17.5001 24.2486 3.40128
CA 18.9 24.2487 3.40074
CA 19.6001 25.461 3.39942
CA 21.0001 25.4611 3.39894
CA 21.7001 24.2487 3.39927
CA 23.1001 24.2488 3.3988
CA 23.8 25.4613 3.39876
CA 25.2 25.4613 3.39938
CA 25.9001 24.2487 3.39964
CA 27.3 24.2488 3.39971
CA 28.0002 25.4611 3.39991
CA 29.4 25.4612 3.39965
CA 30.1 24.2486 3.39949
CA 31.4999 24.2487 3.4001
CA 32.2001 25.4611 3.40128
CA 33.6002 25.4611 3.40181
CA 34.3001 24.2487 3.4014
CA 35.7001 24.2487 3.40068
CA 36.4001 25.4611 3.40018
CA 37.8 25.461 3.39934
CA 38.5 24.2486 3.39953
CA 39.9 24.2486 3.39971
CA 40.6001 25.4611 3.39974
CA 42 25.4611 3.40047
CA 42.7 24.2487 3.40137
CA 44.1 24.2486 3.40101
CA 44.7999 25.461 3.39998
CA 46.2 25.4611 3.39864
CA 46.9 24.2485 3.39883
CA 48.2999 24.2486 3.39849
CA 49 25.4611 3.39852
CA 50.4 25.4612 3.39927
CA 51.0999 24.2487 3.39958
CA 52.5 24.2487 3.39988
CA 53.1999 25.4611 3.40039
CA 54.6 25.4612 3.40074
CA 55.3001 24.2485 3.40022
CA 56.7001 24.2485 3.40002
CA 57.4 25.461 3.39945
CA 58.8 25.461 3.39849
CA 59.4999 24.2487 3.3983
CA 60.8999 24.2486 3.39924
CA 61.6 25.4611 3.40076
CA 62.9999 27.886 3.40232
CA 0.699867 26.6734 3.40336
CA 2.09985 26.6735 3.40256
CA 2.80002 27.886 3.4006
CA 4.20003 27.886 3.39774
CA 4.90008 26.6735 3.39727
CA 6.30009 26.6737 3.39552
CA 6.99996 27.8859 3.39525
CA 8.39985 27.8859 3.39587
CA 9.09999 26.6735 3.39734
CA 10.4999 26.6735 3.39839
CA 11.1999 27.8859 3.39787
CA 12.5999 27.886 3.39928
CA 13.2999 26.6734 3.4006
CA 14.7 26.6736 3.40125
CA 15.4001 27.8859 3.40109
CA 16.8 27.8861 3.40051
CA 17.5 26.6735 3.39967
CA 18.9001 26.6736 3.39884
CA 19.6001 27.886 3.39957
CA 21 27.8861 3.39946
CA 21.7002 26.6736 3.39879
CA 23.1001 26.6737 3.39841
CA 23.8 27.886 3.3987
CA 25.1999 27.8861 3.39902
CA 25.9 26.6737 3.39956
CA 27.3 26.6737 3.4001
CA 28 27.8861 3.39974
CA 29.4 27.886 3.39971
CA 30.1 26.6735 3.39988
CA 31.4999 26.6736 3.40064
CA 32.2001 27.8859 3.40103
CA 33.6001 27.8861 3.40183
CA 34.3001 26.6736 3.40195
CA 35.7001 26.6736 3.40074
CA 36.4001 27.8859 3.40048
CA 37.8 27.8861 3.39907
CA 38.5 26.6734 3.39877
CA 39.9001 26.6736 3.39892
CA 40.6 27.8859 3.39907
CA 42 27.886 3.39949
CA 42.6999 26.6735 3.40011
CA 44.0999 26.6736 3.39966
CA 44.8 27.886 3.39885
CA 46.2 27.8859 3.39824
CA 46.8999 26.6735 3.39785
CA 48.2999 26.6736 3.39819
CA 49 27.8859 3.39979
CA 50.4 27.8859 3.4013
CA 51.1 26.6735 3.40053
CA 52.5 26.6737 3.401
CA 53.2 27.886 3.40131
CA 54.5999 27.8861 3.40088
CA 55.3001 26.6735 3.40098
CA 56.7001 26.6735 3.40019
CA 57.4001 27.8859 3.39938
CA 58.8 27.8859 3.39812
CA 59.5 26.6734 3.39786
CA 60.8999 26.6736 3.3992
CA 61.6 27.886 3.39991
CA 62.9998 30.3109 3.40225
CA 0.699901 29.0984 3.40323
CA 2.09991 29.0986 3.4024
CA 2.79999 30.3109 3.40149
CA 4.19994 30.3109 3.39879
CA 4.89996 29.0984 3.39678
CA 6.29982 29.0983 3.39538
CA 6.99987 30.3108 3.39583
CA 8.39993 30.311 3.3948
CA 9.09988 29.0984 3.39516
CA 10.4998 29.0985 3.39641
CA 11.1999 30.3109 3.39772
CA 12.5999 30.3109 3.39878
CA 13.2999 29.0984 3.3995
CA 14.6999 29.0984 3.40072
CA 15.4 30.3108 3.40036
CA 16.8001 30.3108 3.40117
CA 17.5001 29.0983 3.40069
CA 18.9 29.0985 3.40052
CA 19.6001 30.3109 3.40089
CA 20.9999 30.3109 3.40031
CA 21.7001 29.0985 3.40022
CA 23.1 29.0985 3.39998
CA 23.8 30.3108 3.40098
CA 25.2 30.3109 3.40092
CA 25.9 29.0985 3.39952
CA 27.2999 29.0986 3.39917
CA 28 30.311 3.39941
CA 29.3999 30.3111 3.4001
CA 30.1001 29.0985 3.39971
CA 31.5 29.0985 3.40027
CA 32.2 30.3109 3.39997
CA 33.6 30.3108 3.40045
CA 34.3001 29.0984 3.40177
CA 35.7001 29.0984 3.40112
CA 36.4002 30.3108 3.39884
CA 37.8002 30.3109 3.39781
CA 38.5002 29.0984 3.39836
CA 39.9001 29.0983 3.39851
CA 40.6 30.3108 3.39918
CA 41.9999 30.3108 3.3995
CA 42.7 29.0983 3.39921
CA 44.0999 29.0984 3.39906
CA 44.8 30.3109 3.39977
CA 46.2 30.3109 3.4001
CA 46.8999 29.0984 3.39953
CA 48.3 29.0984 3.40038
CA 49 30.3108 3.4015
CA 50.4 30.3109 3.40175
CA 51.1001 29.0983 3.40199
CA 52.4999 29.0984 3.40153
CA 53.2001 30.3107 3.40026
CA 54.6 30.311 3.39993
CA 55.2999 29.0984 3.40057
CA 56.6999 29.0985 3.40007
CA 57.4 30.3108 3.39934
CA 58.8 30.3109 3.39841
CA 59.5 29.0984 3.39767
CA 60.8999 29.0984 3.39855
CA 61.5999 30.3108 3.39988
CA 62.9998 32.7357 3.40121
CA 0.699902 31.5233 3.40257
CA 2.09989 31.5234 3.40226
CA 2.79987 32.7357 3.40055
CA 4.19982 32.7358 3.39943
CA 4.89993 31.5233 3.39862
CA 6.29982 31.5233 3.39782
CA 6.99999 32.7357 3.39988
CA 8.4 32.7359 3.39985
CA 9.09987 31.5234 3.39733
CA 10.4999 31.5234 3.39841
CA 11.1999 32.7358 3.40028
CA 12.5999 32.7359 3.40006
CA 13.3 31.5233 3.39928
CA 14.7 31.5233 3.39974
CA 15.4 32.7357 3.40038
CA 16.8001 32.7358 3.40104
CA 17.5001 31.5233 3.40134
CA 18.9001 31.5233 3.40089
CA 19.6001 32.7357 3.3998
CA 21 32.7358 3.39914
CA 21.7 31.5233 3.4
CA 23.1 31.5234 3.40078
CA 23.8 32.7357 3.40049
CA 25.2 32.7357 3.40048
CA 25.9 31.5233 3.40056
CA 27.3 31.5234 3.4003
CA 27.9999 32.7358 3.40218
CA 29.3999 32.7358 3.40532
CA 30.1001 31.5232 3.40268
CA 31.5001 31.5234 3.40016
CA 32.2 32.7357 3.39789
CA 33.6001 32.7358 3.39672
CA 34.3001 31.5233 3.3991
CA 35.7002 31.5233 3.39819
CA 36.4002 32.7357 3.39842
CA 37.8003 32.7358 3.39849
CA 38.5002 31.5232 3.39776
CA 39.9001 31.5233 3.39922
CA 40.6001 32.7357 3.39975
CA 42.0001 32.7359 3.39986
CA 42.7 31.5233 3.39991
CA 44.1 31.5234 3.39964
CA 44.8 32.7358 3.39942
CA 46.1999 32.7358 3.39955
CA 46.9002 31.5232 3.40079
CA 48.3 31.5234 3.40076
CA 49 32.7357 3.39977
CA 50.4 32.7358 3.40038
CA 51.1 31.5232 3.40062
CA 52.5 31.5233 3.3998
CA 53.2001 32.7356 3.39924
CA 54.6 32.7357 3.39912
CA 55.3 31.5233 3.39955
CA 56.6998 31.5234 3.39962
CA 57.3999 32.7358 3.39942
CA 58.7999 32.7358 3.39925
CA 59.5 31.5232 3.39839
CA 60.8999 31.5233 3.39896
CA 61.5999 32.7357 3.39968
CA 62.9999 35.1607 3.40086
CA 0.6999 33.9481 3.40104
CA 2.09994 33.9481 3.40052
CA 2.7999 35.1607 3.39992
CA 4.19991 35.1607 3.39963
CA 4.89988 33.9482 3.3995
CA 6.29992 33.9484 3.40045
CA 6.99992 35.1607 3.4013
CA 8.4 35.1607 3.40181
CA 9.09998 33.9482 3.40166
CA 10.4998 33.9482 3.40138
CA 11.1999 35.1606 3.40149
CA 12.6 35.1607 3.40114
CA 13.3001 33.9482 3.4008
CA 14.7001 33.9484 3.40065
CA 15.4002 35.1606 3.40106
CA 16.8 35.1607 3.40114
CA 17.5 33.9482 3.40083
CA 18.9001 33.9482 3.3998
CA 19.6001 35.1607 3.3993
CA 21 35.1606 3.39886
CA 21.7 33.9482 3.39887
CA 23.1 33.9483 3.39948
CA 23.8001 35.1606 3.39946
CA 25.1999 35.1606 3.39906
CA 25.9001 33.9481 3.39919
CA 27.2999 33.9482 3.39946
CA 27.9999 35.1606 3.39837
CA 29.4 35.1607 3.39757
CA 30.1 33.9483 3.40043
CA 31.4999 33.9484 3.39689
CA 32.1999 35.1609 3.39396
CA 33.6001 35.161 3.39361
CA 34.3003 33.9483 3.39561
CA 35.7003 33.9482 3.39994
CA 36.4003 35.1607 3.40366
CA 37.8001 35.1606 3.40255
CA 38.5002 33.9482 3.39987
CA 39.9001 33.9483 3.39946
CA 40.6001 35.1606 3.39952
CA 42 35.1607 3.39971
CA 42.7001 33.9481 3.39936
CA 44.0998 33.9482 3.39862
CA 44.7999 35.1605 3.39862
CA 46.2 35.1606 3.39773
CA 46.9002 33.9481 3.39786
CA 48.3001 33.9483 3.39786
CA 49.0001 35.1605 3.39942
CA 50.4 35.1607 3.4011
CA 51.0999 33.9482 3.40049
CA 52.5 33.9482 3.40005
CA 53.2 35.1606 3.40024
CA 54.6001 35.1607 3.39918
CA 55.2999 33.9482 3.39905
CA 56.6999 33.9482 3.39927
CA 57.4 35.1607 3.39994
CA 58.7999 35.1608 3.40065
CA 59.4999 33.9482 3.39954
CA 60.8999 33.9482 3.39939
CA 61.5999 35.1607 3.40032
CA 62.9999 37.5855 3.40082
CA 0.699873 36.3731 3.40097
CA 2.09987 36.3732 3.40052
CA 2.80003 37.5854 3.39995
CA 4.19986 37.5856 3.39946
CA 4.89982 36.3732 3.39962
CA 6.29989 36.3732 3.40034
CA 6.99995 37.5855 3.40047
CA 8.39987 37.5855 3.40064
CA 9.09996 36.373 3.40137
CA 10.4999 36.3731 3.40109
CA 11.2 37.5854 3.40011
CA 12.6 37.5854 3.40012
CA 13.3 36.3731 3.40091
CA 14.7001 36.3731 3.40111
CA 15.4001 37.5855 3.40089
CA 16.8001 37.5856 3.40094
CA 17.5001 36.373 3.40122
CA 18.9 36.3731 3.4003
CA 19.6 37.5855 3.39996
CA 20.9999 37.5856 3.3998
CA 21.7 36.373 3.39952
CA 23.1 36.3731 3.39966
CA 23.8001 37.5855 3.39946
CA 25.2001 37.5856 3.39944
CA 25.9001 36.373 3.39888
CA 27.3 36.3731 3.39826
CA 28.0001 37.5855 3.39904
CA 29.3999 37.5855 3.39899
CA 30.1 36.3732 3.39763
CA 31.4999 36.3733 3.39709
CA 32.1999 37.5856 3.39797
CA 33.6 37.5857 3.39865
CA 34.3001 36.3732 3.3988
CA 35.7002 36.3731 3.40347
CA 36.4002 37.5855 3.40381
CA 37.8001 37.5856 3.40419
CA 38.5002 36.373 3.40278
CA 39.9001 36.3732 3.40026
CA 40.6001 37.5856 3.4007
CA 41.9999 37.5855 3.40095
CA 42.7001 36.373 3.40086
CA 44.0999 36.373 3.40068
CA 44.8001 37.5854 3.40115
CA 46.2001 37.5855 3.39976
CA 46.9001 36.373 3.39881
CA 48.3001 36.3731 3.39996
CA 49.0001 37.5855 3.40154
CA 50.4 37.5857 3.40181
CA 51.1001 36.3731 3.4017
CA 52.5 36.3733 3.40102
CA 53.2 37.5856 3.40058
CA 54.5999 37.5856 3.39999
CA 55.2999 36.3732 3.39949
CA 56.6999 36.3732 3.39997
CA 57.4 37.5856 3.40115
CA 58.8 37.5856 3.40227
CA 59.5 36.3732 3.40161
CA 60.8999 36.3732 3.40129
CA 61.6 37.5854 3.40169
CA 3.0233e-05 40.0104 3.39971
CA 0.699877 38.7978 3.40014
CA 2.09981 38.7979 3.3995
CA 2.79989 40.0103 3.39844
CA 4.19993 40.0103 3.39906
CA 4.89994 38.7979 3.39948
CA 6.29992 38.7979 3.40021
CA 6.99999 40.0104 3.40048
CA 8.39989 40.0104 3.40065
CA 9.09988 38.798 3.40051
CA 10.5001 38.7979 3.40007
CA 11.2001 40.0103 3.39967
CA 12.6 40.0103 3.39907
CA 13.3 38.7979 3.39956
CA 14.7 38.7979 3.40017
CA 15.4001 40.0103 3.39996
CA 16.8001 40.0104 3.39948
CA 17.5001 38.798 3.39994
CA 18.9 38.798 3.3997
CA 19.6 40.0103 3.39833
CA 20.9999 40.0105 3.3985
CA 21.6999 38.7979 3.39921
CA 23.1 38.7982 3.3993
CA 23.8001 40.0104 3.3994
CA 25.2001 40.0104 3.40031
CA 25.9001 38.798 3.40008
CA 27.3001 38.798 3.40001
CA 28.0001 40.0103 3.40142
CA 29.3999 40.0103 3.40164
CA 30.0999 38.7978 3.40019
CA 31.4999 38.7981 3.39965
CA 32.1999 40.0103 3.39908
CA 33.6 40.0105 3.39801
CA 34.3 38.798 3.39916
CA 35.7001 38.798 3.40092
CA 36.4001 40.0104 3.40017
CA 37.8002 40.0104 3.40191
CA 38.5003 38.7979 3.40315
CA 39.9001 38.798 3.40203
CA 40.6 40.0103 3.40138
CA 41.9999 40.0103 3.40027
CA 42.6999 38.7979 3.40122
CA 44.1001 38.798 3.40129
CA 44.8002 40.0104 3.39963
CA 46.2 40.0105 3.39848
CA 46.9001 38.7979 3.39945
CA 48.3 38.7979 3.40029
CA 49.0001 40.0104 3.39926
CA 50.4001 40.0105 3.40004
CA 51.1001 38.798 3.4005
CA 52.5 38.7981 3.40039
CA 53.1999 40.0104 3.40054
CA 54.5999 40.0105 3.4007
CA 55.3001 38.7979 3.40045
CA 56.7 38.7979 3.40093
CA 57.3999 40.0104 3.40151
CA 58.7999 40.0103 3.40203
CA 59.5 38.7979 3.4026
CA 60.8998 38.7978 3.40202
CA 61.6 40.0103 3.40088
CA 1.70643e-05 42.4353 3.39895
CA 0.699944 41.2228 3.39865
CA 2.09983 41.2228 3.39826
CA 2.7999 42.4351 3.39835
CA 4.19995 42.4353 3.39864
CA 4.9 41.2227 3.39911
CA 6.30008 41.2228 3.39982
CA 7.00005 42.4352 3.40001
CA 8.39993 42.4352 3.4008
CA 9.0999 41.2228 3.40118
CA 10.5 41.2228 3.40054
CA 11.2 42.4352 3.40032
CA 12.6 42.4352 3.39932
CA 13.3001 41.2227 3.39933
CA 14.7 41.2228 3.39959
CA 15.4 42.4352 3.39922
CA 16.8 42.4352 3.3986
CA 17.5002 41.2228 3.39826
CA 18.9 41.2228 3.39755
CA 19.6 42.4351 3.39752
CA 21.0001 42.4353 3.39827
CA 21.7 41.2227 3.39814
CA 23.1001 41.2227 3.39823
CA 23.8001 42.4352 3.39755
CA 25.1999 42.4352 3.39781
CA 25.9 41.2228 3.40007
CA 27.3001 41.2228 3.40164
CA 28 42.4352 3.4021
CA 29.3999 42.4352 3.40344
CA 30.1 41.2227 3.40305
CA 31.4999 41.2228 3.40035
CA 32.2 42.4351 3.39918
CA 33.5999 42.4353 3.39778
CA 34.3 41.2228 3.39743
CA 35.7 41.2228 3.39825
CA 36.4 42.4352 3.39853
CA 37.8 42.4352 3.40045
CA 38.5001 41.2227 3.40168
CA 39.9 41.2227 3.4015
CA 40.6 42.4351 3.40079
CA 41.9998 42.4352 3.39945
CA 42.7 41.2227 3.39918
CA 44.1 41.2229 3.39891
CA 44.8001 42.4352 3.39826
CA 46.2001 42.4354 3.39722
CA 46.9001 41.2228 3.39715
CA 48.3001 41.223 3.397
CA 49.0002 42.4353 3.39716
CA 50.4001 42.4354 3.39903
CA 51.1001 41.2229 3.4
CA 52.5 41.223 3.40035
CA 53.1999 42.4353 3.40015
CA 54.6001 42.4354 3.39972
CA 55.3001 41.2229 3.40057
CA 56.7001 41.2229 3.40086
CA 57.4001 42.4352 3.40055
CA 58.7999 42.4353 3.40017
CA 59.4998 41.2229 3.4007
CA 60.9 41.2229 3.40011
CA 61.6 42.4352 3.39913
CA 62.9999 44.8601 3.39849
CA 0.700001 43.6476 3.39897
CA 2.09987 43.6477 3.39868
CA 2.79992 44.86 3.39898
CA 4.20006 44.8601 3.39953
CA 4.90002 43.6475 3.39896
CA 6.29997 43.6475 3.39958
CA 7.0001 44.8599 3.3999
CA 8.40009 44.8601 3.4007
CA 9.09994 43.6475 3.40095
CA 10.4999 43.6478 3.40134
CA 11.2 44.86 3.40143
CA 12.5999 44.8601 3.40049
CA 13.2999 43.6475 3.39926
CA 14.7 43.6476 3.39887
CA 15.4001 44.86 3.39931
CA 16.8001 44.8602 3.39927
CA 17.5002 43.6476 3.39851
CA 18.9001 43.6478 3.39799
CA 19.6001 44.8601 3.39894
CA 21.0001 44.8601 3.39972
CA 21.7001 43.6476 3.39878
CA 23.1001 43.6477 3.39886
CA 23.8 44.86 3.40006
CA 25.1999 44.8601 3.39905
CA 25.9 43.6476 3.39792
CA 27.2999 43.6477 3.39983
CA 27.9999 44.86 3.39996
CA 29.3998 44.8599 3.40177
CA 30.1 43.6475 3.40211
CA 31.4998 43.6476 3.4011
CA 32.2 44.8597 3.40357
CA 33.6 44.8601 3.4004
CA 34.3 43.6476 3.398
CA 35.6999 43.6478 3.39799
CA 36.4001 44.86 3.39913
CA 37.8 44.8602 3.4004
CA 38.5 43.6476 3.40089
CA 39.9 43.6477 3.40083
CA 40.5999 44.86 3.40016
CA 41.9999 44.8601 3.39913
CA 42.7 43.6476 3.39901
CA 44.1 43.6477 3.39857
CA 44.8001 44.86 3.39827
CA 46.2 44.8603 3.39863
CA 46.9002 43.6477 3.39739
CA 48.3001 43.6478 3.39712
CA 49 44.8601 3.39821
CA 50.4 44.8601 3.39925
CA 51.1002 43.6476 3.39939
CA 52.4999 43.6478 3.40002
CA 53.2 44.8601 3.39969
CA 54.6 44.8602 3.39937
CA 55.3 43.6477 3.39943
CA 56.7 43.6477 3.39982
CA 57.4001 44.8601 3.39969
CA 58.8 44.8602 3.39903
CA 59.5 43.6476 3.39924
CA 60.9 43.6478 3.39883
CA 61.5999 44.8601 3.39908
CA 62.9998 47.2852 3.39846
CA 0.699923 46.0726 3.398
CA 2.09994 46.0727 3.39891
CA 2.79997 47.2852 3.40017
CA 4.2001 47.285 3.40099
CA 4.90011 46.0726 3.40032
CA 6.30004 46.0725 3.40023
CA 7.00019 47.2849 3.40053
CA 8.4001 47.285 3.40058
CA 9.10003 46.0724 3.40139
CA 10.5 46.0726 3.402
CA 11.2 47.285 3.40253
CA 12.5999 47.2851 3.4021
CA 13.2999 46.0725 3.40098
CA 14.7 46.0725 3.40007
CA 15.4 47.2849 3.40025
CA 16.8001 47.285 3.40049
CA 17.5002 46.0724 3.40018
CA 18.9 46.0725 3.40044
CA 19.6001 47.2849 3.40225
CA 21 47.285 3.40241
CA 21.7 46.0725 3.4011
CA 23.1 46.0725 3.40123
CA 23.8 47.2849 3.40098
CA 25.2 47.2849 3.39909
CA 25.8999 46.0725 3.39897
CA 27.2997 46.0724 3.39868
CA 27.9996 47.2845 3.39881
CA 29.3991 47.2838 3.40139
CA 30.0998 46.0719 3.40356
CA 31.4997 46.0722 3.40713
CA 32.2008 47.284 3.40403
CA 33.6004 47.2847 3.40022
CA 34.3002 46.0723 3.39934
CA 35.7 46.0724 3.39891
CA 36.4001 47.2848 3.39986
CA 37.8001 47.2849 3.40076
CA 38.5001 46.0724 3.40101
CA 39.8999 46.0725 3.40046
CA 40.6 47.2848 3.39938
CA 42 47.2849 3.39816
CA 42.7 46.0724 3.39795
CA 44.1 46.0725 3.39765
CA 44.8001 47.2849 3.39813
CA 46.2 47.285 3.39988
CA 46.9001 46.0725 3.39967
CA 48.3 46.0726 3.39951
CA 49 47.2849 3.40066
CA 50.3999 47.2851 3.40046
CA 51.1 46.0725 3.40029
CA 52.4999 46.0726 3.40031
CA 53.2 47.2849 3.40139
CA 54.6 47.2851 3.40158
CA 55.3 46.0726 3.40043
CA 56.6999 46.0727 3.40008
CA 57.4 47.2852 3.40034
CA 58.8001 47.2852 3.3998
CA 59.5001 46.0727 3.39911
CA 60.9 46.0727 3.39914
CA 61.6 47.285 3.39886
CA 3.27249e-05 49.7099 3.40033
CA 0.699938 48.4975 3.39963
CA 2.09993 48.4975 3.40046
CA 2.79997 49.7098 3.40155
CA 4.20002 49.7098 3.40078
CA 4.90015 48.4974 3.40087
CA 6.3002 48.4975 3.40058
CA 7.00022 49.7099 3.40047
CA 8.40008 49.7099 3.40116
CA 9.10007 48.4974 3.40092
CA 10.5 48.4974 3.40187
CA 11.2 49.7099 3.40097
CA 12.6002 49.7101 3.40067
CA 13.3002 48.4974 3.40113
CA 14.7001 48.4976 3.39978
CA 15.4001 49.71 3.3985
CA 16.8001 49.71 3.39914
CA 17.5001 48.4974 3.40074
CA 18.9001 48.4974 3.40295
CA 19.6001 49.7099 3.40419
CA 21 49.71 3.40423
CA 21.7 48.4975 3.4032
CA 23.1 48.4975 3.40184
CA 23.8 49.71 3.40019
CA 25.2 49.71 3.39815
CA 25.8999 48.4972 3.39645
CA 27.2999 48.4972 3.39655
CA 27.9993 49.7099 3.40011
CA 29.3987 49.7101 3.40122
CA 30.0988 48.4959 3.401
CA 31.5014 48.4962 3.40089
CA 32.2011 49.7099 3.39845
CA 33.6005 49.7099 3.39723
CA 34.3002 48.4971 3.39733
CA 35.7 48.4973 3.39961
CA 36.4001 49.7097 3.40193
CA 37.8001 49.7098 3.40208
CA 38.5001 48.4973 3.40101
CA 39.9 48.4974 3.39966
CA 40.6 49.7098 3.39901
CA 42 49.71 3.39767
CA 42.7001 48.4973 3.39756
CA 44.1 48.4975 3.39813
CA 44.8 49.7098 3.39957
CA 46.1999 49.7098 3.40055
CA 46.9001 48.4974 3.40083
CA 48.3 48.4974 3.40115
CA 49.0001 49.7098 3.40086
CA 50.4 49.7099 3.401
CA 51.1 48.4974 3.40082
CA 52.5 48.4974 3.40125
CA 53.1999 49.7097 3.40088
CA 54.6 49.7097 3.40141
CA 55.3001 48.4974 3.40202
CA 56.7 48.4976 3.40101
CA 57.4 49.7098 3.40069
CA 58.7999 49.7099 3.40012
CA 59.4999 48.4975 3.40016
CA 60.8999 48.4975 3.39952
CA 61.6 49.7097 3.39982
CA 6.75552e-06 52.1347 3.401
CA 0.70001 50.9223 3.40175
CA 2.09991 50.9223 3.40233
CA 2.80002 52.1347 3.40161
CA 4.19996 52.1348 3.39972
CA 4.9001 50.9223 3.39964
CA 6.30027 50.9224 3.40037
CA 7.00015 52.1348 3.40209
CA 8.40005 52.1348 3.40299
CA 9.10003 50.9223 3.40171
CA 10.5 50.9224 3.40054
CA 11.2002 52.1348 3.40009
CA 12.6001 52.1348 3.39804
CA 13.3002 50.9224 3.39858
CA 14.7002 50.9226 3.39781
CA 15.4002 52.1348 3.39742
CA 16.8001 52.1349 3.39868
CA 17.5002 50.9224 3.39978
CA 18.9001 50.9225 3.40238
CA 19.6001 52.1348 3.40238
CA 21 52.1348 3.40256
CA 21.7 50.9223 3.40245
CA 23.1 50.9224 3.40069
CA 23.8002 52.1347 3.39932
CA 25.2001 52.1348 3.39874
CA 25.9 50.9223 3.39928
CA 27.2998 50.9225 3.40145
CA 28.0001 52.1347 3.40253
CA 29.3999 52.1349 3.40218
CA 30.0998 50.9225 3.40119
CA 31.5002 50.9225 3.39938
CA 32.2002 52.1348 3.39884
CA 33.6 52.1349 3.40007
CA 34.3002 50.9223 3.39937
CA 35.7 50.9224 3.40182
CA 36.4002 52.1347 3.40274
CA 37.8 52.1347 3.40152
CA 38.5 50.9221 3.40141
CA 39.9 50.9223 3.3998
CA 40.6001 52.1346 3.39906
CA 42 52.1347 3.39849
CA 42.7 50.9223 3.39815
CA 44.1 50.9222 3.39962
CA 44.8 52.1345 3.40059
CA 46.2 52.1347 3.40008
CA 46.9 50.9221 3.40029
CA 48.3001 50.9223 3.40049
CA 49.0002 52.1347 3.40013
CA 50.4001 52.1347 3.39988
CA 51.1 50.9221 3.40036
CA 52.4999 50.9223 3.39993
CA 53.1999 52.1346 3.39988
CA 54.5999 52.1347 3.39891
CA 55.3001 50.9222 3.40006
CA 56.7001 50.9223 3.39988
CA 57.4001 52.1346 3.39954
CA 58.8 52.1347 3.39992
CA 59.4999 50.9223 3.39977
CA 60.8999 50.9224 3.39916
CA 61.6 52.1348 3.39871
CA 62.9998 54.5595 3.40085
CA 0.699932 53.3471 3.40195
CA 2.09988 53.3472 3.40231
CA 2.80011 54.5595 3.40079
CA 4.19999 54.5596 3.39838
CA 4.90009 53.3471 3.39899
CA 6.30003 53.3472 3.40037
CA 7 54.5596 3.39976
CA 8.39997 54.5597 3.40359
CA 9.10003 53.3472 3.40442
CA 10.5 53.3474 3.40268
CA 11.2 54.5597 3.40207
CA 12.6 54.5598 3.39953
CA 13.3 53.3472 3.39728
CA 14.7001 53.3473 3.39683
CA 15.4001 54.5597 3.39766
CA 16.8002 54.5599 3.39791
CA 17.5001 53.3473 3.39889
CA 18.9001 53.3473 3.40085
CA 19.6 54.5598 3.39908
CA 20.9998 54.5598 3.39982
CA 21.7 53.3471 3.40207
CA 23.1 53.3473 3.40027
CA 23.8002 54.5596 3.39936
CA 25.2002 54.5597 3.3999
CA 25.9002 53.3472 3.39938
CA 27.3001 53.3473 3.40066
CA 28.0002 54.5597 3.40059
CA 29.4001 54.5598 3.40039
CA 30.1002 53.3472 3.40046
CA 31.5001 53.3472 3.3992
CA 32.2001 54.5596 3.39827
CA 33.6 54.5597 3.39945
CA 34.3 53.3472 3.40183
CA 35.7001 53.3472 3.40274
CA 36.4001 54.5597 3.40038
CA 37.8001 54.5597 3.39922
CA 38.5001 53.347 3.39993
CA 39.9 53.3472 3.39911
CA 40.6 54.5595 3.39904
CA 42 54.5597 3.40059
CA 42.7001 53.347 3.40009
CA 44.1001 53.3472 3.40116
CA 44.8002 54.5595 3.40133
CA 46.2001 54.5596 3.40026
CA 46.9001 53.3471 3.39989
CA 48.3001 53.3471 3.39967
CA 49.0001 54.5595 3.39944
CA 50.4001 54.5595 3.40022
CA 51.1 53.347 3.40042
CA 52.5 53.3472 3.40094
CA 53.2001 54.5594 3.40096
CA 54.5999 54.5595 3.39965
CA 55.3001 53.3471 3.39863
CA 56.7 53.347 3.3991
CA 57.4 54.5593 3.39958
CA 58.8 54.5595 3.39923
CA 59.5001 53.3471 3.39942
CA 60.8999 53.3473 3.39841
CA 61.6 54.5595 3.39907
CA 63 56.9845 3.40144
CA 0.699856 55.772 3.40161
CA 2.09997 55.772 3.40056
CA 2.80003 56.9845 3.39742
CA 4.19996 56.9845 3.39574
CA 4.9 55.7719 3.39581
CA 6.30003 55.772 3.39622
CA 7.00006 56.9845 3.39687
CA 8.39993 56.9846 3.3997
CA 9.09999 55.7721 3.40293
CA 10.5 55.7721 3.40325
CA 11.2 56.9845 3.40182
CA 12.6 56.9845 3.40123
CA 13.3001 55.7721 3.40028
CA 14.7 55.7722 3.39947
CA 15.4001 56.9845 3.40051
CA 16.8001 56.9845 3.4009
CA 17.5002 55.7721 3.39892
CA 18.9 55.7722 3.39765
CA 19.6 56.9845 3.39682
CA 20.9998 56.9847 3.39498
CA 21.7001 55.7721 3.39611
CA 23.1001 55.7721 3.39838
CA 23.8002 56.9845 3.39908
CA 25.2002 56.9846 3.40047
CA 25.9002 55.7721 3.40104
CA 27.3002 55.7722 3.40119
CA 28.0002 56.9846 3.40176
CA 29.4001 56.9846 3.40126
CA 30.1002 55.7721 3.4
CA 31.5001 55.7721 3.39881
CA 32.2001 56.9845 3.39923
CA 33.6001 56.9844 3.39906
CA 34.3001 55.772 3.39855
CA 35.7 55.7721 3.39911
CA 36.4001 56.9844 3.39847
CA 37.8001 56.9845 3.39823
CA 38.5002 55.772 3.39782
CA 39.9 55.772 3.39787
CA 40.6001 56.9843 3.39837
CA 42 56.9844 3.40032
CA 42.7 55.772 3.40151
CA 44.1001 55.7721 3.40184
CA 44.8002 56.9844 3.40109
CA 46.2002 56.9844 3.40056
CA 46.9002 55.7719 3.40019
CA 48.3001 55.7719 3.40012
CA 49.0002 56.9843 3.40058
CA 50.4001 56.9844 3.40042
CA 51.1001 55.7718 3.40064
CA 52.5001 55.7719 3.40115
CA 53.1999 56.9844 3.4008
CA 54.6 56.9844 3.40008
CA 55.2999 55.7719 3.39967
CA 56.6999 55.772 3.39923
CA 57.3999 56.9844 3.39948
CA 58.7999 56.9844 3.39886
CA 59.5 55.7719 3.39865
CA 60.9 55.7719 3.39874
CA 61.5999 56.9843 3.4002
CA 63 59.4093 3.40045
CA 0.700088 58.197 3.40035
CA 2.09984 58.1971 3.39769
CA 2.7999 59.4093 3.39831
CA 4.19987 59.4094 3.39929
CA 4.90005 58.1968 3.39642
CA 6.30004 58.1969 3.3967
CA 7.00002 59.4092 3.39757
CA 8.39999 59.4092 3.39767
CA 9.09992 58.1969 3.39943
CA 10.4999 58.197 3.40048
CA 11.2001 59.4092 3.39939
CA 12.6 59.4094 3.39953
CA 13.3001 58.1969 3.4001
CA 14.7001 58.197 3.39953
CA 15.4001 59.4093 3.39818
CA 16.8002 59.4094 3.39747
CA 17.5002 58.1969 3.40086
CA 18.9 58.1971 3.39909
CA 19.5999 59.4095 3.39938
CA 20.9999 59.4096 3.39987
CA 21.7 58.1969 3.39798
CA 23.1001 58.197 3.39949
CA 23.8001 59.4094 3.40166
CA 25.2002 59.4096 3.4014
CA 25.9003 58.197 3.40107
CA 27.3002 58.1971 3.40193
CA 28.0002 59.4093 3.40168
CA 29.4 59.4095 3.40058
CA 30.1 58.1969 3.40102
CA 31.5 58.197 3.40046
CA 32.2 59.4093 3.4006
CA 33.6001 59.4093 3.4007
CA 34.3002 58.1967 3.4001
CA 35.7 58.1968 3.39943
CA 36.4001 59.4091 3.39994
CA 37.8 59.4092 3.40054
CA 38.5001 58.1967 3.39985
CA 39.9 58.1969 3.39884
CA 40.6 59.4092 3.39955
CA 42 59.4093 3.39967
CA 42.7001 58.1967 3.40045
CA 44.1001 58.1969 3.40069
CA 44.8001 59.4091 3.39985
CA 46.2001 59.4092 3.40019
CA 46.9002 58.1967 3.40051
CA 48.3002 58.1968 3.4007
CA 49.0002 59.4092 3.40085
CA 50.4002 59.4093 3.40085
CA 51.1001 58.1967 3.40064
CA 52.4999 58.1968 3.40023
CA 53.1999 59.4092 3.39971
CA 54.6 59.4093 3.40063
CA 55.3 58.1969 3.40076
CA 56.6999 58.1971 3.40066
CA 57.4 59.4092 3.4005
CA 58.7998 59.4093 3.3991
CA 59.4999 58.1968 3.39887
CA 60.8999 58.1968 3.39986
CA 61.6 59.4091 3.40055
CA 62.9999 61.8341 3.39856
CA 0.70004 60.6215 3.39925
CA 2.09987 60.6217 3.39937
CA 2.79976 61.8341 3.40223
CA 4.19998 61.8344 3.40623
CA 4.90015 60.6216 3.4036
CA 6.29997 60.6217 3.40012
CA 7.00002 61.834 3.39954
CA 8.39992 61.8342 3.39951
CA 9.09987 60.6216 3.39861
CA 10.4999 60.6218 3.39876
CA 11.2001 61.8343 3.39818
CA 12.6001 61.8344 3.39857
CA 13.3001 60.6218 3.39899
CA 14.7001 60.622 3.3986
CA 15.4002 61.8343 3.39944
CA 16.8002 61.8346 3.39979
CA 17.5003 60.622 3.397
CA 18.9001 60.6221 3.39969
CA 19.5999 61.8344 3.40161
CA 20.9998 61.8344 3.40104
CA 21.7 60.6219 3.40073
CA 23.0999 60.622 3.40213
CA 23.8001 61.8344 3.40095
CA 25.2 61.8344 3.40058
CA 25.9003 60.6218 3.40156
CA 27.3001 60.6219 3.40106
CA 28.0002 61.8342 3.39905
CA 29.4 61.8342 3.39776
CA 30.1 60.6218 3.39907
CA 31.4999 60.6218 3.40043
CA 32.2 61.8341 3.40091
CA 33.5999 61.834 3.4008
CA 34.3001 60.6216 3.40012
CA 35.7 60.6216 3.39944
CA 36.4001 61.8339 3.40019
CA 37.8001 61.834 3.40043
CA 38.5002 60.6216 3.40027
CA 39.9 60.6217 3.3999
CA 40.5999 61.8339 3.39957
CA 41.9998 61.834 3.39876
CA 42.7 60.6216 3.39926
CA 44.1002 60.6216 3.39953
CA 44.8001 61.8339 3.40007
CA 46.2 61.8341 3.40132
CA 46.9002 60.6216 3.40093
CA 48.3001 60.6217 3.40108
CA 49 61.834 3.40082
CA 50.4001 61.834 3.40034
CA 51.1001 60.6215 3.40012
CA 52.4999 60.6217 3.39921
CA 53.2 61.8339 3.39837
CA 54.6 61.8341 3.39863
CA 55.3 60.6215 3.40055
CA 56.7 60.6216 3.40047
CA 57.4 61.834 3.39907
CA 58.7999 61.8342 3.39865
CA 59.4999 60.6216 3.39877
CA 60.8999 60.6217 3.39922
CA 61.6 61.8341 3.39889
CA 62.9999 64.2588 3.39785
CA 0.699865 63.0465 3.39796
CA 2.09982 63.0466 3.40022
CA 2.79998 64.2589 3.40041
CA 4.19994 64.2591 3.40064
CA 4.89997 63.0468 3.40243
CA 6.29988 63.0467 3.40017
CA 7.00001 64.2591 3.40054
CA 8.39988 64.2592 3.40163
CA 9.09995 63.0466 3.40072
CA 10.5 63.0468 3.39886
CA 11.2001 64.2592 3.39839
CA 12.6 64.2594 3.39942
CA 13.3001 63.0467 3.39972
CA 14.7 63.0469 3.39962
CA 15.4001 64.2593 3.39997
CA 16.8 64.2593 3.4024
CA 17.5001 63.0468 3.40348
CA 18.8999 63.0467 3.40341
CA 19.5999 64.259 3.40376
CA 21 64.2591 3.40325
CA 21.7 63.0467 3.40021
CA 23.1 63.0469 3.39862
CA 23.8001 64.2591 3.39785
CA 25.2001 64.2592 3.39737
CA 25.9002 63.0468 3.39821
CA 27.3001 63.0466 3.39762
CA 28.0001 64.259 3.39725
CA 29.4 64.2589 3.39961
CA 30.1 63.0465 3.39908
CA 31.4999 63.0465 3.40103
CA 32.1999 64.2588 3.40133
CA 33.5997 64.2589 3.40064
CA 34.2999 63.0464 3.40063
CA 35.6999 63.0462 3.40232
CA 36.3998 64.2585 3.40642
CA 37.8001 64.2586 3.40499
CA 38.5002 63.0462 3.40167
CA 39.9 63.0463 3.40041
CA 40.6001 64.2586 3.40034
CA 42 64.2588 3.39866
CA 42.7 63.0463 3.39866
CA 44.1 63.0464 3.39984
CA 44.8001 64.2587 3.40162
CA 46.2 64.2587 3.40188
CA 46.9001 63.0463 3.40151
CA 48.3 63.0464 3.40054
CA 49.0001 64.2589 3.39972
CA 50.4 64.2589 3.39953
CA 51.1002 63.0465 3.39941
CA 52.5 63.0466 3.39825
CA 53.1999 64.2588 3.39839
CA 54.6 64.2588 3.39791
CA 55.3 63.0464 3.39804
CA 56.6999 63.0464 3.39793
CA 57.4 64.2588 3.39761
CA 58.8 64.259 3.39921
CA 59.4999 63.0466 3.3992
CA 60.9 63.0467 3.39907
CA 61.6 64.2589 3.39882
CA 2.30061e-05 66.6837 3.39908
CA 0.699936 65.4712 3.39867
CA 2.09986 65.4714 3.3998
CA 2.80013 66.6837 3.40023
CA 4.19998 66.684 3.39984
CA 4.89995 65.4714 3.39914
CA 6.30001 65.4716 3.39911
CA 7.0002 66.684 3.39995
CA 8.39998 66.6842 3.40104
CA 9.10005 65.4717 3.40077
CA 10.5 65.4718 3.39784
CA 11.1999 66.6842 3.39462
CA 12.6001 66.6842 3.39101
CA 13.3002 65.4716 3.39539
CA 14.7002 65.4717 3.39771
CA 15.4001 66.6841 3.39841
CA 16.7999 66.6841 3.3998
CA 17.5 65.4716 3.40145
CA 18.8999 65.4717 3.40221
CA 19.6001 66.684 3.40114
CA 21 66.6842 3.40237
CA 21.7001 65.4716 3.40256
CA 23.1001 65.4718 3.39991
CA 23.8 66.684 3.40109
CA 25.2 66.684 3.40069
CA 25.9001 65.4716 3.3986
CA 27.3 65.4716 3.39848
CA 27.9999 66.6838 3.40097
CA 29.3997 66.6837 3.40122
CA 30.0998 65.4712 3.40244
CA 31.5 65.4713 3.40229
CA 32.1998 66.6837 3.40068
CA 33.5997 66.6838 3.401
CA 34.2998 65.4712 3.40183
CA 35.6996 65.4713 3.40474
CA 36.3998 66.6836 3.40249
CA 37.7999 66.6837 3.40218
CA 38.5 65.471 3.40397
CA 39.9001 65.4711 3.40177
CA 40.6001 66.6836 3.39769
CA 42.0002 66.6836 3.39529
CA 42.7 65.4712 3.39848
CA 44.1 65.4712 3.40197
CA 44.8 66.6836 3.40456
CA 46.2 66.6836 3.402
CA 46.9001 65.4711 3.40103
CA 48.3001 65.4712 3.39928
CA 49.0001 66.6836 3.39824
CA 50.3999 66.6837 3.39903
CA 51.1 65.4713 3.3996
CA 52.5 65.4713 3.39982
CA 53.2 66.6836 3.40112
CA 54.5999 66.6838 3.40026
CA 55.3001 65.4712 3.39831
CA 56.6999 65.4712 3.39777
CA 57.3999 66.6837 3.39907
CA 58.8001 66.6837 3.39994
CA 59.5001 65.4712 3.40016
CA 60.8999 65.4712 3.39993
CA 61.5999 66.6836 3.4
CA 62.9999 69.1089 3.40044
CA 0.699957 67.8962 3.3999
CA 2.10003 67.8964 3.40026
CA 2.8002 69.1089 3.4002
CA 4.20008 69.109 3.40142
CA 4.9 67.8964 3.40016
CA 6.29998 67.8967 3.39993
CA 7.00011 69.109 3.40166
CA 8.40001 69.1091 3.40245
CA 9.10001 67.8966 3.40197
CA 10.4999 67.8967 3.39913
CA 11.2 69.109 3.39941
CA 12.6 69.1091 3.39853
CA 13.3002 67.8966 3.39608
CA 14.7001 67.8966 3.39909
CA 15.4001 69.1088 3.40075
CA 16.8 69.1089 3.39971
CA 17.5 67.8964 3.39973
CA 18.9 67.8965 3.40007
CA 19.6002 69.1089 3.3993
CA 20.9999 69.109 3.40049
CA 21.7 67.8965 3.40191
CA 23.1 67.8965 3.40206
CA 23.8 69.1088 3.40202
CA 25.2 69.1088 3.40253
CA 25.8999 67.8964 3.40223
CA 27.2999 67.8964 3.40209
CA 27.9998 69.1088 3.40129
CA 29.3996 69.1086 3.39729
CA 30.0998 67.896 3.39739
CA 31.4999 67.8961 3.39801
CA 32.1999 69.1085 3.39898
CA 33.5997 69.1086 3.40122
CA 34.2998 67.8961 3.40089
CA 35.6999 67.8962 3.40072
CA 36.4 69.1088 3.39925
CA 37.8 69.1089 3.39893
CA 38.5 67.8962 3.40031
CA 39.9 67.8963 3.39927
CA 40.6 69.1087 3.39876
CA 42 69.1087 3.39733
CA 42.7001 67.8961 3.3986
CA 44.1 67.8961 3.40337
CA 44.7999 69.1086 3.40036
CA 46.2 69.1086 3.3992
CA 46.9001 67.896 3.39915
CA 48.3001 67.8962 3.39727
CA 49 69.1086 3.39632
CA 50.3999 69.1087 3.39801
CA 51.0999 67.8962 3.39952
CA 52.5 67.8962 3.40182
CA 53.2 69.1088 3.40248
CA 54.6 69.1087 3.40005
CA 55.3001 67.8962 3.40038
CA 56.7 67.8963 3.39989
CA 57.3999 69.1087 3.40058
CA 58.8 69.1087 3.40121
CA 59.4999 67.8961 3.40089
CA 60.8999 67.8962 3.40137
CA 61.6 69.1088 3.40154
CA 63 71.5339 3.40031
CA 0.700048 70.3214 3.39944
CA 2.10014 70.3213 3.39788
CA 2.80023 71.5337 3.39588
CA 4.20009 71.5339 3.40063
CA 4.9 70.3213 3.40209
CA 6.29998 70.3214 3.40143
CA 7.00002 71.5338 3.40015
CA 8.40002 71.5339 3.39966
CA 9.10001 70.3214 3.40171
CA 10.4999 70.3215 3.4013
CA 11.2001 71.5337 3.39985
CA 12.5999 71.5339 3.39916
CA 13.3 70.3214 3.39985
CA 14.6999 70.3215 3.40044
CA 15.4001 71.5339 3.39955
CA 16.8001 71.534 3.39819
CA 17.5002 70.3213 3.39806
CA 18.9001 70.3213 3.39734
CA 19.6001 71.5338 3.39658
CA 20.9999 71.5338 3.39809
CA 21.6999 70.3213 3.39975
CA 23.0999 70.3215 3.40096
CA 23.7999 71.5337 3.40046
CA 25.1999 71.5337 3.40087
CA 25.9 70.3212 3.40205
CA 27.2998 70.3211 3.40161
CA 27.9998 71.5335 3.39998
CA 29.3999 71.5336 3.3977
CA 30.0999 70.321 3.39691
CA 31.4997 70.3212 3.39789
CA 32.1999 71.5334 3.39885
CA 33.5998 71.5337 3.39978
CA 34.2998 70.3211 3.40027
CA 35.7 70.3214 3.39903
CA 36.4 71.5339 3.39814
CA 37.8001 71.534 3.39759
CA 38.5001 70.3213 3.39816
CA 39.9 70.3214 3.39888
CA 40.6 71.5338 3.39981
CA 42 71.5338 3.39985
CA 42.7001 70.3212 3.3966
CA 44.1 70.3212 3.39793
CA 44.8 71.5335 3.3999
CA 46.2 71.5336 3.3998
CA 46.9 70.321 3.39802
CA 48.3 70.321 3.39523
CA 49.0001 71.5336 3.39567
CA 50.4 71.5338 3.39885
CA 51.1 70.3211 3.39966
CA 52.5 70.3213 3.40179
CA 53.1999 71.5336 3.40135
CA 54.5999 71.5337 3.39988
CA 55.2999 70.3212 3.39744
CA 56.6999 70.3211 3.39949
CA 57.4 71.5335 3.40159
CA 58.8 71.5337 3.40209
CA 59.5001 70.3212 3.40169
CA 60.8999 70.3214 3.40178
CA 61.5999 71.5338 3.40167
CA 62.9999 73.9589 3.40131
CA 0.700029 72.7463 3.39923
CA 2.10006 72.7465 3.39681
CA 2.8001 73.9588 3.40041
CA 4.20016 73.9587 3.40049
CA 4.9002 72.7462 3.40103
CA 6.30013 72.7463 3.40059
CA 7.00023 73.9586 3.40135
CA 8.40012 73.9587 3.39934
CA 9.10011 72.7462 3.39863
CA 10.4999 72.7464 3.39939
CA 11.2 73.9587 3.39996
CA 12.5999 73.9588 3.39943
CA 13.3 72.7464 3.39875
CA 14.7001 72.7463 3.39976
CA 15.4002 73.9587 3.40107
CA 16.8001 73.9587 3.40112
CA 17.5002 72.7462 3.39864
CA 18.9 72.7462 3.39721
CA 19.6 73.9586 3.39806
CA 21 73.9586 3.39798
CA 21.6999 72.7461 3.39863
CA 23.1 72.7461 3.3995
CA 23.7999 73.9585 3.3997
CA 25.1998 73.9585 3.40013
CA 25.8998 72.7461 3.40032
CA 27.2998 72.7462 3.40033
CA 27.9998 73.9585 3.40102
CA 29.3999 73.9586 3.4004
CA 30.0999 72.7461 3.39786
CA 31.4999 72.746 3.3989
CA 32.1999 73.9585 3.40093
CA 33.6 73.9586 3.40204
CA 34.2999 72.7461 3.40094
CA 35.7 72.7463 3.39964
CA 36.4 73.9587 3.39879
CA 37.8001 73.9586 3.39742
CA 38.5001 72.7462 3.39813
CA 39.9001 72.7461 3.39997
CA 40.6001 73.9585 3.40051
CA 41.9999 73.9587 3.40234
CA 42.7 72.7462 3.40282
CA 44.0999 72.7461 3.40151
CA 44.7999 73.9586 3.40131
CA 46.1999 73.9585 3.39969
CA 46.9 72.746 3.39978
CA 48.2999 72.7462 3.39801
CA 48.9999 73.9586 3.39876
CA 50.3999 73.9587 3.40011
CA 51.0999 72.7462 3.40073
CA 52.4998 72.7463 3.40171
CA 53.1998 73.9586 3.40137
CA 54.5998 73.9588 3.40089
CA 55.2999 72.7461 3.40105
CA 56.6999 72.7462 3.40091
CA 57.4001 73.9587 3.40012
CA 58.8 73.9588 3.40182
CA 59.5001 72.7462 3.40203
CA 60.8999 72.7463 3.40161
CA 61.6 73.9587 3.40144
CA 62.9998 76.3836 3.39812
CA 0.699904 75.1712 3.40135
CA 2.09983 75.1713 3.40107
CA 2.7999 76.3836 3.39564
CA 4.20023 76.3836 3.39605
CA 4.90038 75.171 3.40026
CA 6.30024 75.1711 3.40254
CA 7.00031 76.3834 3.40282
CA 8.40014 76.3836 3.40043
CA 9.10003 75.1711 3.39998
CA 10.4999 75.1711 3.401
CA 11.2 76.3836 3.40243
CA 12.6 76.3837 3.40238
CA 13.3 75.1711 3.40069
CA 14.7001 75.1713 3.4012
CA 15.4002 76.3835 3.40114
CA 16.8001 76.3835 3.4008
CA 17.5001 75.171 3.40097
CA 18.8999 75.1711 3.39929
CA 19.6 76.3834 3.39819
CA 21 76.3834 3.39778
CA 21.7 75.1709 3.39861
CA 23.1 75.171 3.39948
CA 23.7999 76.3833 3.40022
CA 25.1998 76.3835 3.40098
CA 25.8998 75.1709 3.40046
CA 27.2998 75.1711 3.40193
CA 28 76.3835 3.40261
CA 29.3998 76.3835 3.40292
CA 30.0999 75.171 3.40219
CA 31.4998 75.1711 3.40192
CA 32.1999 76.3833 3.40232
CA 33.6 76.3835 3.4008
CA 34.3001 75.171 3.40141
CA 35.7 75.1711 3.3993
CA 36.4001 76.3834 3.39845
CA 37.8001 76.3835 3.39698
CA 38.5002 75.1709 3.39638
CA 39.9001 75.171 3.3983
CA 40.6 76.3834 3.39923
CA 42 76.3836 3.40075
CA 42.6999 75.171 3.40188
CA 44.1 75.171 3.40159
CA 44.8001 76.3835 3.40094
CA 46.2 76.3835 3.39963
CA 46.9001 75.1711 3.39887
CA 48.2999 75.1711 3.39816
CA 48.9998 76.3834 3.39849
CA 50.3999 76.3835 3.39965
CA 51.0999 75.171 3.40023
CA 52.4998 75.1711 3.40059
CA 53.1998 76.3835 3.39982
CA 54.6 76.3837 3.3984
CA 55.3 75.1711 3.39867
CA 56.7 75.1712 3.39898
CA 57.4001 76.3837 3.39995
CA 58.7999 76.3837 3.40101
CA 59.4999 75.1712 3.40143
CA 60.8999 75.1712 3.40112
CA 61.6 76.3835 3.3994
CA 62.9999 78.8085 3.3972
CA 0.69997 77.596 3.39652
CA 2.09987 77.5962 3.39636
CA 2.8001 78.8084 3.39804
CA 4.20012 78.8085 3.39937
CA 4.90027 77.5961 3.39935
CA 6.30024 77.5961 3.40219
CA 7.00013 78.8084 3.40103
CA 8.40005 78.8085 3.39907
CA 9.10007 77.5959 3.39941
CA 10.5001 77.596 3.40084
CA 11.2001 78.8084 3.40127
CA 12.6 78.8084 3.4025
CA 13.3 77.596 3.40225
CA 14.7001 77.596 3.40084
CA 15.4 78.8084 3.39996
CA 16.7999 78.8084 3.39922
CA 17.5 77.596 3.39936
CA 18.8999 77.596 3.39856
CA 19.6 78.8083 3.39916
CA 20.9999 78.8082 3.39875
CA 21.7 77.5959 3.39846
CA 23.0999 77.5958 3.40012
CA 23.7998 78.8082 3.40127
CA 25.1999 78.8083 3.40202
CA 25.8998 77.5958 3.40255
CA 27.2999 77.5958 3.40232
CA 27.9999 78.8081 3.40033
CA 29.3999 78.8083 3.39944
CA 30.0998 77.5958 3.40174
CA 31.4997 77.5958 3.40099
CA 32.1999 78.8081 3.39648
CA 33.6 78.8082 3.39783
CA 34.3001 77.5959 3.39977
CA 35.7001 77.5959 3.39984
CA 36.4002 78.8082 3.40158
CA 37.8 78.8083 3.40147
CA 38.5001 77.5959 3.39898
CA 39.9001 77.5959 3.39955
CA 40.6001 78.8083 3.40107
CA 42 78.8083 3.401
CA 42.7 77.5959 3.40088
CA 44.1 77.596 3.40089
CA 44.8 78.8082 3.40075
CA 46.1999 78.8083 3.40035
CA 46.9 77.5958 3.3995
CA 48.2999 77.596 3.39897
CA 48.9999 78.8083 3.39964
CA 50.3999 78.8084 3.40004
CA 51.0999 77.5959 3.40041
CA 52.4999 77.5961 3.40084
CA 53.2 78.8083 3.40102
CA 54.5998 78.8085 3.40089
CA 55.3 77.596 3.39995
CA 56.6999 77.5959 3.40087
CA 57.3999 78.8084 3.40206
CA 58.7999 78.8084 3.40175
CA 59.4999 77.596 3.40107
CA 60.8999 77.596 3.39959
CA 61.5999 78.8085 3.39845
CA 62.9999 81.2334 3.4003
CA 0.699935 80.0209 3.39886
CA 2.10003 80.0209 3.39941
CA 2.80015 81.2333 3.40132
CA 4.20006 81.2332 3.40108
CA 4.90009 80.0209 3.40098
CA 6.30007 80.0209 3.40124
CA 7 81.2331 3.40053
CA 8.40007 81.2332 3.39923
CA 9.10006 80.0208 3.39868
CA 10.5 80.0208 3.39951
CA 11.2 81.2331 3.40008
CA 12.6 81.2333 3.40154
CA 13.3 80.0207 3.40197
CA 14.7 80.0208 3.40059
CA 15.3999 81.2331 3.40007
CA 16.7998 81.2332 3.39992
CA 17.5 80.0207 3.39978
CA 18.9 80.0208 3.40017
CA 19.6 81.2331 3.40037
CA 20.9999 81.2331 3.39962
CA 21.7 80.0206 3.39959
CA 23.0999 80.0207 3.40062
CA 23.7999 81.233 3.40181
CA 25.1999 81.2332 3.40196
CA 25.9 80.0207 3.40143
CA 27.2998 80.0207 3.40029
CA 27.9999 81.2332 3.39996
CA 29.3999 81.2332 3.39797
CA 30.0999 80.0206 3.39696
CA 31.4997 80.0208 3.39433
CA 32.1999 81.2331 3.39497
CA 33.6 81.2332 3.39767
CA 34.3 80.0207 3.39916
CA 35.7001 80.0207 3.4023
CA 36.4001 81.233 3.40369
CA 37.8 81.2332 3.40304
CA 38.5002 80.0206 3.4025
CA 39.9001 80.0208 3.40188
CA 40.6001 81.233 3.40133
CA 42.0001 81.2332 3.40192
CA 42.7001 80.0206 3.40169
CA 44.1 80.0207 3.4013
CA 44.8 81.2331 3.40157
CA 46.1999 81.2331 3.40093
CA 46.9 80.0206 3.40027
CA 48.2999 80.0208 3.39966
CA 49 81.233 3.39949
CA 50.3999 81.2331 3.39924
CA 51.0999 80.0208 3.40012
CA 52.4999 80.0208 3.40073
CA 53.1999 81.2331 3.39933
CA 54.5998 81.2332 3.39912
CA 55.2999 80.0207 3.40072
CA 56.6997 80.0208 3.40154
CA 57.3998 81.2332 3.40044
CA 58.8 81.2333 3.40075
CA 59.5 80.0208 3.401
CA 60.8999 80.0208 3.39977
CA 61.5999 81.2332 3.39982
CA 62.9999 83.6583 3.40163
CA 0.699964 82.4457 3.40169
CA 2.10011 82.4458 3.40207
CA 2.80009 83.6581 3.40198
CA 4.19996 83.6581 3.40146
CA 4.89998 82.4456 3.40139
CA 6.29998 82.4456 3.40083
CA 6.99998 83.658 3.3996
CA 8.39988 83.6579 3.39843
CA 9.09998 82.4456 3.39888
CA 10.4999 82.4455 3.39901
CA 11.2001 83.658 3.39844
CA 12.6 83.6581 3.39951
CA 13.3 82.4456 3.40101
CA 14.6999 82.4456 3.40033
CA 15.3999 83.6581 3.39985
CA 16.7999 83.658 3.40038
CA 17.4999 82.4456 3.40039
CA 18.9 82.4455 3.40046
CA 19.6 83.658 3.40011
CA 20.9999 83.6581 3.39927
CA 21.6999 82.4456 3.39994
CA 23.0999 82.4457 3.40081
CA 23.7999 83.658 3.40006
CA 25.2 83.658 3.40044
CA 25.9 82.4455 3.40194
CA 27.2999 82.4456 3.40185
CA 27.9999 83.6579 3.40134
CA 29.3999 83.6579 3.39972
CA 30.0999 82.4455 3.39792
CA 31.4999 82.4456 3.39612
CA 32.2 83.6579 3.3969
CA 33.6 83.6581 3.39957
CA 34.3 82.4455 3.40059
CA 35.7 82.4456 3.40264
CA 36.4001 83.6581 3.40102
CA 37.8 83.6582 3.39949
CA 38.5 82.4457 3.40064
CA 39.9 82.4457 3.40001
CA 40.6002 83.6581 3.39915
CA 42.0001 83.658 3.4005
CA 42.7002 82.4455 3.40196
CA 44.1 82.4456 3.40164
CA 44.8001 83.6581 3.40119
CA 46.1999 83.6581 3.40143
CA 46.9 82.4455 3.40088
CA 48.3 82.4456 3.40043
CA 49 83.6579 3.40077
CA 50.3999 83.658 3.3998
CA 51.1 82.4454 3.39928
CA 52.4999 82.4456 3.39859
CA 53.1999 83.6579 3.3981
CA 54.5999 83.6581 3.39769
CA 55.2998 82.4456 3.39779
CA 56.6999 82.4457 3.39889
CA 57.3999 83.6581 3.39911
CA 58.7999 83.658 3.39999
CA 59.5 82.4456 3.40014
CA 60.8998 82.4457 3.40046
CA 61.5999 83.6581 3.40108
CA 1.14204e-05 86.083 3.40006
CA 0.700076 84.8705 3.40079
CA 2.09999 84.8705 3.40097
CA 2.79998 86.0829 3.40031
CA 4.19996 86.0828 3.40036
CA 4.90003 84.8705 3.40043
CA 6.29989 84.8705 3.39928
CA 6.99985 86.0828 3.3982
CA 8.39994 86.0828 3.39715
CA 9.09996 84.8703 3.39679
CA 10.5001 84.8704 3.39683
CA 11.2 86.0828 3.39702
CA 12.6 86.0828 3.39858
CA 13.3 84.8705 3.39942
CA 14.6999 84.8705 3.40007
CA 15.3999 86.0828 3.40048
CA 16.7999 86.083 3.40055
CA 17.5 84.8705 3.40055
CA 18.9 84.8704 3.40028
CA 19.5999 86.0828 3.39949
CA 20.9998 86.0828 3.398
CA 21.6999 84.8704 3.39818
CA 23.0998 84.8705 3.39867
CA 23.7999 86.0828 3.39833
CA 25.2 86.0828 3.39937
CA 25.9 84.8703 3.40021
CA 27.2999 84.8704 3.40085
CA 28 86.0827 3.40103
CA 29.3998 86.0828 3.39975
CA 30.1 84.8702 3.39751
CA 31.5 84.8703 3.3963
CA 32.2001 86.0828 3.39977
CA 33.5999 86.083 3.4018
CA 34.3 84.8704 3.40092
CA 35.6999 84.8707 3.40043
CA 36.4 86.0831 3.3992
CA 37.8 86.0832 3.39797
CA 38.5001 84.8707 3.3977
CA 39.9 84.8707 3.39804
CA 40.6002 86.0829 3.39912
CA 42.0001 86.083 3.39964
CA 42.7002 84.8706 3.39993
CA 44.1 84.8705 3.40053
CA 44.8 86.0829 3.40062
CA 46.1999 86.0829 3.40144
CA 46.8999 84.8704 3.40159
CA 48.3 84.8703 3.40154
CA 49.0001 86.0828 3.40141
CA 50.4001 86.0828 3.40052
CA 51.1 84.8704 3.39983
CA 52.4999 84.8704 3.3988
CA 53.1999 86.0828 3.39893
CA 54.5999 86.0828 3.3986
CA 55.3 84.8704 3.39809
CA 56.6999 84.8705 3.39851
CA 57.4 86.0828 3.39927
CA 58.7998 86.083 3.39994
CA 59.4999 84.8706 3.40024
CA 60.8999 84.8706 3.4006
CA 61.6 86.083 3.40021
CA 62.9999 88.5079 3.3999
CA 0.69998 87.2954 3.39951
CA 2.09991 87.2953 3.39963
CA 2.79986 88.5077 3.40024
CA 4.19994 88.5078 3.40082
CA 4.89995 87.2952 3.4004
CA 6.29998 87.2952 3.39984
CA 7.00001 88.5076 3.40009
CA 8.39997 88.5076 3.39901
CA 9.09999 87.2952 3.39737
CA 10.5 87.2953 3.39706
CA 11.2 88.5077 3.39763
CA 12.6 88.5076 3.39872
CA 13.2999 87.2952 3.39959
CA 14.6999 87.2953 3.40048
CA 15.4 88.5078 3.40102
CA 16.8 88.5078 3.40116
CA 17.5 87.2953 3.40084
CA 18.8999 87.2952 3.3999
CA 19.6 88.5076 3.39864
CA 21 88.5076 3.39648
CA 21.6999 87.2952 3.39621
CA 23.1 87.2952 3.39679
CA 23.7999 88.5076 3.3976
CA 25.1999 88.5077 3.39961
CA 25.8999 87.2952 3.40016
CA 27.2998 87.2953 3.40152
CA 28 88.5077 3.40228
CA 29.3999 88.5078 3.40245
CA 30.1 87.2952 3.40129
CA 31.4999 87.2954 3.40189
CA 32.2001 88.5078 3.40278
CA 33.5999 88.5079 3.40203
CA 34.3 87.2955 3.40188
CA 35.7 87.2955 3.39966
CA 36.4 88.508 3.39802
CA 37.7999 88.508 3.39773
CA 38.5001 87.2955 3.39837
CA 39.9 87.2955 3.399
CA 40.6001 88.508 3.39872
CA 42 88.5079 3.39943
CA 42.7001 87.2954 3.3999
CA 44.1 87.2954 3.40056
CA 44.8 88.5078 3.40077
CA 46.2001 88.5077 3.40156
CA 46.9 87.2952 3.40173
CA 48.3 87.2953 3.40175
CA 49.0001 88.5076 3.40059
CA 50.4 88.5077 3.399
CA 51.1 87.2951 3.39952
CA 52.4999 87.2952 3.39906
CA 53.2 88.5075 3.3988
CA 54.6 88.5077 3.39924
CA 55.2999 87.2952 3.39896
CA 56.7001 87.2954 3.3992
CA 57.4 88.5077 3.39968
CA 58.7999 88.5078 3.40007
CA 59.4999 87.2954 3.40043
CA 60.9 87.2956 3.40017
CA 61.6 88.5079 3.40019
CA 63 90.9327 3.40004
CA 0.69997 89.7202 3.40012
CA 2.09991 89.7203 3.40037
CA 2.79989 90.9327 3.40071
CA 4.19986 90.9326 3.40129
CA 4.89996 89.7201 3.40113
CA 6.29995 89.72 3.40073
CA 6.99993 90.9325 3.39993
CA 8.39998 90.9324 3.39907
CA 9.10004 89.7201 3.39881
CA 10.5 89.7201 3.39846
CA 11.1999 90.9324 3.39948
CA 12.5999 90.9326 3.40094
CA 13.2999 89.7201 3.40038
CA 14.7 89.7201 3.40175
CA 15.4 90.9325 3.40359
CA 16.8 90.9325 3.40315
CA 17.4999 89.7201 3.40223
CA 18.8998 89.7201 3.40095
CA 19.5999 90.9325 3.40074
CA 21 90.9326 3.3989
CA 21.7 89.72 3.39726
CA 23.1 89.7201 3.39746
CA 23.8 90.9325 3.39771
CA 25.1998 90.9326 3.3987
CA 25.8999 89.7202 3.40031
CA 27.2998 89.7201 3.40144
CA 27.9999 90.9325 3.40065
CA 29.4001 90.9326 3.40034
CA 30.1 89.7202 3.40164
CA 31.4999 89.7204 3.40136
CA 32.2 90.9327 3.39941
CA 33.6 90.9328 3.39911
CA 34.3 89.7203 3.39958
CA 35.6999 89.7205 3.39788
CA 36.3999 90.9328 3.39798
CA 37.7999 90.9329 3.39834
CA 38.5002 89.7203 3.39766
CA 39.9001 89.7203 3.39809
CA 40.6 90.9326 3.39975
CA 42 90.9327 3.40044
CA 42.7 89.7203 3.39982
CA 44.0999 89.7202 3.40071
CA 44.8001 90.9325 3.40107
CA 46.2001 90.9325 3.40134
CA 46.9 89.7201 3.40162
CA 48.3 89.7201 3.40107
CA 49 90.9324 3.40061
CA 50.4 90.9324 3.39937
CA 51.1 89.7199 3.39842
CA 52.5 89.7201 3.39847
CA 53.2001 90.9325 3.39912
CA 54.6 90.9327 3.39966
CA 55.3001 89.7201 3.39951
CA 56.7 89.7202 3.39942
CA 57.4 90.9325 3.39952
CA 58.7999 90.9327 3.40016
CA 59.5 89.7203 3.40077
CA 60.9 89.7203 3.40114
CA 61.6 90.9327 3.40081
CA 62.9999 93.3576 3.3988
CA 0.699998 92.1451 3.39919
CA 2.09997 92.1451 3.39977
CA 2.79997 93.3575 3.39969
CA 4.19991 93.3574 3.40066
CA 4.8999 92.145 3.40099
CA 6.29991 92.1449 3.39996
CA 6.99986 93.3574 3.39878
CA 8.39989 93.3574 3.39734
CA 9.09995 92.1449 3.3978
CA 10.5 92.1449 3.39843
CA 11.1999 93.3573 3.39853
CA 12.6 93.3574 3.4001
CA 13.3 92.1449 3.40212
CA 14.7 92.1451 3.40353
CA 15.4 93.3574 3.40128
CA 16.7998 93.3574 3.39994
CA 17.4998 92.1449 3.40152
CA 18.8999 92.145 3.40052
CA 19.6 93.3576 3.39892
CA 21 93.3576 3.39881
CA 21.7001 92.145 3.3981
CA 23.1 92.1449 3.39756
CA 23.8001 93.3575 3.39928
CA 25.2 93.3576 3.39967
CA 25.9 92.145 3.39887
CA 27.3 92.1451 3.40001
CA 28 93.3574 3.4007
CA 29.4 93.3575 3.39955
CA 30.0999 92.145 3.39894
CA 31.5 92.1451 3.39861
CA 32.2 93.3576 3.39855
CA 33.6 93.3576 3.40002
CA 34.3 92.1451 3.39941
CA 35.6999 92.1452 3.40008
CA 36.4 93.3577 3.4026
CA 37.7999 93.3577 3.40326
CA 38.5 92.1452 3.40112
CA 39.9 92.1452 3.40129
CA 40.5999 93.3576 3.40217
CA 41.9999 93.3575 3.4012
CA 42.7 92.145 3.40103
CA 44.1 92.145 3.40092
CA 44.8 93.3574 3.40066
CA 46.2 93.3574 3.40074
CA 46.9 92.1449 3.40128
CA 48.2999 92.1449 3.40129
CA 49 93.3572 3.40094
CA 50.4 93.3574 3.40014
CA 51.1 92.1448 3.39928
CA 52.5001 92.1449 3.39898
CA 53.2002 93.3573 3.39936
CA 54.6 93.3574 3.39982
CA 55.3 92.145 3.39964
CA 56.6999 92.1451 3.39936
CA 57.4 93.3575 3.40001
CA 58.8001 93.3577 3.40001
CA 59.5 92.1451 3.40003
CA 60.9 92.1453 3.40016
CA 61.6 93.3576 3.39942
CA 62.9999 95.7824 3.3993
CA 0.699868 94.57 3.39906
CA 2.09996 94.5699 3.39966
CA 2.79995 95.7823 3.40073
CA 4.19993 95.7822 3.40189
CA 4.89995 94.5697 3.40149
CA 6.29991 94.5698 3.4007
CA 6.99994 95.7822 3.40143
CA 8.39986 95.7823 3.39996
CA 9.09992 94.5698 3.39807
CA 10.4998 94.5698 3.39806
CA 11.1999 95.7822 3.39877
CA 12.6 95.7823 3.39825
CA 13.2999 94.5699 3.39875
CA 14.6999 94.57 3.39892
CA 15.3999 95.7824 3.39834
CA 16.7998 95.7825 3.39868
CA 17.4999 94.57 3.39856
CA 18.9 94.5701 3.39941
CA 19.6001 95.7824 3.4013
CA 21 95.7825 3.40291
CA 21.7001 94.5698 3.4011
CA 23.0999 94.57 3.40175
CA 23.8001 95.7824 3.40254
CA 25.2001 95.7824 3.40156
CA 25.8999 94.57 3.40152
CA 27.3 94.57 3.40162
CA 28 95.7824 3.40125
CA 29.4001 95.7824 3.40074
CA 30.1002 94.5699 3.3993
CA 31.5 94.5701 3.39806
CA 32.2 95.7823 3.39832
CA 33.5999 95.7825 3.39983
CA 34.3 94.57 3.40113
CA 35.7 94.5701 3.40286
CA 36.4001 95.7825 3.40235
CA 37.7999 95.7825 3.40272
CA 38.4999 94.5701 3.40356
CA 39.8998 94.5701 3.4025
CA 40.5999 95.7826 3.40109
CA 41.9999 95.7825 3.40062
CA 42.7001 94.5699 3.40071
CA 44.1 94.5698 3.4005
CA 44.7999 95.7822 3.40029
CA 46.1999 95.7822 3.4
CA 46.9001 94.5698 3.40067
CA 48.2999 94.5698 3.40076
CA 49.0001 95.7821 3.4001
CA 50.4001 95.7821 3.39966
CA 51.1001 94.5696 3.39958
CA 52.5001 94.5698 3.39955
CA 53.2002 95.7822 3.39948
CA 54.6 95.7823 3.40046
CA 55.3 94.5698 3.40115
CA 56.7001 94.5699 3.4016
CA 57.4001 95.7823 3.4025
CA 58.8001 95.7824 3.40147
CA 59.5001 94.57 3.40025
CA 60.9 94.57 3.39923
CA 61.6 95.7823 3.39894
CA 0.000111509 98.2073 3.39814
CA 0.700033 96.9949 3.39976
CA 2.10002 96.9947 3.40037
CA 2.79999 98.2071 3.40032
CA 4.19997 98.2071 3.40132
CA 4.89999 96.9946 3.40226
CA 6.29995 96.9947 3.40269
CA 6.99992 98.2071 3.40245
CA 8.39998 98.2071 3.40197
CA 9.09986 96.9946 3.40127
CA 10.4999 96.9947 3.40056
CA 11.1999 98.2071 3.40086
CA 12.5999 98.2072 3.39978
CA 13.2999 96.9947 3.39866
CA 14.6999 96.9947 3.3985
CA 15.3998 98.2071 3.39896
CA 16.7999 98.2073 3.39913
CA 17.4999 96.9949 3.39952
CA 18.9 96.9949 3.40119
CA 19.6 98.2072 3.40136
CA 20.9999 98.2073 3.40219
CA 21.7 96.9948 3.4031
CA 23.0999 96.9949 3.40161
CA 23.8 98.2073 3.39783
CA 25.2 98.2073 3.39678
CA 25.9001 96.9948 3.39949
CA 27.3 96.9947 3.4
CA 28 98.2072 3.39978
CA 29.4001 98.2073 3.40101
CA 30.1001 96.9948 3.40058
CA 31.5001 96.9948 3.39942
CA 32.2 98.2073 3.39984
CA 33.5999 98.2073 3.39952
CA 34.2999 96.9948 3.3999
CA 35.6999 96.995 3.40054
CA 36.3999 98.2073 3.39983
CA 37.7999 98.2073 3.40009
CA 38.4999 96.995 3.40113
CA 39.8999 96.9949 3.40061
CA 40.5999 98.2073 3.40015
CA 41.9999 98.2072 3.40061
CA 42.6999 96.9947 3.40068
CA 44.0999 96.9947 3.4007
CA 44.8 98.2071 3.39952
CA 46.2 98.2071 3.39897
CA 46.9 96.9946 3.4
CA 48.3001 96.9946 3.39979
CA 49.0002 98.2069 3.3992
CA 50.4002 98.207 3.39882
CA 51.1001 96.9945 3.39878
CA 52.5001 96.9946 3.39849
CA 53.2001 98.207 3.3982
CA 54.6001 98.2072 3.39926
CA 55.3001 96.9947 3.40079
CA 56.7001 96.9949 3.4021
CA 57.4001 98.2072 3.40124
CA 58.8001 98.2074 3.40029
CA 59.5001 96.9947 3.40027
CA 60.9001 96.9948 3.39882
CA 61.6001 98.2073 3.39748
CA 0.000203461 100.632 3.39862
CA 0.700166 99.4197 3.39837
CA 2.10007 99.4197 3.39986
CA 2.80018 100.632 3.4026
CA 4.20001 100.632 3.40323
CA 4.90001 99.4196 3.40194
CA 6.29995 99.4196 3.40227
CA 6.99997 100.632 3.40106
CA 8.39991 100.632 3.40006
CA 9.10004 99.4195 3.4013
CA 10.5 99.4195 3.4012
CA 11.2 100.632 3.40062
CA 12.5999 100.632 3.40013
CA 13.3 99.4196 3.39994
CA 14.6998 99.4196 3.39915
CA 15.3999 100.632 3.39872
CA 16.8 100.632 3.39843
CA 17.5 99.4196 3.39836
CA 18.8999 99.4197 3.39868
CA 19.6001 100.632 3.3974
CA 20.9999 100.632 3.39852
CA 21.7 99.4197 3.40017
CA 23.1001 99.4197 3.39797
CA 23.8001 100.632 3.39737
CA 25.2 100.632 3.39671
CA 25.9001 99.4196 3.39617
CA 27.3 99.4198 3.39857
CA 28 100.632 3.40032
CA 29.4 100.632 3.40174
CA 30.1 99.4197 3.40143
CA 31.4999 99.4197 3.40079
CA 32.2001 100.632 3.40095
CA 33.6 100.632 3.39956
CA 34.3 99.4197 3.39952
CA 35.7 99.4198 3.3993
CA 36.3999 100.632 3.39922
CA 37.7998 100.632 3.39975
CA 38.5 99.4198 3.39975
CA 39.8999 99.4198 3.39998
CA 40.5998 100.632 3.40045
CA 41.9997 100.632 3.4006
CA 42.6999 99.4196 3.39996
CA 44.0998 99.4195 3.39787
CA 44.8 100.632 3.39556
CA 46.2001 100.632 3.39592
CA 46.9001 99.4195 3.39783
CA 48.3001 99.4194 3.39905
CA 49.0002 100.632 3.39983
CA 50.4001 100.632 3.39926
CA 51.1002 99.4194 3.39863
CA 52.5001 99.4197 3.39805
CA 53.2002 100.632 3.398
CA 54.6001 100.632 3.3984
CA 55.3002 99.4196 3.39905
CA 56.7001 99.4197 3.40009
CA 57.4002 100.632 3.40032
CA 58.8001 100.632 3.40031
CA 59.5 99.4197 3.39868
CA 60.9001 99.4197 3.39748
CA 61.6002 100.632 3.3983
CA 6.17883e-05 103.057 3.39967
CA 0.700172 101.845 3.40034
CA 2.10005 101.844 3.4026
CA 2.80013 103.057 3.4033
CA 4.19999 103.057 3.40482
CA 4.90008 101.844 3.40436
CA 6.3 101.844 3.40209
CA 7.00001 103.057 3.40035
CA 8.40001 103.057 3.39657
CA 9.09999 101.844 3.39797
CA 10.5 101.844 3.39864
CA 11.1999 103.057 3.39786
CA 12.5998 103.057 3.39923
CA 13.2997 101.844 3.39924
CA 14.6998 101.844 3.3994
CA 15.3998 103.057 3.40136
CA 16.7999 103.057 3.40147
CA 17.5001 101.844 3.39943
CA 18.9 101.844 3.39718
CA 19.6 103.057 3.39825
CA 21.0001 103.057 3.39842
CA 21.7001 101.844 3.39851
CA 23.1001 101.844 3.39883
CA 23.8002 103.057 3.40064
CA 25.2002 103.057 3.40348
CA 25.9001 101.844 3.40022
CA 27.3001 101.845 3.40079
CA 28.0001 103.057 3.40092
CA 29.4 103.057 3.40029
CA 30.0999 101.845 3.40169
CA 31.5 101.845 3.40097
CA 32.1999 103.057 3.39913
CA 33.6 103.057 3.39961
CA 34.3 101.844 3.39955
CA 35.6998 101.845 3.39902
CA 36.4 103.057 3.40133
CA 37.8 103.057 3.40133
CA 38.4999 101.845 3.40008
CA 39.8999 101.845 3.40046
CA 40.5999 103.057 3.40031
CA 41.9998 103.057 3.39993
CA 42.6998 101.844 3.40083
CA 44.1 101.844 3.39928
CA 44.8 103.057 3.39922
CA 46.2 103.057 3.39941
CA 46.9 101.844 3.39841
CA 48.3 101.844 3.40048
CA 49.0001 103.057 3.40183
CA 50.4001 103.057 3.40191
CA 51.1002 101.844 3.39939
CA 52.5002 101.844 3.39913
CA 53.2002 103.057 3.40077
CA 54.6002 103.057 3.39954
CA 55.3003 101.844 3.39906
CA 56.7002 101.845 3.40039
CA 57.4002 103.057 3.40124
CA 58.8001 103.057 3.40192
CA 59.5002 101.845 3.40161
CA 60.9001 101.845 3.40091
CA 61.6002 103.057 3.401
CA 0.000110724 105.482 3.39752
CA 0.700184 104.269 3.39733
CA 2.10002 104.269 3.40069
CA 2.79998 105.482 3.40045
CA 4.19995 105.482 3.40175
CA 4.89994 104.269 3.40515
CA 6.30009 104.269 3.40356
CA 7.0002 105.482 3.39989
CA 8.40013 105.482 3.39766
CA 9.10005 104.269 3.39678
CA 10.4999 104.269 3.39716
CA 11.1998 105.482 3.39792
CA 12.5997 105.482 3.39986
CA 13.2998 104.269 3.40082
CA 14.6997 104.269 3.40254
CA 15.3997 105.482 3.40374
CA 16.7997 105.482 3.40303
CA 17.5 104.269 3.40194
CA 18.9 104.269 3.40019
CA 19.6002 105.482 3.40053
CA 21.0003 105.482 3.39933
CA 21.7002 104.269 3.399
CA 23.1002 104.269 3.39925
CA 23.8003 105.482 3.39864
CA 25.2002 105.482 3.40085
CA 25.9002 104.269 3.40328
CA 27.3002 104.27 3.40103
CA 28.0001 105.482 3.39872
CA 29.3999 105.482 3.39632
CA 30.1 104.269 3.39717
CA 31.5001 104.269 3.39598
CA 32.2 105.482 3.39496
CA 33.5999 105.482 3.39915
CA 34.3 104.269 3.40086
CA 35.6998 104.27 3.40318
CA 36.4 105.482 3.40468
CA 37.8 105.482 3.40431
CA 38.5 104.269 3.40223
CA 39.8999 104.27 3.40055
CA 40.6 105.482 3.39951
CA 41.9999 105.482 3.39757
CA 42.6999 104.269 3.39801
CA 44.0999 104.269 3.3983
CA 44.8 105.482 3.39746
CA 46.1999 105.482 3.39783
CA 46.9001 104.269 3.40045
CA 48.3001 104.269 3.40098
CA 49.0002 105.482 3.3992
CA 50.4001 105.482 3.40307
CA 51.1001 104.269 3.40473
CA 52.5002 104.269 3.40388
CA 53.2002 105.482 3.40179
CA 54.6003 105.482 3.3985
CA 55.3002 104.269 3.39925
CA 56.7001 104.269 3.40046
CA 57.4001 105.482 3.40092
CA 58.8002 105.482 3.40189
CA 59.5002 104.269 3.40193
CA 60.9001 104.269 3.40148
CA 61.6001 105.482 3.39998
CA 0.000224034 107.907 3.39908
CA 0.700099 106.694 3.39918
CA 2.10005 106.694 3.39901
CA 2.80009 107.907 3.39888
CA 4.20009 107.907 3.39935
CA 4.89994 106.694 3.39979
CA 6.3001 106.694 3.3993
CA 7.00015 107.907 3.39841
CA 8.40013 107.907 3.3973
CA 9.10003 106.694 3.39672
CA 10.5 106.694 3.39735
CA 11.1999 107.907 3.39834
CA 12.5998 107.907 3.39962
CA 13.2998 106.694 3.40075
CA 14.6997 106.694 3.40398
CA 15.3997 107.907 3.40416
CA 16.7998 107.907 3.40238
CA 17.4999 106.694 3.40228
CA 18.9001 106.694 3.4014
CA 19.6002 107.907 3.40096
CA 21.0004 107.907 3.40061
CA 21.7003 106.694 3.39875
CA 23.1002 106.694 3.39799
CA 23.8003 107.907 3.39833
CA 25.2001 107.907 3.40065
CA 25.9001 106.694 3.40118
CA 27.3001 106.694 3.40007
CA 28 107.907 3.39965
CA 29.4001 107.907 3.3988
CA 30.1 106.694 3.39628
CA 31.5 106.695 3.39613
CA 32.1999 107.907 3.40008
CA 33.5999 107.907 3.40175
CA 34.3001 106.694 3.40145
CA 35.7 106.695 3.4034
CA 36.4001 107.907 3.40203
CA 37.8001 107.907 3.40007
CA 38.5 106.694 3.40251
CA 39.9 106.694 3.40047
CA 40.6 107.907 3.39985
CA 42 107.907 3.39922
CA 42.6999 106.694 3.39803
CA 44.0998 106.694 3.39774
CA 44.7999 107.907 3.39899
CA 46.2 107.907 3.39956
CA 46.9001 106.694 3.39564
CA 48.3002 106.694 3.39449
CA 49.0001 107.907 3.39781
CA 50.4 107.907 3.40118
CA 51.1 106.694 3.40222
CA 52.5001 106.694 3.40192
CA 53.2 107.907 3.40118
CA 54.6001 107.907 3.39869
CA 55.3001 106.694 3.39688
CA 56.7001 106.694 3.39896
CA 57.4001 107.907 3.40096
CA 58.8001 107.907 3.40061
CA 59.5001 106.694 3.40055
CA 60.9002 106.694 3.3991
CA 61.6003 107.907 3.39764
CA 0.000101267 110.332 3.39785
CA 0.700189 109.119 3.39883
CA 2.10016 109.119 3.40004
CA 2.80007 110.332 3.40245
CA 4.20016 110.332 3.40077
CA 4.89998 109.119 3.39932
CA 6.30007 109.119 3.39919
CA 6.99998 110.332 3.3992
CA 8.39998 110.332 3.39981
CA 9.09994 109.119 3.39898
CA 10.5 109.119 3.39988
CA 11.1999 110.332 3.40219
CA 12.5998 110.332 3.40112
CA 13.2998 109.119 3.40058
CA 14.6998 109.119 3.40127
CA 15.3998 110.332 3.39933
CA 16.8 110.332 3.39864
CA 17.5 109.119 3.39999
CA 18.9001 109.119 3.40049
CA 19.6001 110.332 3.40002
CA 21.0001 110.332 3.40165
CA 21.7002 109.119 3.40109
CA 23.1002 109.119 3.39902
CA 23.8001 110.332 3.40061
CA 25.2 110.332 3.40078
CA 25.9 109.119 3.40115
CA 27.3001 109.119 3.39996
CA 28 110.332 3.39881
CA 29.3999 110.332 3.39956
CA 30.0999 109.119 3.40011
CA 31.4999 109.119 3.40173
CA 32.2 110.332 3.40269
CA 33.6 110.332 3.4017
CA 34.3 109.119 3.40159
CA 35.7 109.12 3.40042
CA 36.4 110.332 3.39659
CA 37.8 110.332 3.39544
CA 38.5001 109.119 3.39561
CA 39.9001 109.119 3.39835
CA 40.6 110.332 3.39996
CA 42 110.332 3.39948
CA 42.6999 109.119 3.39868
CA 44.1 109.119 3.39998
CA 44.8 110.332 3.40284
CA 46.2 110.332 3.40418
CA 46.9001 109.119 3.40346
CA 48.3002 109.119 3.4003
CA 49 110.332 3.40059
CA 50.4 110.332 3.40256
CA 51.1001 109.119 3.40329
CA 52.5001 109.119 3.40359
CA 53.1999 110.332 3.40337
CA 54.5999 110.332 3.40084
CA 55.3 109.119 3.40058
CA 56.7001 109.119 3.40154
CA 57.4 110.332 3.40174
CA 58.8001 110.332 3.40158
CA 59.5001 109.119 3.39988
CA 60.9001 109.119 3.39757
CA 61.6001 110.332 3.39795
