CA	0.0020885	1.21385	4.99202
CA	0.702571	0.000146917	4.98442
CA	2.10229	111.541	5.02146
CA	2.79797	1.21168	4.98521
CA	4.1994	1.21181	4.99849
CA	4.90107	111.543	4.98662
CA	6.30189	2.65E-05	4.97522
CA	7.00285	1.21319	4.9609
CA	9.09972	0.0033899	4.97073
CA	10.5011	0.000807307	5.01175
CA	11.2006	1.21323	5.00739
CA	12.6007	1.21263	5.00283
CA	13.3009	0.000161778	5.03195
CA	14.7019	0.00198791	4.99795
CA	15.4044	1.2151	4.96331
CA	17.4986	0.00423236	4.9908
CA	18.8989	0.00198943	5.02144
CA	19.5999	1.21435	5.01026
CA	20.9998	1.2139	5.01002
CA	21.6987	1.86E-05	5.01954
CA	23.0983	111.542	4.97887
CA	25.1958	1.21011	4.97083
CA	25.8986	111.542	4.98166
CA	27.2986	0.00107561	5.01719
CA	29.3952	1.21267	5.00071
CA	30.0978	0.000792268	4.95982
CA	31.4992	0.0034593	4.98563
CA	33.5962	1.21268	4.98376
CA	34.2976	0.00017498	4.95624
CA	35.6985	111.544	4.95437
CA	36.399	1.21214	4.96569
CA	37.7996	1.21155	4.95549
CA	38.5008	111.543	4.96995
CA	39.9018	111.54	5.00313
CA	40.5995	1.21049	4.95883
CA	41.9995	1.21303	4.98021
CA	42.699	0.000521607	5.00361
CA	44.099	9.97E-06	4.99385
CA	46.1953	1.21267	4.97727
CA	46.8987	0.000715455	5.01795
CA	48.2996	0.00325241	4.99367
CA	50.3979	1.21493	5.01949
CA	51.0986	0.00177024	5.03749
CA	52.4994	0.000267892	5.02371
CA	53.2003	1.2134	5.00488
CA	54.6008	1.21404	4.96915
CA	55.2993	0.000478913	4.95271
CA	56.6999	0.00143682	4.9634
CA	57.4	1.21469	5.00239
CA	58.8003	1.21143	4.9994
CA	59.4986	111.541	5.01405
CA	60.8998	111.544	4.97526
CA	61.6009	1.21323	4.96679
CA	62.9986	3.63801	4.98646
CA	2.09372	2.42458	5.00867
CA	2.79794	3.63663	4.98184
CA	4.20035	3.63654	4.98511
CA	4.90013	2.42397	5.01024
CA	6.30064	2.42545	4.99466
CA	6.99841	3.64021	5.0082
CA	8.39907	3.63849	5.00697
CA	9.0999	2.42626	4.98385
CA	10.5001	2.42539	5.01794
CA	11.2004	3.63803	5.0339
CA	12.6007	3.6386	5.02666
CA	13.3011	2.42565	5.00698
CA	14.702	2.42658	4.99882
CA	15.4009	3.64002	5.00201
CA	16.8007	3.64058	5.03197
CA	17.5005	2.42753	5.00739
CA	18.9013	2.42748	5.03397
CA	19.6029	3.64064	5.03443
CA	21.0043	3.64357	4.99887
CA	21.7011	2.42679	5.0132
CA	23.1003	2.42125	4.97769
CA	23.7979	3.63547	5.02505
CA	25.1985	3.63714	5.01211
CA	25.8969	2.42315	4.99914
CA	27.2978	2.42338	5.0159
CA	27.9986	3.63627	4.9847
CA	29.3988	3.63784	4.97896
CA	30.0972	2.42434	4.96273
CA	31.4982	2.42324	4.98424
CA	32.1984	3.6368	4.97811
CA	33.5987	3.63794	4.97888
CA	34.2979	2.42514	4.94988
CA	35.6995	2.42536	4.94902
CA	36.4013	3.63774	4.98508
CA	38.4983	2.42457	4.97893
CA	39.8988	2.42406	4.95056
CA	40.5985	3.63686	4.98875
CA	41.9986	3.63841	5.02327
CA	42.6997	2.42577	4.99842
CA	44.1003	2.42276	4.98925
CA	44.7996	3.63753	5.01232
CA	46.2019	3.63985	5.01933
CA	46.8985	2.42486	5.01619
CA	48.3003	2.42371	5.01898
CA	49.0001	3.6373	5.00442
CA	50.4003	3.63875	4.97926
CA	51.1001	2.42735	5.03148
CA	52.5014	2.42735	5.00915
CA	54.5978	3.63849	5.00861
CA	55.3012	2.4275	5.01215
CA	56.7031	2.43024	5.04684
CA	58.8028	3.63798	4.99921
CA	59.5003	2.42419	4.97728
CA	60.9002	2.42516	4.98222
CA	61.599	3.63843	4.97352
CA	62.9972	6.06418	4.97397
CA	0.698382	4.85116	4.99254
CA	2.09896	4.8499	5.00983
CA	2.80001	6.06186	5.00288
CA	4.20115	6.0611	5.00367
CA	4.90327	4.84866	5.01912
CA	6.99978	6.06102	5.00967
CA	8.3999	6.06182	4.98574
CA	9.09984	4.85028	5.02724
CA	10.5001	4.85045	5.03192
CA	11.1995	6.06346	5.00905
CA	12.5998	6.0651	4.9849
CA	13.3002	4.8523	5.01709
CA	14.7009	4.85257	5.00803
CA	15.401	6.06606	5.01847
CA	16.8034	6.0689	5.00275
CA	17.5013	4.85404	5.03581
CA	18.9017	4.85268	5.02174
CA	19.6012	6.06503	5.06429
CA	21.0019	6.06619	5.05799
CA	23.0977	4.85023	5.02502
CA	23.8006	6.06292	5.03284
CA	25.2018	6.06431	5.00234
CA	25.8996	4.85001	5.0132
CA	27.2992	4.84911	4.9838
CA	27.9984	6.06222	5.00715
CA	29.3993	6.06335	5.01355
CA	30.0992	4.85087	4.9806
CA	31.5001	4.85042	4.96998
CA	32.2018	6.06264	5.00845
CA	34.2986	4.85098	5.0028
CA	35.6996	4.85087	4.98808
CA	36.398	6.06359	5.02813
CA	37.7978	6.06187	4.99876
CA	38.4965	4.84778	5.01363
CA	39.8973	4.84892	4.99336
CA	40.5984	6.06123	4.96888
CA	41.9991	6.0599	4.99884
CA	44.0966	4.84947	5.05656
CA	44.8002	6.06008	4.99741
CA	46.2031	6.0585	5.0089
CA	48.3009	4.85003	5.01837
CA	49.001	6.06297	5.00354
CA	50.4009	6.06499	4.99616
CA	51.1012	4.8512	4.98542
CA	52.5023	4.8483	4.98001
CA	53.2019	6.0633	4.98906
CA	54.6032	6.06616	4.94429
CA	55.3009	4.85106	5.00537
CA	56.7022	4.848	5.02631
CA	57.3985	6.06307	4.9986
CA	58.7992	6.06321	5.00375
CA	59.5	4.851	4.98395
CA	60.8993	4.85076	4.9545
CA	0.000626689	8.49095	4.95057
CA	0.698471	7.27726	5.00094
CA	2.09907	7.27506	5.00804
CA	2.79889	8.4882	5.01812
CA	4.19974	8.48762	5.02097
CA	4.90006	7.27451	5.01783
CA	6.2998	7.27384	4.99273
CA	6.99988	8.48669	4.98588
CA	8.39986	8.48837	4.97195
CA	9.09935	7.27507	4.96194
CA	10.4993	7.27483	4.97261
CA	11.2001	8.48662	4.98564
CA	12.6009	8.48403	4.98169
CA	14.6981	7.27612	4.98164
CA	15.4008	8.48651	5.02474
CA	16.8028	8.48549	5.00719
CA	18.9017	7.27869	5.04861
CA	19.6026	8.49149	5.0459
CA	21.0038	8.49451	5.02382
CA	21.7016	7.27943	5.04926
CA	23.1006	7.27556	4.99805
CA	23.8005	8.48742	5.00863
CA	25.2008	8.48581	4.98259
CA	27.2969	7.27431	4.99087
CA	27.9995	8.48735	5.00651
CA	29.4012	8.4897	4.97874
CA	30.1005	7.27605	5.0009
CA	31.5008	7.27523	4.99082
CA	32.1975	8.48858	5.02434
CA	33.5984	8.48631	5.01155
CA	34.2957	7.27148	5.01649
CA	35.6965	7.27558	5.00504
CA	36.3956	8.48954	4.96438
CA	37.797	8.48808	4.99018
CA	38.4978	7.27487	4.98565
CA	39.8987	7.27488	4.96452
CA	40.599	8.48844	4.96676
CA	41.9995	8.48684	4.96501
CA	42.6999	7.2731	4.97618
CA	44.1004	7.27355	4.99302
CA	44.7997	8.48689	4.99816
CA	46.2002	8.48622	4.97869
CA	46.9016	7.27324	4.97296
CA	48.3022	7.27573	5.00325
CA	49.0022	8.48927	5.03435
CA	51.0987	7.27989	5.03945
CA	52.5	7.27645	5.00818
CA	53.201	8.48806	5.03465
CA	54.6012	8.48859	4.99311
CA	56.6983	7.27671	4.96326
CA	57.4002	8.48777	5.01235
CA	58.8008	8.48697	5.06396
CA	59.5016	7.27417	5.02584
CA	60.9033	7.27026	5.00388
CA	61.6005	8.48648	5.01336
CA	62.9998	10.91	4.93626
CA	2.0997	9.70089	4.9756
CA	2.79989	10.9134	5.00084
CA	4.19999	10.9122	5.01095
CA	4.90001	9.69969	4.99727
CA	6.30038	9.69922	4.98184
CA	7.00086	10.9117	5.00027
CA	9.09922	9.70199	5.00639
CA	10.5003	9.69992	4.99964
CA	11.2016	10.9115	5.01634
CA	12.6019	10.9112	5.03693
CA	13.3009	9.69745	5.03165
CA	14.7013	9.69962	5.03137
CA	15.4011	10.9132	5.02086
CA	16.8005	10.9119	5.00436
CA	17.5008	9.69944	5.01348
CA	18.9009	9.70095	4.99372
CA	19.6012	10.9124	5.00955
CA	21.002	10.9109	4.99984
CA	23.1006	9.70069	4.98827
CA	23.7999	10.913	5.00989
CA	25.2002	10.9115	5.0534
CA	25.9001	9.699	5.01115
CA	27.2997	9.69937	4.99645
CA	27.999	10.9118	5.00627
CA	29.4001	10.9117	4.95134
CA	31.4958	9.70057	4.97676
CA	32.1983	10.9125	5.012
CA	33.5996	10.9107	5.02093
CA	34.3006	9.6984	4.97464
CA	36.397	10.9114	4.95517
CA	37.7972	10.912	4.9897
CA	38.4982	9.70016	4.99018
CA	39.8989	9.70205	4.99096
CA	40.597	10.9165	5.04141
CA	41.9994	10.9137	5.00414
CA	42.6988	9.70015	4.97391
CA	44.0992	9.70016	5.00327
CA	44.7997	10.9131	5.00668
CA	46.2008	10.9125	5.01793
CA	46.8999	9.69939	4.98707
CA	48.3001	9.70093	5.00641
CA	48.9975	10.9156	5.0019
CA	50.3988	10.9135	5.005
CA	51.0991	9.70103	5.01697
CA	52.4998	9.70095	5.01983
CA	53.1988	10.9141	4.98131
CA	54.599	10.9136	5.01015
CA	55.2997	9.70108	5.01954
CA	56.6997	9.69991	5.007
CA	57.4008	10.9107	4.99663
CA	58.8008	10.9074	5.05796
CA	60.8972	9.69718	5.05493
CA	61.5992	10.9092	5.01372
CA	62.9961	13.3351	4.98501
CA	0.699356	12.1236	4.98962
CA	2.10097	12.127	5.01038
CA	4.19785	13.3375	4.99492
CA	4.8992	12.1248	4.97668
CA	6.30035	12.1245	4.97735
CA	7.00026	13.3369	5.00594
CA	8.40053	13.3366	4.99748
CA	9.09957	12.1219	5.01504
CA	10.5004	12.1231	4.98812
CA	11.2002	13.3363	4.97725
CA	12.6007	13.3363	4.98985
CA	13.3022	12.1248	5.01748
CA	14.7031	12.1271	4.99042
CA	16.7981	13.3376	4.99667
CA	17.499	12.1249	5.01379
CA	18.8993	12.124	5.03714
CA	20.9952	13.339	5.03361
CA	21.6981	12.1261	5.00381
CA	23.099	12.1253	4.99103
CA	23.8007	13.3363	4.98741
CA	25.2013	13.3338	5.0413
CA	27.2958	12.123	5.06695
CA	27.9973	13.3359	5.02176
CA	29.3981	13.3355	4.99809
CA	30.1002	12.1246	4.98352
CA	31.5009	12.1274	5.00779
CA	33.5957	13.3367	5.01891
CA	34.2966	12.1243	4.9831
CA	35.6973	12.1244	4.98151
CA	36.3976	13.3374	4.99839
CA	37.7976	13.3379	4.99987
CA	38.4959	12.1253	5.01888
CA	40.5971	13.3332	5.03293
CA	41.9994	13.334	5.0049
CA	42.7045	12.1237	4.99757
CA	44.8012	13.3374	5.02171
CA	46.2013	13.3379	5.03126
CA	46.9014	12.1257	4.9965
CA	48.9983	13.3371	5.02454
CA	50.3994	13.3371	5.03917
CA	51.0992	12.1252	4.97674
CA	53.1976	13.3336	4.97272
CA	54.5985	13.3358	4.98626
CA	55.2998	12.1244	4.97436
CA	56.7002	12.1237	4.9652
CA	57.3991	13.3368	4.97633
CA	58.7989	13.3338	4.98849
CA	59.4994	12.1212	5.02226
CA	60.8996	12.1229	5.02005
CA	0.000240653	15.7621	4.97339
CA	0.698288	14.5483	4.98283
CA	2.0997	14.5495	5.0111
CA	2.80107	15.7618	4.97655
CA	4.20126	15.7642	5.0191
CA	4.89987	14.5506	4.98886
CA	6.30013	14.5498	5.01082
CA	6.99838	15.7635	5.00062
CA	8.39971	15.766	4.95794
CA	9.09967	14.551	4.97773
CA	10.4999	14.5491	4.97072
CA	11.1985	15.7619	4.98715
CA	12.5996	15.7611	5.0055
CA	13.3009	14.5486	5.00472
CA	14.7018	14.5486	4.98215
CA	15.4018	15.761	4.99094
CA	16.8018	15.7615	4.95609
CA	17.5016	14.5489	4.99176
CA	18.9028	14.5473	5.02838
CA	19.6022	15.7618	4.99348
CA	21.0021	15.7676	5.02569
CA	21.6983	14.552	4.99003
CA	23.0993	14.5488	4.97117
CA	23.7977	15.7619	4.96135
CA	25.1989	15.7603	4.94751
CA	25.9003	14.5479	4.99716
CA	27.3008	14.5505	4.99852
CA	29.3996	15.7601	4.9534
CA	30.0992	14.5474	4.99283
CA	31.4997	14.5472	5.03026
CA	32.2	15.761	5.01328
CA	33.6009	15.7627	5.01732
CA	34.2976	14.5492	4.98791
CA	35.6982	14.5503	4.9898
CA	36.3999	15.7631	4.97383
CA	37.8006	15.7629	4.9956
CA	38.4991	14.5497	5.01256
CA	39.8994	14.5477	4.98732
CA	40.6008	15.7609	4.96955
CA	42.0006	15.7607	4.97725
CA	42.6993	14.5473	4.98107
CA	44.0994	14.5489	5.01546
CA	44.7995	15.762	5.0144
CA	46.1994	15.7635	5.00194
CA	46.8999	14.551	5.01033
CA	48.2996	14.5506	5.03456
CA	48.9998	15.7633	5.0165
CA	50.4003	15.7636	4.99587
CA	51.099	14.5502	5.02579
CA	52.4985	14.5477	5.00964
CA	53.1967	15.7619	5.02599
CA	54.5971	15.7613	5.03609
CA	55.298	14.5488	5.0104
CA	56.6989	14.5497	5.01438
CA	58.7952	15.7582	5.03562
CA	59.4978	14.5462	4.99135
CA	60.8985	14.544	4.94774
CA	61.599	15.7584	4.96906
CA	0.00223243	18.182	4.98227
CA	2.10087	16.9738	4.99347
CA	2.80043	18.186	4.98377
CA	4.19996	18.187	5.01523
CA	6.29432	16.9745	5.0261
CA	6.99868	18.1852	5.02899
CA	8.39949	18.185	5.0064
CA	10.4975	16.9746	4.95264
CA	11.1998	18.1859	4.9942
CA	12.6006	18.1854	5.02306
CA	13.3003	16.9732	4.99841
CA	14.7011	16.973	5.00016
CA	15.4006	18.1857	4.97589
CA	16.8013	18.188	4.97892
CA	17.501	16.9747	4.96302
CA	18.9007	16.9738	4.98258
CA	19.5989	18.1864	4.94267
CA	20.9998	18.1889	4.95195
CA	23.097	16.9755	4.99834
CA	23.8002	18.1866	4.98095
CA	25.2006	18.1871	4.97074
CA	25.9003	16.9726	4.96297
CA	27.3013	16.9688	4.9554
CA	27.9996	18.1835	4.98748
CA	29.3992	18.1877	4.96975
CA	30.0992	16.9741	4.97402
CA	31.4996	16.9737	4.99667
CA	32.1996	18.1867	4.99984
CA	33.6009	18.1869	5.00296
CA	34.3032	16.975	4.9827
CA	36.3992	18.1845	4.9842
CA	37.8002	18.1852	5.01329
CA	38.5023	16.9748	4.98443
CA	39.9036	16.9752	5.00195
CA	41.9996	18.1865	4.96837
CA	42.7007	16.9741	4.95372
CA	44.1018	16.9749	4.97172
CA	44.804	18.1872	5.00204
CA	46.8987	16.977	5.01741
CA	48.2994	16.9758	4.99222
CA	49.0014	18.1871	5.00984
CA	50.402	18.1862	4.97379
CA	52.4959	16.9751	4.97934
CA	53.198	18.188	4.9998
CA	54.5985	18.1863	5.00394
CA	55.2982	16.973	5.00614
CA	56.699	16.9704	5.02288
CA	57.399	18.1836	4.98233
CA	58.7993	18.1845	4.99381
CA	59.4972	16.9709	5.00023
CA	60.8984	16.9708	4.99013
CA	61.6008	18.1829	4.96485
CA	0.00259405	20.6108	4.98084
CA	0.701374	19.3967	4.96992
CA	2.10078	19.3978	5.00494
CA	2.80035	20.6101	4.98448
CA	4.20077	20.6094	4.95863
CA	4.90074	19.3987	5.01297
CA	6.30042	19.3984	5.04749
CA	6.99959	20.6115	5.04438
CA	8.40121	20.6121	5.03624
CA	9.10046	19.398	5.03891
CA	10.5	19.3981	5.00352
CA	11.2008	20.6097	5.01497
CA	12.602	20.6059	5.05285
CA	14.6993	19.3961	5.01153
CA	15.3995	20.6082	4.95798
CA	16.8008	20.6071	4.96979
CA	18.8973	19.3985	4.96814
CA	19.5998	20.6109	4.96197
CA	21.0003	20.613	4.93492
CA	21.7016	19.4009	4.92638
CA	23.1022	19.3999	4.97057
CA	23.8052	20.6113	4.9945
CA	25.8996	19.4016	4.99916
CA	27.301	19.3978	4.99331
CA	28.0029	20.6098	5.02603
CA	30.0973	19.4024	5.02233
CA	31.4987	19.3999	5.00043
CA	32.2	20.6119	5.00675
CA	33.6005	20.6123	4.98688
CA	34.3001	19.3997	4.98729
CA	35.7002	19.3986	4.99676
CA	36.4009	20.6116	5.00335
CA	37.801	20.6101	4.9973
CA	38.5018	19.397	5.00207
CA	39.9035	19.3954	5.00218
CA	40.6008	20.61	4.97027
CA	42.0008	20.6106	5.00408
CA	42.7008	19.3988	4.95283
CA	44.1015	19.3987	4.9744
CA	44.7994	20.6122	4.99499
CA	46.1993	20.6117	4.9789
CA	46.8989	19.3987	5.01221
CA	48.2999	19.3996	5.00178
CA	48.9997	20.6126	4.99764
CA	50.3998	20.612	5.01425
CA	51.1012	19.4	5.00306
CA	52.5015	19.403	5.01165
CA	54.5992	20.6124	4.99399
CA	55.2985	19.3987	4.9728
CA	56.6989	19.397	4.957
CA	57.3996	20.6097	4.96688
CA	58.8	20.6095	4.96134
CA	59.5005	19.3968	4.96067
CA	60.9014	19.3967	4.94735
CA	61.6016	20.6102	4.95311
CA	0.00173183	23.0325	5.01048
CA	2.09851	21.8213	4.98966
CA	2.80094	23.0335	4.97246
CA	4.20229	23.0317	4.93546
CA	6.29739	21.8213	4.97747
CA	7.00014	23.033	5.02031
CA	8.40248	23.0306	4.99843
CA	10.4994	21.8223	4.98254
CA	11.201	23.035	5.0082
CA	12.6025	23.0344	5.00778
CA	13.3011	21.8201	5.01308
CA	14.7008	21.8215	4.97653
CA	15.4009	23.0346	4.98414
CA	16.801	23.0343	4.94524
CA	17.5011	21.8211	4.93933
CA	18.9014	21.8237	4.97359
CA	19.6035	23.0359	5.01212
CA	21.7007	21.8253	4.98383
CA	23.102	21.8236	4.96983
CA	23.8009	23.0355	4.98852
CA	25.2007	23.0342	4.97445
CA	25.9012	21.8214	4.98997
CA	27.3019	21.8209	4.97364
CA	27.9996	23.0348	4.98377
CA	29.3988	23.0368	4.99531
CA	30.0989	21.8245	5.02772
CA	31.4991	21.8238	5.00052
CA	32.1985	23.0368	5.0016
CA	33.5995	23.0365	5.007
CA	34.3014	21.825	4.9933
CA	35.7025	21.8259	5.02412
CA	37.7989	23.0365	5.02112
CA	38.4992	21.8237	4.98412
CA	39.8999	21.8227	4.98236
CA	40.602	23.0343	4.98566
CA	42.0026	23.0301	5.02732
CA	44.0983	21.8239	5.03622
CA	44.7992	23.0371	5.0175
CA	46.1993	23.0371	4.98939
CA	46.8995	21.8246	4.98156
CA	48.2997	21.8257	4.99864
CA	48.9994	23.0391	4.99558
CA	50.3996	23.0367	4.97444
CA	51.1005	21.8237	4.98922
CA	52.5014	21.8219	5.01091
CA	53.2	23.0356	4.98824
CA	54.6005	23.0362	4.99485
CA	55.3003	21.8242	4.96519
CA	56.7013	21.8234	4.95821
CA	57.4035	23.0353	4.99259
CA	59.4996	21.8221	4.99234
CA	60.9003	21.822	4.98258
CA	61.6007	23.0342	4.99153
CA	62.9999	25.4601	4.96731
CA	0.701044	24.2466	4.97405
CA	2.10159	24.2473	4.98766
CA	2.80108	25.4609	4.97806
CA	4.20168	25.46	5.01469
CA	4.90137	24.2457	4.99058
CA	6.3014	24.2468	5.01958
CA	7.00064	25.4606	5.01907
CA	8.40152	25.4596	5.01429
CA	9.10112	24.2457	5.00769
CA	10.5014	24.2477	4.99943
CA	11.2015	25.4603	4.96902
CA	12.6026	25.4596	4.99567
CA	13.3056	24.247	5.03502
CA	15.3998	25.4582	5.00603
CA	16.8	25.4595	4.97351
CA	17.5012	24.2471	4.97304
CA	18.902	24.2482	4.98776
CA	19.6003	25.4614	5.00207
CA	21.0006	25.4586	4.98896
CA	21.6988	24.2442	5.0232
CA	23.0989	24.2467	4.97664
CA	23.7986	25.4604	4.99059
CA	25.1995	25.46	4.97728
CA	25.8997	24.2472	4.97805
CA	27.2996	24.2471	5.00327
CA	27.9999	25.4597	5.00792
CA	30.0962	24.251	4.97044
CA	31.4974	24.2495	5.00335
CA	32.1995	25.4608	5.00222
CA	33.6002	25.4606	4.99866
CA	34.3011	24.2479	4.99609
CA	35.7021	24.2469	5.01784
CA	36.4008	25.4598	4.98841
CA	37.8006	25.46	4.99997
CA	38.501	24.2481	4.98979
CA	39.902	24.248	4.95154
CA	41.9983	25.4581	4.96369
CA	42.6995	24.2457	5.01565
CA	44.1002	24.2505	5.01625
CA	46.1947	25.4614	4.97867
CA	46.8979	24.2507	5.00447
CA	48.2992	24.2531	4.98028
CA	50.3965	25.4624	4.98769
CA	51.0981	24.2496	4.99567
CA	52.4989	24.2485	4.99339
CA	53.199	25.461	4.99278
CA	54.5995	25.4605	4.98232
CA	55.3007	24.2484	4.99295
CA	56.7014	24.249	4.98656
CA	57.3973	25.4637	5.02837
CA	58.7977	25.4603	4.98133
CA	59.4972	24.2449	4.99735
CA	60.8987	24.2463	4.97029
CA	61.5993	25.4595	4.97283
CA	0.69889	26.6741	5.00359
CA	2.10006	26.6735	4.98759
CA	2.80187	27.8853	4.9753
CA	4.20328	27.8825	5.009
CA	6.29959	26.6736	5.02127
CA	6.9998	27.8866	4.98496
CA	8.40078	27.8856	4.97371
CA	9.1021	26.6723	4.97068
CA	11.1967	27.88	4.97065
CA	12.5974	27.8846	4.99633
CA	13.2998	26.6731	4.98221
CA	14.6998	26.6719	4.98183
CA	15.3995	27.8856	4.9849
CA	16.8007	27.8862	4.98834
CA	17.4996	26.673	4.96792
CA	18.8997	26.6743	4.98949
CA	19.5992	27.8877	4.96474
CA	21.0004	27.8851	4.99895
CA	21.7019	26.6717	5.01388
CA	23.7993	27.8807	5.03208
CA	25.2007	27.8845	5.00138
CA	25.8999	26.6721	5.01015
CA	27.2999	26.6729	5.02846
CA	28.0002	27.8856	4.99495
CA	29.3995	27.8843	5.03834
CA	30.0973	26.6697	5.0139
CA	31.4987	26.6719	5.03511
CA	32.2	27.8853	5.03589
CA	33.6007	27.8869	4.9934
CA	34.3002	26.6734	5.00054
CA	35.7001	26.6721	4.97963
CA	36.399	27.8846	5.009
CA	37.7997	27.8846	5.02927
CA	38.5007	26.6717	5.01899
CA	39.9012	26.6697	4.98254
CA	40.5998	27.8838	5.01004
CA	41.9995	27.8851	5.00043
CA	42.6981	26.6716	5.01393
CA	44.0986	26.6727	5.01139
CA	44.7991	27.8854	5.01879
CA	46.1992	27.8855	5.00761
CA	46.8978	26.6722	5.01928
CA	48.2993	26.6713	5.00553
CA	48.9993	27.8851	5.02834
CA	50.3999	27.8868	5.02206
CA	51.0985	26.6739	5.02703
CA	52.4991	26.6738	5.02425
CA	53.1995	27.8868	5.00389
CA	54.5993	27.8861	4.98337
CA	55.2987	26.6733	4.99923
CA	57.3974	27.8831	5.02672
CA	58.798	27.8842	4.98271
CA	59.4994	26.6723	4.97353
CA	60.9002	26.6729	4.9688
CA	61.601	27.8858	4.98959
CA	0.000250938	30.3101	4.97886
CA	0.699	29.0964	5.00006
CA	2.10026	29.0985	4.95121
CA	2.79994	30.314	4.97021
CA	4.20243	30.3123	4.96996
CA	4.90098	29.0978	4.98454
CA	6.30083	29.1005	4.99472
CA	7.00105	30.3141	5.0142
CA	8.40089	30.3117	4.97013
CA	9.10038	29.0985	4.94668
CA	10.5008	29.096	4.97983
CA	11.2028	30.3089	5.02517
CA	13.2968	29.0987	5.03941
CA	14.6981	29.0982	5.00868
CA	15.3996	30.3103	5.03151
CA	16.8004	30.3105	5.01549
CA	17.5025	29.099	4.97971
CA	19.5978	30.3086	5.0023
CA	20.9988	30.3094	5.03534
CA	21.6999	29.0972	5.01156
CA	23.1002	29.0948	5.00322
CA	23.8009	30.3079	4.99864
CA	25.2019	30.3092	4.99409
CA	25.9037	29.097	4.96219
CA	27.9993	30.3072	4.99184
CA	29.3996	30.3096	5.0331
CA	30.0999	29.0972	5.02949
CA	31.4997	29.0976	5.02278
CA	32.2006	30.3097	5.02512
CA	33.6006	30.3068	4.97673
CA	35.6971	29.0963	4.98063
CA	36.3975	30.3092	5.00528
CA	37.7981	30.31	4.99621
CA	38.4992	29.0974	5.00525
CA	39.8994	29.0969	5.01106
CA	40.5982	30.3103	4.99475
CA	41.9984	30.3118	4.9815
CA	42.6988	29.0986	4.98935
CA	44.0988	29.0982	5.00434
CA	44.798	30.3109	4.98648
CA	46.1984	30.3108	4.97778
CA	46.8991	29.0982	4.99121
CA	48.2992	29.0981	5.01134
CA	48.9992	30.3108	4.98984
CA	50.3998	30.3111	4.99267
CA	51.1009	29.0998	5.01182
CA	52.5019	29.1014	4.98318
CA	54.5989	30.3117	5.01254
CA	55.2984	29.0984	5.02394
CA	56.699	29.0973	5.01572
CA	57.3995	30.3104	4.99758
CA	58.7994	30.3116	4.99345
CA	59.4987	29.0978	4.97685
CA	60.8998	29.0983	4.97508
CA	61.5996	30.3113	4.99471
CA	0.00148828	32.7358	5.00524
CA	0.701659	31.5226	5.00885
CA	2.80047	32.7319	5.00744
CA	4.202	32.7351	4.99538
CA	4.90549	31.5235	5.04229
CA	7.00113	32.735	5.02071
CA	8.40113	32.7353	4.98253
CA	9.10212	31.523	4.98079
CA	10.5026	31.5222	4.98781
CA	11.2005	32.7363	4.9933
CA	12.6004	32.7358	4.99438
CA	13.299	31.5222	5.02545
CA	14.6996	31.523	5.01532
CA	15.3996	32.7362	4.99514
CA	16.7997	32.7357	4.99718
CA	17.4996	31.5234	5.01072
CA	18.8997	31.5223	5.03861
CA	19.6012	32.7354	5.04199
CA	21.0022	32.7371	5.00489
CA	21.7002	31.5227	5.03398
CA	23.1002	31.5209	5.00012
CA	23.7991	32.7345	4.99984
CA	25.1999	32.7356	4.99628
CA	25.9003	31.5228	4.98939
CA	27.3001	31.5213	5.01161
CA	28.0007	32.7348	5.02836
CA	29.4015	32.7364	5.03478
CA	30.1004	31.523	5.04429
CA	31.501	31.5238	5.04293
CA	32.2008	32.7376	5.0141
CA	33.6002	32.7352	4.9928
CA	34.2992	31.5212	4.98356
CA	35.6989	31.5219	4.97191
CA	36.3981	32.7348	4.99978
CA	38.4969	31.5242	4.9988
CA	39.8979	31.523	4.98276
CA	40.5987	32.7342	5.01875
CA	42.6968	31.5261	4.99563
CA	44.0983	31.524	4.9734
CA	44.8009	32.7343	5.00358
CA	46.898	31.5233	5.00006
CA	48.2988	31.5235	4.98595
CA	48.9998	32.7355	5.00494
CA	50.4006	32.7354	5.0177
CA	51.1012	31.5226	5.00724
CA	52.5024	31.5216	4.98766
CA	53.2007	32.7353	5.02068
CA	54.6011	32.7369	5.04
CA	55.3005	31.5237	5.05662
CA	56.7018	31.5236	5.03687
CA	57.4042	32.7362	5.00702
CA	59.499	31.5255	4.97668
CA	60.8998	31.5242	4.99327
CA	61.6011	32.7361	4.9829
CA	0.70049	33.9496	5.02306
CA	2.10196	33.9468	5.01843
CA	2.80239	35.1597	4.98366
CA	4.89881	33.9505	4.97561
CA	6.29978	33.9479	4.98464
CA	7.00046	35.1603	4.95768
CA	8.401	35.1606	4.97178
CA	9.10053	33.9482	4.9833
CA	10.5004	33.9495	4.98572
CA	11.1988	35.1636	5.01113
CA	12.5996	35.1615	4.97878
CA	13.3001	33.9489	4.97599
CA	14.701	33.9497	4.96868
CA	16.8001	35.1602	4.98362
CA	17.4999	33.9478	5.0143
CA	18.9004	33.9474	5.02219
CA	19.601	35.1595	5.01625
CA	21.0013	35.1574	4.97764
CA	23.0979	33.9467	4.96933
CA	23.8001	35.1596	4.99689
CA	25.2012	35.1616	5.03304
CA	25.9005	33.9486	5.00258
CA	27.3006	33.9475	5.019
CA	27.9995	35.1607	5.00642
CA	29.4004	35.1619	4.9949
CA	30.1022	33.9502	5.01059
CA	31.5035	33.9525	4.97432
CA	33.5985	35.1621	4.97962
CA	34.2988	33.9487	4.99259
CA	35.6991	33.9483	4.99568
CA	36.3994	35.1611	5.00448
CA	37.7993	35.1586	4.98351
CA	38.4961	33.9427	5.00382
CA	39.8976	33.9458	4.98586
CA	40.5984	35.1598	4.98566
CA	41.9993	35.1586	4.97427
CA	42.6979	33.944	4.99947
CA	44.0997	33.946	4.96899
CA	44.7995	35.1597	4.98443
CA	46.1995	35.1609	4.97304
CA	46.8973	33.9453	5.00174
CA	48.2986	33.9474	4.98209
CA	48.9994	35.1607	4.97364
CA	50.4002	35.1607	5.00225
CA	51.1006	33.9483	5.02476
CA	52.5012	33.9484	5.03705
CA	53.202	35.1615	5.01598
CA	55.3005	33.9504	5.02009
CA	56.7018	33.9492	5.03449
CA	57.4003	35.1622	5.01604
CA	58.8004	35.1603	5.03778
CA	59.5002	33.9467	5.01178
CA	60.9012	33.9477	5.03668
CA	61.6019	35.1616	5.04098
CA	0.000709375	37.5849	5.04838
CA	0.699379	36.3705	5.03007
CA	2.10051	36.3718	5.03768
CA	2.79844	37.5863	5.0053
CA	4.19922	37.5842	5.02589
CA	4.89855	36.3699	4.99325
CA	6.29969	36.3718	4.99992
CA	6.99997	37.5854	5.01547
CA	8.40027	37.5849	5.00808
CA	9.10111	36.3726	5.01031
CA	11.1992	37.5813	5.00757
CA	12.6006	37.5831	4.98712
CA	13.3024	36.3713	5.00178
CA	14.7031	36.3689	4.9713
CA	15.4012	37.5838	4.99584
CA	16.8015	37.586	4.98314
CA	17.5006	36.3732	5.00667
CA	18.9011	36.373	5.01872
CA	19.6012	37.5861	5.00891
CA	21.0012	37.5841	5.01276
CA	21.7008	36.3709	5.00163
CA	23.1008	36.3722	4.99028
CA	23.8015	37.5843	4.96755
CA	25.2026	37.5829	4.99734
CA	27.2984	36.3729	5.03482
CA	27.9995	37.5856	5.00672
CA	29.4	37.5871	4.9741
CA	30.101	36.3745	5.00061
CA	31.5015	36.3747	4.96966
CA	32.1986	37.5883	5.00004
CA	33.5996	37.5881	4.99284
CA	34.2993	36.3749	5.00416
CA	35.7001	36.375	5.00172
CA	36.4006	37.5885	4.99425
CA	37.8011	37.5866	4.98997
CA	38.4999	36.3725	4.97601
CA	39.9001	36.3737	4.97478
CA	40.6011	37.5872	4.97849
CA	42.0014	37.5851	4.98037
CA	42.7007	36.3718	4.96359
CA	44.1016	36.3728	4.97456
CA	44.8033	37.5854	5.0049
CA	46.8997	36.376	4.99762
CA	48.3006	36.3747	4.98726
CA	49.0024	37.5867	5.02312
CA	50.4029	37.5868	5.02454
CA	51.101	36.3733	5.0154
CA	52.5011	36.3745	5.03366
CA	53.1992	37.5885	5.00366
CA	54.5994	37.5856	5.03482
CA	55.2971	36.3711	4.99701
CA	56.6982	36.3746	5.03053
CA	57.3977	37.59	5.01942
CA	58.7998	37.5869	5.04004
CA	59.5	36.3735	5.05301
CA	60.9007	36.3748	5.05548
CA	61.5998	37.5881	5.0134
CA	0.00101475	40.0086	5.03026
CA	0.702342	38.7965	5.00964
CA	2.80042	40.0084	5.01595
CA	4.20198	40.0098	5.03495
CA	4.90072	38.797	5.01085
CA	6.30095	38.7995	5.01042
CA	7.00033	40.014	4.97237
CA	8.40115	40.0108	5.00538
CA	9.09993	38.7972	5.0283
CA	10.4996	38.7956	4.98539
CA	11.1987	40.0095	4.99411
CA	12.5995	40.0096	4.9754
CA	13.2999	38.7967	4.97112
CA	14.7003	38.797	4.9999
CA	15.3997	40.0112	5.01525
CA	16.8001	40.0111	5.01955
CA	17.5013	38.7992	5.00117
CA	18.9025	38.8002	5.02703
CA	20.9982	40.0094	5.01519
CA	21.6998	38.7972	4.97984
CA	23.1007	38.7973	4.94541
CA	23.8009	40.0102	4.95553
CA	25.2016	40.0108	4.97705
CA	25.9012	38.797	4.96954
CA	27.3004	38.7979	4.99877
CA	28.0002	40.0101	4.98327
CA	29.4007	40.0089	4.94672
CA	31.4954	38.8003	4.96788
CA	32.1973	40.013	5.0019
CA	33.5975	40.0117	5.02917
CA	34.2999	38.8008	5.00153
CA	35.7009	38.8027	5.01962
CA	37.7977	40.0116	5.03221
CA	38.5008	38.8004	4.98919
CA	39.9033	38.8022	5.00225
CA	42.0021	40.0106	4.98256
CA	42.7018	38.7975	4.9629
CA	44.1026	38.7977	4.97497
CA	44.8021	40.0104	5.0074
CA	46.2026	40.0096	4.99489
CA	46.9017	38.7963	5.00138
CA	48.302	38.7989	4.99907
CA	49.0011	40.0124	4.98046
CA	50.4017	40.0122	5.01666
CA	51.1036	38.8	5.01125
CA	53.1994	40.0119	5.00213
CA	54.5997	40.0112	5.0269
CA	55.3003	38.7988	5.00991
CA	57.3993	40.0097	5.01162
CA	58.8006	40.0096	5.02026
CA	59.502	38.7977	4.98571
CA	61.6	40.0072	5.00499
CA	0.000348343	42.4353	4.99453
CA	0.700196	41.2223	5.01518
CA	2.10063	41.2217	5.03372
CA	2.80109	42.4346	5.04013
CA	4.20172	42.4353	5.01925
CA	4.90333	41.2232	5.0035
CA	7.00099	42.4342	4.99553
CA	8.40206	42.4337	5.02789
CA	9.10452	41.2211	5.02409
CA	11.2	42.4323	5.05395
CA	12.6008	42.4348	5.00513
CA	13.2997	41.2223	4.99534
CA	14.6995	41.2247	5.00497
CA	15.3979	42.4393	4.96907
CA	16.7993	42.4369	4.98154
CA	17.5	41.2236	5.00584
CA	18.901	41.2221	5.02259
CA	19.6005	42.435	4.98448
CA	21.0007	42.4354	5.00193
CA	21.6993	41.222	4.98881
CA	23.0999	41.2219	4.97273
CA	23.8017	42.4338	4.95708
CA	25.2028	42.4305	4.98764
CA	27.2982	41.222	5.00824
CA	27.9987	42.436	4.99189
CA	29.3988	42.4348	5.0106
CA	30.0999	41.2228	4.98757
CA	31.5	41.2275	5.00587
CA	33.5932	42.4374	5.02284
CA	34.2955	41.2245	4.99604
CA	35.6971	41.2231	4.99924
CA	36.3983	42.4353	4.98039
CA	37.799	42.4359	5.00423
CA	38.4994	41.223	4.9953
CA	39.9012	41.2233	5.0034
CA	40.6	42.4362	4.98675
CA	42.0004	42.4357	4.99616
CA	42.7015	41.2233	4.98043
CA	44.1017	41.2229	4.99608
CA	44.8014	42.4353	5.0169
CA	46.2023	42.4346	5.00158
CA	46.9033	41.222	4.96085
CA	49.0003	42.4335	4.9419
CA	50.4011	42.4362	4.97963
CA	51.1008	41.2242	4.98887
CA	52.4999	41.2247	5.00632
CA	53.1979	42.438	5.02854
CA	54.5982	42.4369	4.98874
CA	55.2988	41.224	4.99643
CA	56.6994	41.223	5.01041
CA	57.3993	42.4357	5.01141
CA	58.7996	42.4355	5.01596
CA	59.5	41.2227	5.00999
CA	60.9003	41.2213	5.01557
CA	61.5997	42.435	5.00061
CA	0.000873937	44.8615	5.00765
CA	0.700808	43.6483	4.99683
CA	2.101	43.6476	5.02731
CA	2.80043	44.8609	5.01356
CA	4.20123	44.8614	4.99465
CA	4.90072	43.6483	4.9856
CA	6.30071	43.6486	5.01624
CA	6.99916	44.8638	5.00306
CA	8.39994	44.8617	5.04346
CA	9.09977	43.6479	5.06411
CA	10.5004	43.6471	5.04443
CA	11.2006	44.8612	5.01765
CA	12.6014	44.86	4.99226
CA	13.3029	43.6477	4.96949
CA	15.3991	44.8595	4.9909
CA	16.7998	44.8615	4.98863
CA	17.5002	43.6491	4.95623
CA	18.9008	43.6481	4.95813
CA	19.6017	44.8609	4.95595
CA	21.0032	44.8611	4.97563
CA	21.7015	43.6478	4.99337
CA	23.1017	43.6479	4.96652
CA	23.8013	44.8617	4.99011
CA	25.2012	44.8596	4.96345
CA	25.902	43.6461	4.96052
CA	27.3015	43.6504	5.01983
CA	29.3964	44.8609	5.0173
CA	30.097	43.6482	4.98489
CA	31.4979	43.6496	5.00218
CA	32.1997	44.8618	4.97718
CA	33.6009	44.8651	4.97209
CA	34.297	43.6495	4.98679
CA	35.6978	43.6477	4.9645
CA	36.3979	44.8608	4.98883
CA	37.7987	44.8616	4.99349
CA	38.4989	43.649	5.00092
CA	39.8991	43.6487	4.97387
CA	41.9962	44.8608	5.0026
CA	42.6989	43.6485	5.02223
CA	44.1002	43.6479	5.0228
CA	44.8002	44.8603	5.00124
CA	46.2011	44.8602	4.99343
CA	46.9008	43.6475	4.99416
CA	48.3005	43.6475	4.98245
CA	48.9991	44.8621	5.00968
CA	50.4003	44.8613	4.99053
CA	51.1022	43.649	5.01561
CA	53.1972	44.8589	5.02445
CA	54.5981	44.8601	5.00432
CA	55.2988	43.6485	5.00274
CA	56.6989	43.6484	5.02134
CA	58.7957	44.861	5.02536
CA	59.4981	43.6488	4.99409
CA	60.8993	43.648	4.97517
CA	61.6	44.8607	4.97777
CA	0.00254329	47.2814	5.01523
CA	2.09909	46.0732	5.03393
CA	2.80011	47.2857	5.00902
CA	4.20093	47.2862	4.99586
CA	4.90221	46.0741	4.97445
CA	6.99828	47.2842	4.97953
CA	8.39913	47.2846	5.0018
CA	9.10083	46.0736	5.00675
CA	10.5017	46.0757	4.97885
CA	12.5993	47.2861	4.95386
CA	13.3	46.0735	4.97893
CA	14.7002	46.0725	5.01301
CA	15.4016	47.2846	5.03776
CA	17.5001	46.0746	5.01675
CA	18.9006	46.0732	4.97565
CA	19.6019	47.2843	4.98877
CA	21.0028	47.2842	4.97408
CA	21.7062	46.0732	4.99892
CA	23.8004	47.283	4.97412
CA	25.2011	47.2841	4.94852
CA	25.9016	46.0716	4.97796
CA	27.3015	46.0711	5.02193
CA	28.0012	47.2853	4.98805
CA	29.4019	47.2877	4.99362
CA	30.0983	46.0732	4.99242
CA	31.4983	46.0727	4.95639
CA	32.1984	47.2838	5.00713
CA	33.5993	47.2838	4.98944
CA	35.698	46.0737	4.96303
CA	36.3997	47.2858	5.00908
CA	37.8005	47.2878	5.06467
CA	38.5	46.0735	5.02339
CA	39.9011	46.069	5.01505
CA	40.5986	47.2839	5.02503
CA	41.9977	47.2843	4.9796
CA	42.6982	46.0729	5.01698
CA	44.0991	46.0725	5.00233
CA	44.7987	47.2852	4.99663
CA	46.1999	47.285	5.00726
CA	46.9019	46.0725	5.02022
CA	48.9993	47.2839	5.0124
CA	50.3999	47.285	4.98938
CA	51.0998	46.0732	5.00999
CA	52.4993	46.072	4.98849
CA	53.2001	47.2843	4.9655
CA	54.6003	47.285	4.97319
CA	55.3001	46.0719	4.98796
CA	56.701	46.0701	5.02306
CA	57.3998	47.2845	5.00579
CA	58.7997	47.2858	5.01651
CA	59.4978	46.0728	4.99823
CA	60.8988	46.0724	4.98812
CA	61.6012	47.2837	4.98333
CA	0.000977477	49.7092	4.98736
CA	0.701168	48.4961	4.99371
CA	2.10117	48.4984	5.00703
CA	2.80113	49.7118	4.98532
CA	4.2019	49.7124	4.97507
CA	4.90049	48.4994	4.97957
CA	6.30035	48.4984	4.99459
CA	7.00155	49.7113	5.02035
CA	8.40172	49.7089	5.0359
CA	9.10121	48.4958	5.01835
CA	10.5016	48.4951	4.96616
CA	11.2013	49.7096	4.99227
CA	12.6022	49.7129	4.99997
CA	13.3005	48.4988	4.98492
CA	14.7007	48.4968	5.01604
CA	15.3993	49.7094	5.00117
CA	16.7997	49.7078	4.95731
CA	17.4994	48.4936	4.99014
CA	18.9008	48.4957	4.96512
CA	19.6021	49.7089	4.97687
CA	21.7009	48.4964	4.99968
CA	23.1006	48.4964	4.96173
CA	23.8007	49.7093	4.96763
CA	25.2016	49.7105	4.96237
CA	25.9009	48.4976	4.94916
CA	27.3012	48.4984	4.95305
CA	28.0016	49.7114	4.99583
CA	29.402	49.7079	4.9877
CA	31.4974	48.4961	5.00659
CA	32.1977	49.7092	5.02609
CA	33.5985	49.7098	5.02134
CA	34.2988	48.497	5.00709
CA	35.6992	48.4974	4.99897
CA	36.4004	49.7087	4.98847
CA	37.801	49.7076	5.04609
CA	39.8981	48.4972	5.04954
CA	40.5995	49.7099	5.01928
CA	41.9993	49.7072	4.96436
CA	44.0961	48.497	4.96873
CA	44.7974	49.7099	4.99806
CA	46.1987	49.7106	5.00541
CA	46.8992	48.498	5.01278
CA	48.2994	48.4971	4.99699
CA	48.9998	49.7099	5.00056
CA	50.4002	49.7105	5.014
CA	51.1005	48.498	4.99974
CA	52.5013	48.4974	4.99291
CA	53.2022	49.7099	4.98391
CA	55.299	48.4991	4.9581
CA	56.6998	48.4977	4.98435
CA	57.4004	49.7099	4.97999
CA	58.8004	49.7109	5.0062
CA	59.5005	48.498	5.01181
CA	60.901	48.4969	4.99117
CA	61.6008	49.7096	4.99915
CA	0.00135462	52.1355	4.98709
CA	0.700376	50.9226	4.99814
CA	2.10037	50.9243	4.99041
CA	2.79993	52.1377	5.01786
CA	4.20067	52.1362	5.00292
CA	4.90325	50.9253	4.98462
CA	6.30474	50.9266	5.03784
CA	8.40105	52.1348	5.0375
CA	9.1007	50.9219	5.01816
CA	10.5009	50.9226	5.01621
CA	11.2011	52.1355	4.98135
CA	12.6014	52.1317	4.99246
CA	14.6973	50.9212	5.02641
CA	15.3991	52.1338	5
CA	16.7994	52.1365	4.95755
CA	17.4997	50.922	4.93349
CA	18.9006	50.9216	4.95341
CA	19.5986	52.135	4.97594
CA	20.9987	52.1337	4.96006
CA	21.6974	50.9191	4.98481
CA	23.0987	50.921	4.96511
CA	23.799	52.1344	4.96385
CA	25.1996	52.1351	4.9943
CA	25.9019	50.9236	4.99037
CA	27.3028	50.9264	5.03872
CA	29.3957	52.1351	5.0277
CA	30.0987	50.9225	4.99199
CA	31.5004	50.9226	4.98022
CA	32.2042	52.1341	5.0109
CA	34.2992	50.9231	5.01208
CA	35.6999	50.9221	4.97412
CA	36.4005	52.1352	4.99207
CA	37.8007	52.1352	4.99799
CA	38.5004	50.9222	5.02162
CA	39.9013	50.9252	5.01571
CA	41.9959	52.1351	5.00566
CA	42.6978	50.9214	5.0062
CA	44.0986	50.923	4.99119
CA	44.7995	52.1358	4.99955
CA	46.2005	52.1378	5.01935
CA	46.8996	50.9237	5.00495
CA	48.3001	50.9227	5.01425
CA	48.9997	52.1358	4.98954
CA	50.4011	52.1358	4.9721
CA	51.1007	50.9231	5.01833
CA	52.5011	50.9214	5.00948
CA	53.1998	52.1343	5.00609
CA	54.5998	52.133	5.03435
CA	55.2985	50.9195	5.00065
CA	56.7007	50.9219	5.01026
CA	57.4038	52.135	4.98654
CA	59.5004	50.924	4.98755
CA	60.9008	50.9228	5.00085
CA	61.6008	52.1351	4.97885
CA	0.00045021	54.5603	5.00947
CA	0.70213	53.3482	5.02146
CA	2.79966	54.5576	5.01788
CA	4.20037	54.5591	4.99149
CA	4.90167	53.3472	5.00655
CA	6.30262	53.3453	5.02534
CA	7.00047	54.5585	4.98892
CA	8.40049	54.559	4.99544
CA	9.10141	53.3476	4.99113
CA	10.5021	53.3498	4.93975
CA	12.5983	54.5583	4.94981
CA	13.2999	53.3457	4.97761
CA	14.7006	53.3468	5.01168
CA	15.4031	54.559	5.02504
CA	17.4986	53.3521	4.99162
CA	18.8997	53.3487	4.96615
CA	19.602	54.5598	4.99524
CA	21.699	53.3475	4.98546
CA	23.0994	53.3475	4.97495
CA	23.7992	54.5601	5.00337
CA	25.1995	54.5606	4.99447
CA	25.899	53.3481	4.99009
CA	27.2992	53.3495	5.01017
CA	28.0002	54.5611	4.98396
CA	29.4005	54.56	4.97854
CA	30.0991	53.3461	4.97112
CA	31.5013	53.3463	4.96516
CA	32.1994	54.5606	4.99666
CA	33.5997	54.5589	4.98671
CA	34.3004	53.3458	5.00318
CA	35.701	53.3478	4.98636
CA	36.4014	54.561	4.9728
CA	37.8032	54.5629	4.98388
CA	38.5012	53.3482	5.01877
CA	39.9018	53.3456	5.00283
CA	40.601	54.5588	5.03572
CA	42.0008	54.561	4.99667
CA	42.6983	53.3477	5.02796
CA	44.0985	53.3472	5.01531
CA	44.798	54.5597	4.99812
CA	46.1993	54.5589	5.01076
CA	48.2968	53.3477	4.99154
CA	48.999	54.5598	4.98787
CA	50.4001	54.5563	4.95978
CA	52.4984	53.3456	4.96778
CA	53.1994	54.5577	4.9783
CA	54.6002	54.5583	5.01187
CA	55.3008	53.3458	5.03504
CA	56.7016	53.3471	5.00863
CA	57.4002	54.561	4.98696
CA	58.7997	54.5584	5.01505
CA	59.4987	53.345	4.99102
CA	60.8995	53.3466	5.00458
CA	61.5995	54.5598	5.00599
CA	0.00228908	56.9861	4.98417
CA	0.700711	55.773	5.02263
CA	2.10066	55.7708	5.00296
CA	2.80077	56.9839	5.00181
CA	4.20123	56.9869	4.98673
CA	4.90001	55.7726	4.98741
CA	6.29985	55.7709	4.97612
CA	6.99844	56.9837	5.00577
CA	8.39968	56.9827	5.02458
CA	9.10058	55.7705	5.00925
CA	10.5009	55.7697	4.97145
CA	11.2006	56.9827	5.00022
CA	12.6007	56.9842	4.98633
CA	13.2998	55.7707	4.98534
CA	14.7009	55.7707	4.99954
CA	15.4003	56.9839	4.99298
CA	16.8002	56.9838	4.96099
CA	17.5013	55.7716	4.98995
CA	18.9014	55.772	4.95991
CA	19.5977	56.9859	4.99818
CA	20.9986	56.9842	4.98742
CA	21.6971	55.7691	5.00972
CA	23.0983	55.7721	4.99886
CA	23.7991	56.9856	4.98683
CA	25.1997	56.9853	4.97406
CA	25.9001	55.7734	4.98972
CA	27.3009	55.774	4.96267
CA	29.3971	56.985	4.99859
CA	30.0993	55.7734	5.00583
CA	31.5	55.7745	5.04085
CA	33.5968	56.9848	5.0021
CA	34.2981	55.7722	4.95885
CA	35.6995	55.7721	4.94195
CA	36.4011	56.9829	4.97742
CA	37.8023	56.9813	4.98255
CA	39.9009	55.771	5.00589
CA	40.6011	56.9835	5.02553
CA	42.0022	56.9825	5.0092
CA	44.0964	55.7722	4.97133
CA	44.7978	56.9845	5.00249
CA	46.1985	56.9838	5.0031
CA	46.8997	55.7721	4.99557
CA	48.3002	55.7736	5.04228
CA	50.3978	56.9827	5.03654
CA	51.0984	55.7701	4.9806
CA	52.4991	55.7701	4.96823
CA	54.597	56.9827	5.02516
CA	55.2997	55.7719	4.9909
CA	56.7012	55.7749	5.00487
CA	58.7966	56.9842	5.01104
CA	59.4987	55.7718	5.00681
CA	60.8997	55.7726	5.00259
CA	61.6007	56.9855	4.99018
CA	0.00186444	59.4066	4.96071
CA	2.10086	58.1954	4.96292
CA	2.79969	59.4088	4.99822
CA	4.20023	59.4078	5.00989
CA	6.29711	58.1963	4.98329
CA	6.99937	59.4081	5.01047
CA	8.40066	59.4062	5.00312
CA	9.10051	58.1944	5.00479
CA	10.5009	58.1953	5.0035
CA	11.2014	59.4081	4.97781
CA	12.6012	59.4113	4.98977
CA	13.3004	58.1977	5.00321
CA	14.7004	58.1969	4.99735
CA	15.3997	59.4099	4.99027
CA	16.7996	59.411	4.9589
CA	17.499	58.1974	4.95485
CA	19.5954	59.4059	4.97706
CA	20.9975	59.4082	4.95258
CA	21.6996	58.1975	4.98552
CA	23.1011	58.1999	4.96803
CA	25.2011	59.4106	4.98242
CA	25.9011	58.1969	5.00007
CA	27.3026	58.1954	4.9788
CA	28.0009	59.4098	5.01153
CA	29.4006	59.4091	5.00575
CA	30.0993	58.1961	5.01628
CA	31.4998	58.195	5.04268
CA	32.1999	59.4073	4.99809
CA	33.6003	59.4079	5.01007
CA	34.3003	58.1964	4.99249
CA	35.702	58.1953	5.01475
CA	37.7982	59.4064	5.02215
CA	38.5004	58.1952	4.99473
CA	39.901	58.1965	4.98753
CA	40.6006	59.4096	4.99328
CA	42.0007	59.4098	5.03454
CA	42.7008	58.1966	5.0305
CA	44.1003	58.1981	5.00735
CA	44.8006	59.4109	4.99134
CA	46.2004	59.4085	4.96273
CA	46.8998	58.1953	4.98511
CA	48.3001	58.1933	5.01859
CA	48.999	59.4069	4.9961
CA	50.3991	59.4082	4.99036
CA	51.0987	58.1945	4.98155
CA	52.4998	58.1925	5.0088
CA	53.1981	59.4075	4.98232
CA	54.5988	59.408	4.97456
CA	55.2978	58.1951	4.98399
CA	56.6991	58.1953	4.97447
CA	57.3983	59.4087	4.96814
CA	58.7993	59.4094	4.99834
CA	59.4985	58.1964	4.98028
CA	60.8995	58.1972	4.96003
CA	61.6009	59.4097	4.98525
CA	5.60E-05	61.8342	5.02622
CA	0.699831	60.6213	4.97186
CA	2.10093	60.6227	4.98698
CA	4.19819	61.8334	5.03142
CA	4.89972	60.6214	4.99808
CA	6.30129	60.6215	4.9752
CA	7.00475	61.8329	5.00403
CA	9.10316	60.6171	5.01133
CA	10.5035	60.6205	4.99271
CA	11.2046	61.8336	4.99426
CA	13.3001	60.6259	4.95938
CA	14.7015	60.6235	4.9796
CA	15.4057	61.8346	4.99284
CA	17.4999	60.624	4.99066
CA	18.8995	60.6212	4.94684
CA	19.6011	61.8337	4.96794
CA	21.0006	61.8353	5.02181
CA	21.7	60.6211	4.9807
CA	23.1017	60.6189	4.98661
CA	23.7977	61.8344	5.00752
CA	25.199	61.8356	4.98886
CA	25.9007	60.6236	5.00585
CA	27.3014	60.6237	5.0483
CA	29.3965	61.8342	5.00466
CA	30.0989	60.6219	4.98836
CA	31.4999	60.6194	4.95355
CA	33.5989	61.8311	4.95252
CA	34.3013	60.6191	5.00497
CA	35.7029	60.6157	5.05701
CA	36.4004	61.8309	5.02674
CA	37.8003	61.834	5.02723
CA	38.4984	60.621	4.98701
CA	39.8999	60.6219	4.98972
CA	41.9971	61.8351	4.98554
CA	42.6999	60.6232	4.99617
CA	44.101	60.6241	4.96574
CA	46.1972	61.8342	4.95649
CA	46.8986	60.6216	4.96938
CA	48.2991	60.6202	4.98039
CA	48.9983	61.8328	5.02239
CA	51.0962	60.6228	5.01451
CA	52.4974	60.6218	4.96966
CA	53.1994	61.8337	4.99233
CA	54.6001	61.832	4.95129
CA	56.6961	60.6206	4.94073
CA	57.3974	61.8326	4.9861
CA	58.7981	61.8329	5.0298
CA	59.5002	60.6219	5.01304
CA	60.9015	60.6234	5.03817
CA	0.000456803	64.2601	4.98835
CA	0.700329	63.0465	4.99155
CA	2.1012	63.0436	4.99859
CA	2.80088	64.2581	4.98158
CA	4.20201	64.2598	4.9939
CA	4.90055	63.0459	4.99297
CA	6.30255	63.0465	4.9792
CA	7.00058	64.2602	5.03108
CA	8.40124	64.2564	5.00312
CA	9.09848	63.0393	5.02254
CA	10.5008	63.0446	5.00273
CA	11.2016	64.2583	4.96132
CA	12.6026	64.2592	5.02115
CA	13.3019	63.0459	5.00645
CA	14.7026	63.046	5.0016
CA	15.4011	64.2586	5.03483
CA	16.8006	64.2587	4.98367
CA	17.5014	63.046	4.98343
CA	18.9011	63.0463	4.97393
CA	19.6006	64.2589	4.98342
CA	21.0002	64.2583	5.03051
CA	23.095	63.047	5.04845
CA	23.7975	64.2594	5.00587
CA	25.1988	64.2602	4.98399
CA	25.8997	63.0477	4.98168
CA	27.3007	63.0471	5.00642
CA	28.0012	64.2593	5.00296
CA	29.4018	64.2581	5.04081
CA	30.1011	63.0447	4.99525
CA	31.5024	63.0417	4.94329
CA	32.2013	64.2559	4.99023
CA	33.6015	64.2589	4.99789
CA	34.299	63.0446	4.9906
CA	35.6993	63.0441	5.02144
CA	36.3977	64.2585	4.99055
CA	37.7986	64.2601	4.95659
CA	38.5002	63.0468	4.98691
CA	39.9017	63.044	4.98229
CA	40.5988	64.2599	4.98633
CA	42	64.2606	5.0437
CA	42.6994	63.0477	4.99227
CA	44.1013	63.046	4.98026
CA	44.8023	64.2587	4.9972
CA	46.2031	64.2593	4.96931
CA	46.9	63.046	4.97095
CA	48.2999	63.0475	5.00207
CA	49	64.2616	4.98727
CA	50.4007	64.2576	5.01702
CA	51.0971	63.0425	5.06409
CA	52.4981	63.0464	5.0148
CA	53.1975	64.2624	5.02235
CA	54.5988	64.2588	5.00482
CA	55.2989	63.0458	4.97307
CA	56.6991	63.0455	4.98434
CA	58.7969	64.2569	5.00713
CA	59.4993	63.0443	4.99416
CA	60.9014	63.0422	5.00336
CA	61.6002	64.2563	4.96384
CA	0.698806	65.4749	4.96251
CA	2.1002	65.472	4.97937
CA	2.80091	66.6845	4.98773
CA	4.20097	66.6864	4.99936
CA	4.90267	65.4738	5.00906
CA	6.99763	66.6826	5.00258
CA	8.39983	66.6839	4.98128
CA	9.10284	65.4706	4.97979
CA	11.1995	66.6803	4.98261
CA	12.6014	66.6824	5.03451
CA	13.3056	65.4711	5.04925
CA	15.3984	66.6817	5.02711
CA	16.7985	66.6838	5.00044
CA	17.5	65.4717	5.00269
CA	18.9003	65.4716	4.99874
CA	19.599	66.685	5.01401
CA	20.9991	66.6858	4.9816
CA	21.6997	65.4725	5.01043
CA	23.0999	65.473	5.01798
CA	23.7997	66.6863	5.01179
CA	25.2014	66.6878	4.98579
CA	25.8996	65.4734	4.99578
CA	27.3007	65.4721	4.99764
CA	28.0012	66.6841	5.03119
CA	29.402	66.6842	5.02573
CA	30.1017	65.4709	5.04081
CA	31.5015	65.469	5.02178
CA	32.2001	66.6823	5.00178
CA	33.6011	66.682	5.00241
CA	35.6957	65.4713	4.99106
CA	36.399	66.6831	5.00111
CA	37.8006	66.6819	4.99472
CA	39.8947	65.4722	4.96453
CA	40.6002	66.6831	4.98014
CA	42.0025	66.6787	5.00943
CA	44.1018	65.4711	5.01378
CA	44.8018	66.6838	4.99893
CA	46.2029	66.6825	4.98854
CA	46.9066	65.471	4.9508
CA	49.0026	66.6853	4.97801
CA	50.4023	66.684	5.00709
CA	51.103	65.4711	5.0166
CA	53.2	66.6836	4.98879
CA	54.6005	66.6828	4.96725
CA	55.3011	65.4701	4.99989
CA	56.7019	65.4674	5.02866
CA	57.3998	66.6825	4.99427
CA	58.7997	66.6832	4.99698
CA	59.4986	65.4698	4.99079
CA	60.8997	65.4693	4.97292
CA	61.6004	66.6829	4.97742
CA	0.000509548	69.1082	5.00114
CA	0.700744	67.8956	4.96842
CA	2.10182	67.897	5.00486
CA	2.80228	69.1105	5.05211
CA	4.89862	67.8997	5.05928
CA	6.29848	67.8971	5.00118
CA	6.99859	69.1099	4.97741
CA	9.09828	67.8987	4.93873
CA	10.4991	67.8952	4.99557
CA	11.2004	69.1077	5.00534
CA	12.6006	69.1097	5.04236
CA	13.3002	67.8966	5.06932
CA	14.7008	67.8962	5.03065
CA	15.4035	69.1088	4.99527
CA	17.4976	67.897	4.9757
CA	18.8979	67.8971	5.00205
CA	19.5992	69.1088	5.01671
CA	20.9998	69.1074	5.00383
CA	23.0973	67.897	4.97372
CA	23.8007	69.107	5.01099
CA	25.203	69.1043	4.99975
CA	27.3021	67.8967	5.00361
CA	28.0012	69.109	5.03987
CA	29.4013	69.1076	5.00912
CA	31.4983	67.8944	4.97315
CA	32.199	69.1078	4.97703
CA	33.5998	69.1079	4.97623
CA	34.3008	67.8954	4.97796
CA	35.7002	67.8961	5.03384
CA	37.7978	69.1078	5.02383
CA	38.5008	67.8961	4.99407
CA	39.9016	67.8976	4.931
CA	41.9965	69.1067	4.96893
CA	42.6997	67.8944	4.99874
CA	44.1011	67.8964	5.04563
CA	46.1966	69.1081	5.01375
CA	46.899	67.8965	4.97333
CA	48.3001	67.897	4.98096
CA	49.0002	69.1096	4.98423
CA	50.4012	69.1098	4.99636
CA	51.1008	67.8972	5.02518
CA	52.5001	67.8977	4.98357
CA	53.1984	69.112	5.00138
CA	54.5987	69.1098	4.96558
CA	55.2987	67.8964	4.95755
CA	56.699	67.8959	4.95479
CA	58.7952	69.1085	4.95446
CA	59.4978	67.8965	5.01005
CA	60.8996	67.8957	5.01865
CA	61.5997	69.1083	5.00606
CA	0.00123319	71.5342	5.00312
CA	0.700813	70.3213	4.99307
CA	2.10162	70.3227	5.00675
CA	2.79977	71.5368	4.97982
CA	4.20054	71.5353	4.99674
CA	4.89856	70.3226	5.0503
CA	6.29834	70.3224	4.99563
CA	6.99839	71.5363	4.99636
CA	8.4	71.5334	5.01035
CA	9.09904	70.3192	4.9813
CA	10.501	70.3201	5.01604
CA	11.2043	71.5334	4.99728
CA	13.3006	70.3234	5.01353
CA	14.7019	70.3219	5.02352
CA	15.4001	71.5345	4.98797
CA	16.7997	71.5336	5.01091
CA	17.4984	70.3199	4.99741
CA	18.8994	70.3212	5.04354
CA	19.6008	71.5347	5.03852
CA	21.0024	71.5369	5.00649
CA	21.701	70.3215	5.02481
CA	23.1011	70.3205	5.00294
CA	23.7994	71.534	5.0148
CA	25.1999	71.5332	5.03583
CA	25.9003	70.3195	5.03817
CA	27.3009	70.3215	5.03456
CA	28	71.5346	5.02658
CA	29.3999	71.535	5.01061
CA	30.1003	70.3217	4.99575
CA	31.5004	70.3215	4.95889
CA	32.2005	71.5348	4.96368
CA	33.6019	71.5339	4.99583
CA	34.3015	70.3197	4.9765
CA	35.7016	70.3173	5.02616
CA	36.3985	71.5315	4.99235
CA	37.799	71.5336	5.01394
CA	38.4987	70.3205	4.99927
CA	39.8993	70.3206	4.96939
CA	40.5993	71.5332	5.00722
CA	41.9997	71.533	4.98531
CA	42.6988	70.3189	4.99699
CA	44.0998	70.3189	5.03675
CA	44.7989	71.5326	5.00119
CA	46.199	71.5337	5.00195
CA	46.8978	70.3207	4.98662
CA	48.2988	70.3213	4.97196
CA	48.9995	71.534	4.97319
CA	50.4004	71.5343	4.9859
CA	51.1026	70.3225	5.00901
CA	53.1988	71.5327	5.00846
CA	54.5996	71.5331	4.99564
CA	55.3001	70.3207	4.99943
CA	56.7002	70.3191	4.95934
CA	57.4008	71.5331	4.98557
CA	58.8018	71.5362	5.00938
CA	59.4979	70.3212	4.99647
CA	60.8992	70.3206	5.02767
CA	61.6004	71.5334	5.01716
CA	0.000782309	73.9594	4.99965
CA	0.702019	72.7472	4.98779
CA	2.79828	73.9557	4.97912
CA	4.20017	73.9577	4.9995
CA	4.90384	72.747	4.99742
CA	6.99823	73.957	5.00571
CA	8.39956	73.9595	5.00223
CA	9.10055	72.7464	5.05212
CA	10.5019	72.7458	5.0346
CA	11.1989	73.9599	5.02272
CA	12.5991	73.9592	5.01355
CA	13.2987	72.7454	4.97631
CA	14.6992	72.7465	4.99542
CA	15.3986	73.9597	4.98968
CA	16.7993	73.9594	4.98723
CA	17.4996	72.7467	5.0092
CA	18.9	72.7462	5.0079
CA	19.6006	73.9582	5.01035
CA	21.0012	73.9582	4.98134
CA	23.099	72.7468	4.972
CA	23.7996	73.9605	5.00192
CA	25.2	73.9592	5.01264
CA	25.9	72.7463	5.00814
CA	27.3007	72.7472	4.99929
CA	28.0011	73.9607	5.00207
CA	30.098	72.7494	5.02051
CA	31.499	72.7471	4.99725
CA	32.1995	73.9588	5.00972
CA	33.6001	73.956	5.02943
CA	35.6953	72.7436	5.00488
CA	36.3964	73.957	4.98849
CA	37.7976	73.959	5.00471
CA	38.4985	72.7466	5.0209
CA	39.8989	72.7463	5.02581
CA	40.5979	73.9598	5.01266
CA	41.9982	73.9603	5.00422
CA	42.6986	72.7468	5.00462
CA	44.0987	72.7459	4.99642
CA	44.798	73.9591	5.01014
CA	46.1982	73.959	4.98932
CA	46.8986	72.7465	4.9826
CA	48.2991	72.7466	4.98117
CA	48.9989	73.9595	4.99364
CA	50.3991	73.9598	5.0134
CA	51.0992	72.7471	5.00893
CA	52.4993	72.7459	4.989
CA	53.1995	73.9588	4.97855
CA	54.6	73.9588	4.97343
CA	55.2998	72.7459	4.97904
CA	56.7003	72.7454	4.99306
CA	57.4024	73.9569	4.98553
CA	58.8032	73.9546	5.03603
CA	60.9009	72.7459	5.02318
CA	61.6005	73.9587	4.99404
CA	0.700541	75.1717	4.96709
CA	2.09996	75.17	5.01221
CA	2.80042	76.3831	5.0253
CA	4.20007	76.3842	5.01835
CA	4.89961	75.1713	5.01896
CA	6.29989	75.1709	4.98908
CA	6.99919	76.3846	4.94603
CA	9.0979	75.1745	4.94631
CA	10.499	75.173	4.99318
CA	11.2005	76.3849	5.01036
CA	13.2977	75.1735	5.04423
CA	14.6982	75.1727	4.99525
CA	15.3991	76.3841	5.01015
CA	16.7997	76.3855	5.01889
CA	17.4995	75.1722	4.99456
CA	18.8999	75.1707	5.01761
CA	19.5988	76.3834	5.00318
CA	20.9997	76.3834	5.00643
CA	21.7014	75.172	5.0013
CA	23.1024	75.1757	5.01483
CA	25.1995	76.3856	5.00697
CA	25.8992	75.1724	4.97949
CA	27.3001	75.1729	4.97606
CA	27.9996	76.3856	5.00828
CA	29.3996	76.3849	4.98801
CA	30.0977	75.1712	4.99192
CA	31.4986	75.1714	4.98245
CA	32.1979	76.385	4.9646
CA	33.5983	76.3833	5.00289
CA	34.2982	75.17	5.02596
CA	35.6981	75.1698	5.03174
CA	36.3974	76.3823	5.00683
CA	38.4963	75.1735	4.99774
CA	39.8989	75.1735	5.01262
CA	40.6018	76.3848	4.96499
CA	42.6978	75.1736	4.96314
CA	44.0984	75.1724	4.99231
CA	44.8005	76.3845	5.0082
CA	46.8982	75.1718	5.00907
CA	48.299	75.1721	5.00698
CA	48.9987	76.3849	5.02424
CA	50.3994	76.386	4.99488
CA	51.0991	75.1727	5.01414
CA	52.4993	75.1713	4.99545
CA	53.1986	76.3838	5.02369
CA	54.5999	76.3834	5.03332
CA	55.3005	75.1712	4.98912
CA	56.7017	75.1705	4.99574
CA	58.7977	76.3827	4.99329
CA	59.5011	75.1699	4.99454
CA	60.903	75.1721	4.99823
CA	61.6067	76.3838	4.9603
CA	0.00180176	78.8087	4.97782
CA	0.702169	77.5958	4.96688
CA	2.10285	77.5971	5.0221
CA	2.80578	78.8097	5.07299
CA	4.89984	77.5973	5.04324
CA	6.29934	77.5965	4.99241
CA	6.99867	78.8089	4.9945
CA	8.39813	78.8087	5.01044
CA	9.09659	77.5945	4.97602
CA	10.498	77.5959	5.0122
CA	11.1978	78.8089	5.04889
CA	12.5988	78.8076	5.02426
CA	13.2967	77.5931	5.04428
CA	14.6976	77.5947	5.02205
CA	15.3995	78.8065	4.99137
CA	16.8002	78.8043	5.00822
CA	18.8969	77.5951	5.02014
CA	19.5987	78.8072	4.9892
CA	20.9995	78.8071	4.95984
CA	21.7008	77.5947	4.97877
CA	23.102	77.5941	5.00495
CA	23.8008	78.8079	4.98294
CA	25.2006	78.81	5.01332
CA	25.9001	77.5981	4.99471
CA	27.3002	77.5986	5.00672
CA	28.0001	78.8119	5.01586
CA	29.3998	78.8101	4.99423
CA	30.0996	77.5976	4.96152
CA	32.197	78.8061	4.99218
CA	33.598	78.8075	5.01738
CA	34.2987	77.5957	5.00583
CA	35.6989	77.5959	5.00786
CA	36.3987	78.8085	4.97321
CA	37.7991	78.807	4.9771
CA	38.4965	77.5919	4.97121
CA	39.8986	77.5952	4.99221
CA	40.5982	78.8091	4.9995
CA	41.9978	78.8081	5.03325
CA	42.6978	77.5961	4.98188
CA	44.0986	77.5965	5.00303
CA	44.7972	78.8096	5.01891
CA	46.1969	78.8085	5.01244
CA	46.8951	77.594	5.03738
CA	48.2959	77.5953	5.00408
CA	48.9974	78.8073	5.01045
CA	50.3988	78.8046	4.98153
CA	52.4968	77.5958	5.00138
CA	53.1987	78.8086	5.02391
CA	54.6006	78.8093	5.00004
CA	55.301	77.5958	5.00844
CA	56.7025	77.593	4.99081
CA	57.4018	78.8071	5.00076
CA	58.8027	78.8085	5.03653
CA	59.5012	77.5953	4.99057
CA	60.9032	77.5951	4.98582
CA	61.6012	78.8086	4.96611
CA	0.00175782	81.2346	4.98378
CA	0.702521	80.0215	4.98092
CA	2.10348	80.0222	5.01829
CA	2.79998	81.2372	5.0048
CA	4.19993	81.2347	5.03291
CA	4.90015	80.0217	5.06503
CA	6.30023	80.0215	5.01528
CA	7.00171	81.2334	4.98189
CA	9.09706	80.0236	5.00326
CA	10.4981	80.0218	5.02609
CA	11.1996	81.2331	4.99821
CA	12.6003	81.2322	4.97731
CA	13.3002	80.0198	4.98465
CA	14.7009	80.0197	4.95904
CA	16.8007	81.2316	4.97221
CA	17.4997	80.0186	5.00408
CA	18.8999	80.0201	5.02276
CA	19.6006	81.2328	5.02389
CA	21.0002	81.2331	4.98661
CA	21.6995	80.0202	4.9596
CA	23.1	80.0203	4.96405
CA	23.8002	81.2329	4.97777
CA	25.2	81.2338	4.99189
CA	25.9006	80.0229	5.00795
CA	27.301	80.0257	4.9877
CA	29.3972	81.2352	4.97946
CA	30.0983	80.0227	4.99907
CA	31.4985	80.0204	5.02141
CA	32.1998	81.2332	5.01711
CA	33.6004	81.2336	5.01686
CA	34.299	80.0204	5.02843
CA	35.6991	80.0217	4.99407
CA	36.3987	81.2357	5.01864
CA	37.7993	81.2338	4.99718
CA	38.4992	80.021	4.98101
CA	39.8996	80.0226	5.01462
CA	41.9949	81.234	5.04109
CA	42.697	80.0218	5.03513
CA	44.0983	80.0227	5.0198
CA	44.7994	81.2358	5.00019
CA	46.8963	80.023	4.98127
CA	48.2975	80.0216	5.0121
CA	48.9977	81.2346	4.99167
CA	50.3983	81.233	4.99951
CA	51.0981	80.0191	5.00347
CA	52.4986	80.0204	4.99763
CA	53.1992	81.2323	5.02635
CA	54.6004	81.2289	5.01112
CA	56.6988	80.0186	5.00117
CA	57.3999	81.2313	5.00742
CA	58.801	81.2291	5.02491
CA	60.9009	80.0205	5.00421
CA	61.6004	81.234	5.00225
CA	0.000178562	83.6598	5.01056
CA	0.70228	82.448	4.96822
CA	2.7994	83.6588	4.9737
CA	4.19947	83.6599	5.02483
CA	4.90042	82.447	5.02061
CA	6.30088	82.4459	5.01413
CA	6.99896	83.6593	5.00415
CA	8.39853	83.6596	5.02169
CA	9.09836	82.4451	5.00997
CA	10.4994	82.4451	5.02998
CA	11.1998	83.6582	5.04777
CA	12.6014	83.6566	5.03815
CA	13.3026	82.4433	4.99887
CA	14.7043	82.4393	4.96323
CA	15.402	83.6544	4.99885
CA	16.8022	83.6566	4.99865
CA	17.5015	82.4447	5.01294
CA	18.9028	82.446	5.03094
CA	19.6068	83.6578	5.05684
CA	21.7011	82.4454	5.01079
CA	23.1009	82.4455	4.99217
CA	23.8005	83.6577	5.02463
CA	25.2007	83.6577	5.04201
CA	25.9007	82.4452	5.02299
CA	27.3012	82.4445	4.99601
CA	28.0011	83.6578	5.02142
CA	29.4012	83.6597	5.00582
CA	30.0995	82.4469	5.01089
CA	31.5003	82.4465	5.01161
CA	32.2011	83.6592	4.98061
CA	33.6013	83.6599	4.99757
CA	34.3011	82.4466	5.03707
CA	36.3989	83.6559	5.031
CA	37.7998	83.6572	4.98947
CA	38.5006	82.4455	5.00123
CA	39.901	82.4453	5.02217
CA	40.6007	83.6589	4.98915
CA	42.0007	83.6596	5.00259
CA	42.6972	82.446	4.99915
CA	44.0982	82.4479	4.99406
CA	44.7983	83.6612	4.94548
CA	46.1982	83.6598	5.0001
CA	46.896	82.4457	5.01454
CA	48.2974	82.448	5.02077
CA	48.9968	83.6631	5.05728
CA	50.399	83.6606	5.00506
CA	51.0981	82.4464	4.98625
CA	52.4986	82.4465	5.01443
CA	53.198	83.6604	4.98737
CA	54.5989	83.6571	5.02211
CA	55.2994	82.4434	5.03283
CA	56.6992	82.4445	4.97459
CA	58.794	83.6573	4.95631
CA	59.497	82.4447	5.00285
CA	60.8985	82.446	5.02965
CA	61.5992	83.6583	5.03284
CA	0.69788	84.8741	5.03019
CA	2.09893	84.8717	5.00807
CA	2.80056	86.0839	5.0013
CA	4.89845	84.8746	5.01616
CA	6.30019	84.8729	5.02166
CA	7.00197	86.0845	4.97974
CA	9.09703	84.8744	4.99605
CA	10.4985	84.8714	5.03177
CA	11.2002	86.0833	5.02502
CA	12.6009	86.083	5.04352
CA	13.3015	84.8697	5.04641
CA	14.7026	84.8683	5.03522
CA	15.404	86.0813	4.99836
CA	17.5033	84.8682	4.98875
CA	18.9038	84.8696	5.01847
CA	19.6006	86.0831	5.00289
CA	21	86.0809	4.97959
CA	21.6996	84.8673	5.01353
CA	23.0999	84.8694	5.00082
CA	23.7998	86.082	4.98422
CA	25.1999	86.0818	4.99333
CA	25.9005	84.8703	5.03455
CA	27.3008	84.8703	5.02663
CA	27.9996	86.0838	5.0264
CA	29.4008	86.0842	5.03611
CA	30.1021	84.8724	5.02144
CA	31.5034	84.8733	4.99487
CA	32.2053	86.0866	4.95906
CA	34.2998	84.8739	4.986
CA	35.7003	84.8703	5.00242
CA	36.4016	86.0828	4.98264
CA	37.8027	86.0831	4.99555
CA	38.5005	84.8702	4.98958
CA	39.9006	84.8723	4.97916
CA	40.6003	86.0865	5.01607
CA	42.0006	86.0847	4.97452
CA	42.7005	84.8722	4.95761
CA	44.7988	86.0817	4.97165
CA	46.1991	86.0845	4.99646
CA	46.8998	84.872	5.01068
CA	48.9982	86.0823	5.0256
CA	50.3995	86.0818	4.98246
CA	51.1033	84.8714	4.97808
CA	53.2002	86.084	4.9977
CA	54.6001	86.0829	5.04121
CA	55.2997	84.8699	5.02263
CA	56.7	84.8696	4.99912
CA	57.3998	86.0829	5.02258
CA	58.7992	86.0829	4.9781
CA	59.4973	84.8694	4.9772
CA	60.8983	84.8701	5.00506
CA	61.5995	86.0829	5.01469
CA	62.9999	88.5063	4.98573
CA	0.697656	87.2932	5.04263
CA	2.09835	87.2955	5.0066
CA	2.79687	88.5098	4.99764
CA	4.19843	88.5082	4.98857
CA	4.89774	87.2938	4.98481
CA	6.29937	87.2961	5.00704
CA	6.99914	88.5102	5.01003
CA	8.39902	88.5082	5.03354
CA	9.09925	87.2959	5.01116
CA	10.5001	87.2956	5.03936
CA	11.2005	88.5088	5.0267
CA	12.6015	88.5094	4.99403
CA	13.3015	87.2961	5.03546
CA	14.7021	87.2942	5.0147
CA	15.3989	88.5082	5.01467
CA	16.7994	88.5057	5.04362
CA	17.4978	87.2906	4.99735
CA	18.899	87.2949	5.01756
CA	19.5993	88.5091	5.01153
CA	20.9992	88.5073	4.96869
CA	21.6995	87.2942	4.95731
CA	23.1001	87.2947	4.95517
CA	23.8014	88.5065	4.98313
CA	25.2023	88.5031	4.97326
CA	27.297	87.2952	4.98011
CA	27.999	88.5078	4.99242
CA	29.4005	88.5083	5.02408
CA	30.1017	87.2965	5.04341
CA	31.5027	87.2989	5.01513
CA	32.1991	88.5146	5.04357
CA	33.6005	88.5102	5.01566
CA	34.2997	87.2972	4.96294
CA	35.7003	87.2951	5.00216
CA	36.402	88.507	4.99212
CA	37.803	88.5075	5.00998
CA	38.5046	87.2953	5.0378
CA	40.6012	88.5071	4.99923
CA	42.0003	88.5077	4.93623
CA	42.7015	87.2962	4.9449
CA	44.1016	87.296	4.97256
CA	44.8016	88.5098	4.99808
CA	46.8979	87.2992	5.03243
CA	48.2994	87.2965	4.98731
CA	49.0032	88.5078	5.00254
CA	51.1	87.2945	4.97722
CA	52.5	87.2956	5.00253
CA	53.2004	88.5088	5.01815
CA	54.601	88.5092	5.02703
CA	55.3001	87.296	5.04707
CA	56.7005	87.2963	5.04399
CA	57.4005	88.5094	5.01297
CA	58.8002	88.5077	4.98297
CA	59.4996	87.2951	4.97278
CA	60.9	87.2952	4.97876
CA	61.5998	88.5077	4.99059
CA	0.000889803	90.9326	4.96823
CA	0.700826	89.7196	4.9853
CA	2.79723	90.9311	4.99285
CA	4.19821	90.9324	4.9696
CA	4.89953	89.7212	5.00163
CA	6.30039	89.7247	5.03024
CA	8.39674	90.9333	5.02973
CA	9.09833	89.7209	5.01487
CA	10.4993	89.7204	4.99228
CA	11.2009	90.9322	4.99292
CA	12.6017	90.9311	4.96975
CA	14.6961	89.7204	4.98165
CA	15.3984	90.9327	5.00714
CA	16.7992	90.932	5.02941
CA	17.5005	89.7199	5.04369
CA	18.9012	89.7238	5.00145
CA	20.9973	90.933	5.00904
CA	21.699	89.72	4.99928
CA	23.1004	89.7193	5.02539
CA	25.1957	90.9316	5.028
CA	25.8985	89.7188	4.98759
CA	27.2993	89.7206	4.96995
CA	27.9998	90.9332	4.98658
CA	29.4005	90.9335	5.00835
CA	30.1011	89.7213	5.03922
CA	32.2011	90.9317	5.03266
CA	33.6027	90.932	5.01223
CA	34.3059	89.7204	5.00606
CA	36.3993	90.9297	4.9725
CA	37.7996	90.9329	5.00622
CA	38.5013	89.7209	5.0003
CA	39.9013	89.7198	4.9792
CA	40.602	90.9321	5.00212
CA	42.6992	89.721	4.95782
CA	44.1003	89.7217	4.96115
CA	44.7996	90.9344	4.98737
CA	46.1998	90.9342	4.96534
CA	46.8983	89.7199	4.99138
CA	48.3006	89.7195	4.96846
CA	49	90.9331	4.96516
CA	50.4007	90.932	4.96594
CA	51.0991	89.7184	5.00965
CA	52.4996	89.7205	4.98168
CA	53.1999	90.9337	4.98853
CA	54.6003	90.9334	4.97165
CA	55.3015	89.722	4.99414
CA	56.7028	89.7234	4.97985
CA	58.8005	90.9321	4.986
CA	59.5002	89.7199	5.00196
CA	60.9004	89.7203	4.99909
CA	61.6004	90.9328	4.98274
CA	0.000463465	93.3575	5.00225
CA	0.700396	92.1456	4.98544
CA	2.10052	92.146	4.97065
CA	2.8001	93.3603	4.94723
CA	4.20187	93.3598	4.95926
CA	4.89976	92.145	4.94427
CA	6.29919	92.145	5.00114
CA	6.99959	93.3574	4.9683
CA	8.39997	93.3578	4.98901
CA	9.09937	92.1448	4.99302
CA	10.5006	92.145	4.9858
CA	11.201	93.3582	4.97113
CA	12.6019	93.3584	4.97332
CA	13.3013	92.1451	4.97968
CA	14.7013	92.1464	4.97594
CA	15.4016	93.3595	5.00099
CA	16.801	93.3572	5.03684
CA	17.5004	92.1443	5.04003
CA	18.9009	92.145	5.01691
CA	19.6017	93.3584	5.01926
CA	21.0023	93.3591	4.9685
CA	21.7007	92.1453	5.01069
CA	23.1017	92.1428	5.02293
CA	23.8011	93.3576	5.01167
CA	25.2016	93.3608	5.05854
CA	25.8981	92.1459	5.01323
CA	27.2992	92.1455	5.00847
CA	27.999	93.3591	4.99904
CA	29.4004	93.3591	4.9614
CA	30.1007	92.1464	5.00726
CA	31.5009	92.1441	4.98436
CA	32.1998	93.3577	4.98154
CA	33.6004	93.3587	4.99629
CA	34.3008	92.1457	4.99416
CA	35.7008	92.1436	5.00706
CA	36.4012	93.357	4.99794
CA	38.4993	92.1472	4.98781
CA	39.9004	92.1452	5.00378
CA	40.5998	93.3577	5.01761
CA	41.9994	93.3561	4.99589
CA	42.6977	92.1416	5.00692
CA	44.0989	92.1458	4.97246
CA	44.8	93.3595	4.98196
CA	46.2012	93.362	5.01285
CA	46.9001	92.1479	4.9703
CA	48.3	92.146	4.97839
CA	48.9985	93.3591	4.96882
CA	50.4003	93.3576	4.96375
CA	51.1031	92.145	4.98841
CA	53.1993	93.3564	5.02221
CA	54.6001	93.3568	5.00993
CA	55.3013	92.144	5.00875
CA	56.7024	92.1416	4.98762
CA	57.4001	93.3562	5.03263
CA	58.8004	93.3578	5.01575
CA	59.5001	92.1451	5.01135
CA	60.9004	92.1454	4.99949
CA	61.6003	93.3584	5.0011
CA	0.00437622	95.7806	4.99909
CA	2.09836	94.5727	4.99591
CA	2.80095	95.786	4.97366
CA	4.20254	95.7802	4.99572
CA	6.29818	94.5697	4.97257
CA	6.99964	95.7829	4.94753
CA	8.4014	95.7831	4.9686
CA	9.10024	94.5703	4.99262
CA	10.5005	94.5713	4.98395
CA	11.1996	95.785	5.01395
CA	12.6006	95.7833	4.98853
CA	13.3028	94.5719	4.9735
CA	14.7042	94.5743	5.01926
CA	16.8011	95.7821	5.0372
CA	17.5006	94.5696	5.01679
CA	18.9007	94.5704	5.01157
CA	19.6006	95.7832	5.00591
CA	21.0006	95.782	4.96997
CA	23.0992	94.5696	4.9804
CA	23.8008	95.7827	4.99832
CA	25.202	95.7846	5.04884
CA	27.2982	94.572	5.0247
CA	28.0016	95.7836	5.01255
CA	29.4019	95.781	4.97075
CA	31.4982	94.5701	4.96407
CA	32.1996	95.7826	5.01442
CA	33.6004	95.7853	5.04263
CA	34.3004	94.5717	5.01268
CA	35.7006	94.5695	5.01754
CA	36.3979	95.7833	5.00109
CA	37.7988	95.7827	5.02601
CA	38.4987	94.569	5.01079
CA	39.8993	94.5697	5.04515
CA	40.6	95.7828	5.04337
CA	42.0002	95.7823	5.01475
CA	42.6997	94.5695	4.99887
CA	44.1	94.5712	5.0107
CA	44.8011	95.7837	4.99903
CA	46.202	95.7823	5.01059
CA	48.2969	94.5721	5.01933
CA	48.9989	95.7837	5.01371
CA	50.3995	95.7827	4.99508
CA	51.0991	94.57	4.98567
CA	52.4991	94.5699	4.99673
CA	53.1973	95.7846	4.97473
CA	54.5991	95.784	4.99674
CA	55.299	94.5704	5.00353
CA	56.6993	94.5699	5.03408
CA	57.3996	95.7832	5.00744
CA	58.8002	95.7835	5.03347
CA	59.5006	94.5709	5.03393
CA	60.9012	94.5714	5.02913
CA	61.6024	95.784	5.00048
CA	62.996	98.2071	4.9628
CA	0.70183	96.9965	4.98453
CA	2.10368	97.0022	5.02157
CA	4.19769	98.2086	4.96827
CA	4.89921	96.9947	4.95183
CA	6.29984	96.9961	4.94894
CA	7.0002	98.2091	4.95805
CA	8.4005	98.2075	4.98921
CA	9.10291	96.9957	5.00835
CA	11.1986	98.2048	4.99134
CA	12.6002	98.2059	4.94979
CA	13.302	96.9942	4.98128
CA	14.703	96.9923	5.00696
CA	15.401	98.2072	4.9813
CA	16.8005	98.207	5.01028
CA	17.5007	96.9952	5.01129
CA	18.9009	96.9968	4.98065
CA	20.9975	98.208	4.96286
CA	21.6991	96.9955	4.99006
CA	23.1001	96.9957	4.97051
CA	23.8002	98.2085	4.97933
CA	25.2009	98.2078	4.97984
CA	25.9031	96.9972	5.00909
CA	27.3049	96.9993	5.00921
CA	29.401	98.2066	5.03476
CA	30.101	96.9932	5.03849
CA	31.5007	96.995	5.03897
CA	32.2006	98.2078	5.01448
CA	33.6002	98.2069	5.01038
CA	35.6957	96.9956	5.03418
CA	36.3986	98.2079	5.0214
CA	37.7996	98.2084	5.01035
CA	38.4996	96.9957	5.03217
CA	39.9005	96.9956	5.00774
CA	41.9972	98.2064	4.97946
CA	42.6998	96.9957	5.00968
CA	44.1013	96.9971	4.97441
CA	46.1986	98.2089	4.97554
CA	46.8996	96.9963	5.00702
CA	48.2996	96.9962	5.03831
CA	49.0001	98.208	5.04007
CA	50.3997	98.2077	5.00532
CA	51.1002	96.9952	4.97574
CA	53.1972	98.2048	4.99172
CA	54.5986	98.2077	5.00255
CA	55.3009	96.9958	4.95373
CA	57.3968	98.205	4.96771
CA	58.7977	98.2068	4.99322
CA	59.5001	96.9956	5.0002
CA	60.9008	96.997	4.97018
CA	62.9978	100.633	4.96779
CA	0.696876	99.4199	4.97796
CA	2.09767	99.4237	5.00901
CA	2.79871	100.635	4.98299
CA	4.19892	100.633	4.98464
CA	4.89946	99.4211	4.95285
CA	6.30029	99.4225	4.98301
CA	8.39734	100.632	5.01674
CA	9.0987	99.4204	4.99347
CA	10.4989	99.4184	4.97089
CA	11.1989	100.631	4.9733
CA	12.5992	100.631	4.98142
CA	13.3006	99.4199	4.95535
CA	14.702	99.4222	4.99161
CA	16.8003	100.631	5.02612
CA	17.5007	99.4186	5.0005
CA	18.901	99.4172	4.96318
CA	19.5996	100.631	4.98004
CA	20.9996	100.632	4.9716
CA	21.6992	99.4202	4.98521
CA	23.0999	99.4211	5.01917
CA	25.1991	100.632	5.01378
CA	25.901	99.4195	4.98045
CA	27.3024	99.4178	4.96433
CA	28.0008	100.631	5.00783
CA	29.4011	100.632	4.99664
CA	30.1021	99.4206	5.03187
CA	31.5033	99.4216	4.9918
CA	33.6009	100.631	4.97492
CA	34.3007	99.4194	5.0091
CA	35.7007	99.421	5.04793
CA	36.4018	100.634	5.04029
CA	37.803	100.636	5.0094
CA	38.5012	99.4213	5.01615
CA	39.9013	99.4182	4.97547
CA	40.6	100.631	5.03653
CA	42.0011	100.631	5.03959
CA	42.7003	99.4175	5.02172
CA	44.1026	99.4159	4.98833
CA	44.801	100.631	5.00319
CA	46.2009	100.634	4.98955
CA	46.8997	99.4214	5.00776
CA	48.3005	99.4205	5.02496
CA	49.0019	100.633	5.03466
CA	51.0978	99.4214	5.00128
CA	52.4989	99.4187	5.00225
CA	53.1996	100.631	5.03619
CA	55.2959	99.4227	5.02508
CA	56.6971	99.4194	4.99866
CA	57.3994	100.632	5.02636
CA	58.8001	100.632	5.04466
CA	59.4986	99.4187	5.02329
CA	60.8988	99.4173	4.99657
CA	61.5972	100.632	4.99434
CA	62.9986	103.058	4.97914
CA	0.699433	101.846	4.97631
CA	2.10045	101.847	4.94836
CA	4.19887	103.056	4.94303
CA	4.89949	101.844	4.98177
CA	6.30016	101.842	5.0163
CA	6.9999	103.056	5.00207
CA	8.3997	103.057	5.02933
CA	9.09842	101.845	5.00102
CA	10.4988	101.844	4.98675
CA	11.199	103.057	4.98098
CA	12.599	103.056	4.96983
CA	13.2997	101.843	4.98185
CA	14.7002	101.841	5.01698
CA	15.398	103.056	5.01606
CA	16.7984	103.057	5.03229
CA	17.4988	101.844	5.00306
CA	18.899	101.844	4.9801
CA	19.5989	103.056	4.97619
CA	20.9996	103.055	4.98207
CA	21.7012	101.843	4.97086
CA	23.1014	101.841	5.02456
CA	23.7991	103.056	4.99373
CA	25.2	103.057	4.99704
CA	25.8992	101.845	4.98308
CA	27.3	101.845	5.00102
CA	27.9997	103.059	4.97984
CA	29.4013	103.057	5.00276
CA	30.1021	101.843	5.00351
CA	31.503	101.84	4.95176
CA	32.201	103.055	4.98505
CA	33.6005	103.056	4.98976
CA	34.3001	101.844	5.00217
CA	35.7006	101.846	5.01768
CA	36.401	103.058	5.01881
CA	37.8021	103.058	5.02107
CA	39.8985	101.846	5.03007
CA	40.6004	103.058	5.04375
CA	42.0012	103.057	5.03966
CA	42.7018	101.844	5.04585
CA	44.1029	101.844	5.03051
CA	44.8043	103.058	4.99439
CA	46.9007	101.848	4.96666
CA	48.3011	101.846	5.00204
CA	49.0011	103.058	5.00716
CA	50.4002	103.057	4.97519
CA	51.0985	101.842	4.98667
CA	52.4998	101.843	4.97782
CA	53.1997	103.057	4.97126
CA	54.6005	103.057	4.97913
CA	55.2996	101.844	5.01052
CA	56.7006	101.845	5.01045
CA	57.4024	103.057	4.97311
CA	58.8033	103.054	4.99058
CA	60.8968	101.845	5.01641
CA	61.5982	103.058	4.99132
CA	62.9989	105.483	5.02704
CA	0.699522	104.27	4.98744
CA	2.10073	104.268	4.94868
CA	2.80005	105.481	4.98615
CA	4.20012	105.481	4.9915
CA	4.9001	104.269	4.98746
CA	6.30108	104.27	5.02326
CA	8.39856	105.482	5.00857
CA	9.09914	104.269	4.99837
CA	10.4988	104.27	4.95736
CA	12.5929	105.482	4.95808
CA	13.2957	104.27	4.99451
CA	14.6965	104.269	5.02024
CA	15.3967	105.482	5.01809
CA	16.7969	105.482	4.996
CA	17.4981	104.27	5.02035
CA	18.8983	104.269	4.99761
CA	19.5981	105.481	4.99524
CA	20.9995	105.477	5.02722
CA	23.0957	104.268	5.00509
CA	23.7975	105.48	4.98703
CA	25.1989	105.481	4.96941
CA	25.9004	104.269	4.96601
CA	27.9994	105.479	4.97045
CA	29.4001	105.48	4.99932
CA	30.1019	104.269	4.98726
CA	31.5026	104.269	5.02045
CA	33.5982	105.482	5.00314
CA	34.2993	104.27	4.98581
CA	35.7002	104.271	4.99035
CA	36.4004	105.485	4.99251
CA	37.8005	105.482	5.01084
CA	38.5017	104.271	5.02716
CA	39.9019	104.271	4.99219
CA	41.9993	105.481	5.00104
CA	42.7009	104.269	5.04421
CA	44.1024	104.269	5.03605
CA	44.8014	105.483	5.01941
CA	46.2018	105.482	5.0256
CA	46.9017	104.269	4.98495
CA	48.3025	104.271	5.01238
CA	49.0046	105.483	5.04542
CA	51.1001	104.271	4.99269
CA	52.5002	104.27	4.96612
CA	53.2003	105.483	4.96948
CA	54.6006	105.482	4.96137
CA	55.3017	104.27	4.9668
CA	56.7028	104.271	4.94414
CA	58.7994	105.482	4.96274
CA	59.5006	104.27	4.98575
CA	60.9	104.271	5.03845
CA	0.00103064	107.908	4.9886
CA	0.699557	106.695	4.99062
CA	2.10013	106.694	4.98207
CA	2.80151	107.907	4.98296
CA	4.20178	107.904	4.98218
CA	4.90198	106.691	4.99044
CA	6.30285	106.69	5.02228
CA	7.00123	107.904	4.99173
CA	8.40102	107.907	5.02412
CA	9.09959	106.694	5.00292
CA	10.4999	106.693	4.976
CA	11.1995	107.906	5.02945
CA	12.5987	107.908	4.99297
CA	13.2958	106.694	4.98369
CA	14.6966	106.694	4.99678
CA	15.3984	107.906	5.00167
CA	16.7991	107.903	4.98602
CA	18.8949	106.693	4.962
CA	19.5966	107.906	5.00369
CA	20.9977	107.905	5.00994
CA	21.6985	106.692	5.00175
CA	23.0986	106.693	4.99701
CA	23.7986	107.906	4.99224
CA	25.1992	107.907	4.99527
CA	25.8996	106.694	4.96273
CA	27.3	106.693	4.98781
CA	27.9995	107.907	4.98479
CA	29.4014	107.908	4.9838
CA	30.1007	106.693	4.98932
CA	31.5015	106.692	5.02278
CA	32.1996	107.905	4.96642
CA	33.5998	107.907	4.98498
CA	34.3005	106.696	4.98049
CA	35.7026	106.7	5.00543
CA	37.8014	107.907	5.00091
CA	38.5013	106.694	4.98831
CA	39.9018	106.692	4.95333
CA	40.6006	107.907	4.98856
CA	42.0006	107.907	5.00225
CA	42.6998	106.694	5.02164
CA	44.1009	106.695	5.03418
CA	44.8013	107.908	5.01659
CA	46.2022	107.91	4.98833
CA	46.9023	106.696	5.01653
CA	48.303	106.695	5.0006
CA	48.9998	107.909	5.00771
CA	50.4001	107.907	4.99928
CA	51.1002	106.694	5.0204
CA	52.4996	106.695	4.9708
CA	53.1983	107.91	4.99386
CA	54.5994	107.907	4.98135
CA	55.3004	106.694	4.97605
CA	56.7014	106.692	4.96566
CA	57.4007	107.906	4.99967
CA	58.8008	107.908	4.96573
CA	59.501	106.694	4.97552
CA	60.9018	106.693	5.01701
CA	61.6004	107.907	4.97663
CA	0.00143474	110.332	4.99122
CA	0.702527	109.121	4.98742
CA	2.10398	109.122	5.01206
CA	4.20156	110.33	4.99224
CA	4.90091	109.117	4.95892
CA	6.30139	109.117	4.95622
CA	7.0009	110.331	4.96661
CA	8.40063	110.334	4.99698
CA	9.1012	109.121	5.01777
CA	10.5017	109.12	5.03334
CA	11.2041	110.333	5.05404
CA	13.2995	109.121	5.02692
CA	14.6998	109.12	5.00898
CA	15.4002	110.332	5.01102
CA	16.7996	110.333	5.02623
CA	17.4986	109.118	5.02496
CA	18.8983	109.119	5.00917
CA	19.5981	110.332	5.02894
CA	20.9985	110.331	5.03193
CA	21.698	109.118	5.0234
CA	23.0985	109.118	5.02303
CA	23.7995	110.329	4.99566
CA	25.2008	110.327	4.99109
CA	27.2969	109.119	5.01608
CA	27.9982	110.332	4.97757
CA	29.3998	110.33	4.9857
CA	31.498	109.118	4.96199
CA	32.1981	110.333	4.94425
CA	33.5988	110.331	4.95234
CA	34.3001	109.118	4.96387
CA	35.7008	109.118	4.9966
CA	36.3994	110.331	4.97463
CA	37.7997	110.332	4.99926
CA	38.5012	109.12	4.98178
CA	39.902	109.121	5.01281
CA	41.9997	110.332	5.0305
CA	42.6999	109.119	5.00073
CA	44.1002	109.12	4.99834
CA	44.8009	110.332	5.01343
CA	46.2016	110.33	4.98455
CA	48.2982	109.121	4.98358
CA	48.9991	110.334	5.00627
CA	50.4	110.333	4.99941
CA	51.1007	109.12	5.00475
CA	53.1981	110.33	5.01732
CA	54.5988	110.331	4.97281
CA	55.2999	109.119	4.98529
CA	56.7002	109.119	4.99191
CA	57.3996	110.332	4.99613
CA	59.4986	109.123	5.00616
CA	60.8996	109.12	4.9766
CA	61.601	110.332	4.99277
