     #Energy           s          py          pz          px         dxy         dyz         dz2         dxz         dx2       tot  
   -28.51875     0.00000     0.00000     0.00000     0.00000     0.00000     0.00000     0.00000     0.00000     0.00000     0.00000
   -28.39375     0.00000     0.00000     0.00000     0.00000     0.00000     0.00000     0.00000     0.00000     0.00000     0.00000
   -28.26875     0.00000     0.00000     0.00000     0.00000     0.00000     0.00000     0.00000     0.00000     0.00000     0.00000
   -28.14475     0.00000     0.00000     0.00000     0.00000     0.00000     0.00000     0.00000     0.00000     0.00000     0.00000
   -28.01975     0.00000     0.00000     0.00000     0.00000     0.00000     0.00000     0.00000     0.00000     0.00000     0.00000
   -27.89475     0.00000     0.00000     0.00000     0.00000     0.00000     0.00000     0.00000     0.00000     0.00000     0.00000
   -27.76975     0.00000     0.00000     0.00000     0.00000     0.00000     0.00000     0.00000     0.00000     0.00000     0.00000
   -27.64475     0.00000     0.00000     0.00000     0.00000     0.00000     0.00000     0.00000     0.00000     0.00000     0.00000
   -27.51975     0.00000     0.00000     0.00000     0.00000     0.00000     0.00000     0.00000     0.00000     0.00000     0.00000
   -27.39475     0.00000     0.00000     0.00000     0.00000     0.00000     0.00000     0.00000     0.00000     0.00000     0.00000
   -27.27075     0.00000     0.00000     0.00000     0.00000     0.00000     0.00000     0.00000     0.00000     0.00000     0.00000
   -27.14575     0.00000     0.00000     0.00000     0.00000     0.00000     0.00000     0.00000     0.00000     0.00000     0.00000
   -27.02075     0.00000     0.00029     0.00020     0.00029     0.00000     0.00000     0.00000     0.00000     0.00000     0.00079
   -26.89575     0.00000     0.03487     0.02848     0.03485     0.00000     0.00000     0.00000     0.00000     0.00000     0.09820
   -26.77075     0.00001     0.33828     0.31201     0.33826     0.00000     0.00000     0.00000     0.00000     0.00000     0.98856
   -26.64575     0.00002     0.78878     0.76532     0.78876     0.00000     0.00000     0.00000     0.00000     0.00000     2.34288
   -26.52075     0.00002     0.97999     0.97566     0.97996     0.00000     0.00000     0.00000     0.00000     0.00000     2.93564
   -26.39675     0.00003     0.98987     0.98822     0.98984     0.00000     0.00000     0.00000     0.00000     0.00000     2.96795
   -26.27175     0.00003     0.98990     0.98827     0.98987     0.00000     0.00000     0.00000     0.00000     0.00000     2.96807
   -26.14675     0.00003     0.98990     0.98827     0.98987     0.00000     0.00000     0.00000     0.00000     0.00000     2.96807
   -26.02175     0.00003     0.98990     0.98827     0.98987     0.00000     0.00000     0.00000     0.00000     0.00000     2.96807
   -25.89675     0.00003     0.98990     0.98827     0.98987     0.00000     0.00000     0.00000     0.00000     0.00000     2.96807
   -25.77175     0.00003     0.98990     0.98827     0.98987     0.00000     0.00000     0.00000     0.00000     0.00000     2.96807
   -25.64675     0.00003     0.98990     0.98827     0.98987     0.00000     0.00000     0.00000     0.00000     0.00000     2.96807
   -25.52275     0.00003     0.98990     0.98827     0.98987     0.00000     0.00000     0.00000     0.00000     0.00000     2.96807
   -25.39775     0.00003     0.98990     0.98827     0.98987     0.00000     0.00000     0.00000     0.00000     0.00000     2.96807
   -25.27275     0.00003     0.98990     0.98827     0.98987     0.00000     0.00000     0.00000     0.00000     0.00000     2.96807
   -25.14775     0.00003     0.98990     0.98827     0.98987     0.00000     0.00000     0.00000     0.00000     0.00000     2.96807
   -25.02275     0.00003     0.98990     0.98827     0.98987     0.00000     0.00000     0.00000     0.00000     0.00000     2.96807
   -24.89775     0.00003     0.98990     0.98827     0.98987     0.00000     0.00000     0.00000     0.00000     0.00000     2.96807
   -24.77275     0.00003     0.98990     0.98827     0.98987     0.00000     0.00000     0.00000     0.00000     0.00000     2.96807
   -24.64875     0.00003     0.98990     0.98827     0.98987     0.00000     0.00000     0.00000     0.00000     0.00000     2.96807
   -24.52375     0.00003     0.98990     0.98827     0.98987     0.00000     0.00000     0.00000     0.00000     0.00000     2.96807
   -24.39875     0.00003     0.98990     0.98827     0.98987     0.00000     0.00000     0.00000     0.00000     0.00000     2.96807
   -24.27375     0.00003     0.98990     0.98827     0.98987     0.00000     0.00000     0.00000     0.00000     0.00000     2.96807
   -24.14875     0.00003     0.98990     0.98827     0.98987     0.00000     0.00000     0.00000     0.00000     0.00000     2.96807
   -24.02375     0.00003     0.98990     0.98827     0.98987     0.00000     0.00000     0.00000     0.00000     0.00000     2.96807
   -23.89875     0.00003     0.98990     0.98827     0.98987     0.00000     0.00000     0.00000     0.00000     0.00000     2.96807
   -23.77375     0.00003     0.98990     0.98827     0.98987     0.00000     0.00000     0.00000     0.00000     0.00000     2.96807
   -23.64975     0.00003     0.98990     0.98827     0.98987     0.00000     0.00000     0.00000     0.00000     0.00000     2.96807
   -23.52475     0.00003     0.98990     0.98827     0.98987     0.00000     0.00000     0.00000     0.00000     0.00000     2.96807
   -23.39975     0.00003     0.98990     0.98827     0.98987     0.00000     0.00000     0.00000     0.00000     0.00000     2.96807
   -23.27475     0.00003     0.98990     0.98827     0.98987     0.00000     0.00000     0.00000     0.00000     0.00000     2.96807
   -23.14975     0.00003     0.98990     0.98827     0.98987     0.00000     0.00000     0.00000     0.00000     0.00000     2.96807
   -23.02475     0.00003     0.98990     0.98827     0.98987     0.00000     0.00000     0.00000     0.00000     0.00000     2.96807
   -22.89975     0.00003     0.98990     0.98827     0.98987     0.00000     0.00000     0.00000     0.00000     0.00000     2.96807
   -22.77575     0.00003     0.98990     0.98827     0.98987     0.00000     0.00000     0.00000     0.00000     0.00000     2.96807
   -22.65075     0.00003     0.98990     0.98827     0.98987     0.00000     0.00000     0.00000     0.00000     0.00000     2.96807
   -22.52575     0.00003     0.98990     0.98827     0.98987     0.00000     0.00000     0.00000     0.00000     0.00000     2.96807
   -22.40075     0.00003     0.98990     0.98827     0.98987     0.00000     0.00000     0.00000     0.00000     0.00000     2.96807
   -22.27575     0.00003     0.98990     0.98827     0.98987     0.00000     0.00000     0.00000     0.00000     0.00000     2.96807
   -22.15075     0.00003     0.98990     0.98827     0.98987     0.00000     0.00000     0.00000     0.00000     0.00000     2.96807
   -22.02575     0.00003     0.98990     0.98827     0.98987     0.00000     0.00000     0.00000     0.00000     0.00000     2.96807
   -21.90175     0.00003     0.98990     0.98827     0.98987     0.00000     0.00000     0.00000     0.00000     0.00000     2.96807
   -21.77675     0.00003     0.98990     0.98827     0.98987     0.00000     0.00000     0.00000     0.00000     0.00000     2.96807
   -21.65175     0.00003     0.98990     0.98827     0.98987     0.00000     0.00000     0.00000     0.00000     0.00000     2.96807
   -21.52675     0.00003     0.98990     0.98827     0.98987     0.00000     0.00000     0.00000     0.00000     0.00000     2.96807
   -21.40175     0.00003     0.98990     0.98827     0.98987     0.00000     0.00000     0.00000     0.00000     0.00000     2.96807
   -21.27675     0.00003     0.98990     0.98827     0.98987     0.00000     0.00000     0.00000     0.00000     0.00000     2.96807
   -21.15175     0.00003     0.98990     0.98827     0.98987     0.00000     0.00000     0.00000     0.00000     0.00000     2.96807
   -21.02775     0.00003     0.98990     0.98827     0.98987     0.00000     0.00000     0.00000     0.00000     0.00000     2.96807
   -20.90275     0.00003     0.98990     0.98827     0.98987     0.00000     0.00000     0.00000     0.00000     0.00000     2.96807
   -20.77775     0.00003     0.98990     0.98827     0.98987     0.00000     0.00000     0.00000     0.00000     0.00000     2.96807
   -20.65275     0.00003     0.98990     0.98827     0.98987     0.00000     0.00000     0.00000     0.00000     0.00000     2.96807
   -20.52775     0.00003     0.98990     0.98827     0.98987     0.00000     0.00000     0.00000     0.00000     0.00000     2.96807
   -20.40275     0.00003     0.98990     0.98827     0.98987     0.00000     0.00000     0.00000     0.00000     0.00000     2.96807
   -20.27775     0.00003     0.98990     0.98829     0.98987     0.00000     0.00000     0.00000     0.00000     0.00000     2.96809
   -20.15375     0.00005     0.98990     0.98836     0.98987     0.00000     0.00000     0.00000     0.00000     0.00000     2.96819
   -20.02875     0.00009     0.98990     0.98850     0.98987     0.00000     0.00000     0.00000     0.00000     0.00000     2.96836
   -19.90375     0.00013     0.98990     0.98867     0.98988     0.00000     0.00000     0.00000     0.00000     0.00000     2.96857
   -19.77875     0.00016     0.98990     0.98878     0.98988     0.00000     0.00000     0.00000     0.00000     0.00000     2.96873
   -19.65375     0.00018     0.98991     0.98885     0.98988     0.00000     0.00000     0.00000     0.00000     0.00000     2.96882
   -19.52875     0.00020     0.98991     0.98892     0.98988     0.00000     0.00000     0.00000     0.00000     0.00000     2.96892
   -19.40375     0.00022     0.98991     0.98899     0.98989     0.00000     0.00000     0.00000     0.00000     0.00000     2.96901
   -19.27975     0.00024     0.98992     0.98906     0.98989     0.00000     0.00000     0.00000     0.00000     0.00000     2.96911
   -19.15475     0.00027     0.98992     0.98912     0.98990     0.00000     0.00000     0.00000     0.00000     0.00000     2.96920
   -19.02975     0.00028     0.98992     0.98918     0.98990     0.00000     0.00000     0.00000     0.00000     0.00000     2.96929
   -18.90475     0.00030     0.98993     0.98923     0.98990     0.00000     0.00000     0.00000     0.00000     0.00000     2.96937
   -18.77975     0.00032     0.98993     0.98929     0.98991     0.00000     0.00000     0.00000     0.00000     0.00000     2.96945
   -18.65475     0.00034     0.98994     0.98933     0.98991     0.00000     0.00000     0.00000     0.00000     0.00000     2.96953
   -18.52975     0.00036     0.98995     0.98938     0.98992     0.00000     0.00000     0.00000     0.00000     0.00000     2.96960
   -18.40475     0.00037     0.98995     0.98942     0.98993     0.00000     0.00000     0.00000     0.00000     0.00000     2.96967
   -18.28075     0.00039     0.98996     0.98947     0.98993     0.00000     0.00000     0.00000     0.00000     0.00000     2.96974
   -18.15575     0.00040     0.98996     0.98951     0.98994     0.00000     0.00000     0.00000     0.00000     0.00000     2.96981
   -18.03075     0.00042     0.98997     0.98955     0.98994     0.00000     0.00000     0.00000     0.00000     0.00000     2.96987
   -17.90575     0.00043     0.98997     0.98958     0.98995     0.00000     0.00000     0.00000     0.00000     0.00000     2.96994
   -17.78075     0.00045     0.98998     0.98962     0.98995     0.00000     0.00000     0.00000     0.00000     0.00000     2.97000
   -17.65575     0.00046     0.98999     0.98965     0.98996     0.00000     0.00000     0.00000     0.00000     0.00000     2.97006
   -17.53075     0.00047     0.98999     0.98968     0.98997     0.00000     0.00000     0.00000     0.00000     0.00000     2.97012
   -17.40675     0.00049     0.99000     0.98971     0.98997     0.00000     0.00000     0.00000     0.00000     0.00000     2.97017
   -17.28175     0.00050     0.99001     0.98974     0.98998     0.00000     0.00000     0.00000     0.00000     0.00000     2.97022
   -17.15675     0.00051     0.99001     0.98977     0.98999     0.00000     0.00000     0.00000     0.00000     0.00000     2.97028
   -17.03175     0.00052     0.99002     0.98979     0.98999     0.00000     0.00000     0.00000     0.00000     0.00000     2.97033
   -16.90675     0.00053     0.99002     0.98982     0.99000     0.00000     0.00000     0.00000     0.00000     0.00000     2.97038
   -16.78175     0.00055     0.99003     0.98984     0.99001     0.00000     0.00000     0.00000     0.00000     0.00000     2.97042
   -16.65675     0.00056     0.99004     0.98986     0.99001     0.00000     0.00000     0.00000     0.00000     0.00000     2.97047
   -16.53275     0.00057     0.99004     0.98989     0.99002     0.00000     0.00000     0.00000     0.00000     0.00000     2.97052
   -16.40775     0.00058     0.99005     0.98991     0.99003     0.00000     0.00000     0.00000     0.00000     0.00000     2.97056
   -16.28275     0.00059     0.99006     0.98993     0.99003     0.00000     0.00000     0.00000     0.00000     0.00000     2.97060
   -16.15775     0.00060     0.99006     0.98995     0.99004     0.00000     0.00000     0.00000     0.00000     0.00000     2.97065
   -16.03275     0.00060     0.99007     0.98996     0.99005     0.00000     0.00000     0.00000     0.00000     0.00000     2.97069
   -15.90775     0.00061     0.99008     0.98998     0.99005     0.00000     0.00000     0.00000     0.00000     0.00000     2.97072
   -15.78275     0.00062     0.99009     0.98999     0.99006     0.00000     0.00000     0.00000     0.00000     0.00000     2.97076
   -15.65875     0.00063     0.99009     0.99001     0.99007     0.00000     0.00000     0.00000     0.00000     0.00000     2.97080
   -15.53375     0.00063     0.99010     0.99002     0.99008     0.00000     0.00000     0.00000     0.00000     0.00000     2.97083
   -15.40875     0.00064     0.99011     0.99003     0.99008     0.00000     0.00000     0.00000     0.00000     0.00000     2.97087
   -15.28375     0.00065     0.99012     0.99005     0.99009     0.00000     0.00000     0.00000     0.00000     0.00000     2.97090
   -15.15875     0.00065     0.99012     0.99006     0.99010     0.00000     0.00000     0.00000     0.00000     0.00000     2.97094
   -15.03375     0.00066     0.99013     0.99007     0.99011     0.00000     0.00000     0.00000     0.00000     0.00000     2.97097
   -14.90875     0.00066     0.99014     0.99008     0.99012     0.00000     0.00000     0.00000     0.00000     0.00000     2.97100
   -14.78475     0.00067     0.99015     0.99008     0.99013     0.00000     0.00000     0.00000     0.00000     0.00000     2.97103
   -14.65975     0.00067     0.99016     0.99009     0.99013     0.00000     0.00000     0.00000     0.00000     0.00000     2.97105
   -14.53475     0.00067     0.99016     0.99009     0.99014     0.00000     0.00000     0.00000     0.00000     0.00000     2.97106
   -14.40975     0.00067     0.99017     0.99009     0.99014     0.00000     0.00000     0.00000     0.00000     0.00000     2.97108
   -14.28475     0.00068     0.99017     0.99010     0.99015     0.00000     0.00000     0.00000     0.00000     0.00000     2.97109
   -14.15975     0.00068     0.99017     0.99010     0.99015     0.00000     0.00000     0.00000     0.00000     0.00000     2.97110
   -14.03475     0.00068     0.99018     0.99010     0.99015     0.00000     0.00000     0.00000     0.00000     0.00000     2.97111
   -13.90975     0.00068     0.99018     0.99011     0.99015     0.00000     0.00000     0.00000     0.00000     0.00000     2.97112
   -13.78575     0.00069     0.99018     0.99012     0.99016     0.00000     0.00000     0.00000     0.00000     0.00000     2.97115
   -13.66075     0.00070     0.99018     0.99014     0.99016     0.00000     0.00000     0.00000     0.00000     0.00000     2.97118
   -13.53575     0.00071     0.99019     0.99015     0.99016     0.00000     0.00000     0.00000     0.00000     0.00000     2.97121
   -13.41075     0.00072     0.99019     0.99017     0.99016     0.00000     0.00000     0.00000     0.00000     0.00000     2.97124
   -13.28575     0.00073     0.99019     0.99019     0.99016     0.00000     0.00000     0.00000     0.00000     0.00000     2.97127
   -13.16075     0.00074     0.99019     0.99020     0.99017     0.00000     0.00000     0.00000     0.00000     0.00000     2.97131
   -13.03575     0.00075     0.99020     0.99022     0.99017     0.00000     0.00000     0.00000     0.00000     0.00000     2.97134
   -12.91175     0.00076     0.99020     0.99023     0.99018     0.00000     0.00000     0.00000     0.00000     0.00000     2.97137
   -12.78675     0.00077     0.99021     0.99025     0.99018     0.00000     0.00000     0.00000     0.00000     0.00000     2.97140
   -12.66175     0.00078     0.99021     0.99026     0.99018     0.00000     0.00000     0.00000     0.00000     0.00000     2.97143
   -12.53675     0.00078     0.99021     0.99027     0.99019     0.00000     0.00000     0.00000     0.00000     0.00000     2.97145
   -12.41175     0.00079     0.99022     0.99027     0.99019     0.00000     0.00000     0.00000     0.00000     0.00000     2.97147
   -12.28675     0.00079     0.99022     0.99028     0.99019     0.00000     0.00000     0.00000     0.00000     0.00000     2.97148
   -12.16175     0.00079     0.99022     0.99029     0.99020     0.00000     0.00000     0.00000     0.00000     0.00000     2.97150
   -12.03775     0.00080     0.99023     0.99029     0.99020     0.00000     0.00000     0.00000     0.00000     0.00000     2.97152
   -11.91275     0.00080     0.99023     0.99030     0.99020     0.00000     0.00000     0.00000     0.00000     0.00000     2.97153
   -11.78775     0.00081     0.99023     0.99030     0.99021     0.00000     0.00000     0.00000     0.00000     0.00000     2.97155
   -11.66275     0.00081     0.99023     0.99031     0.99021     0.00000     0.00000     0.00000     0.00000     0.00000     2.97156
   -11.53775     0.00081     0.99024     0.99031     0.99021     0.00000     0.00000     0.00000     0.00000     0.00000     2.97157
   -11.41275     0.00082     0.99024     0.99032     0.99021     0.00000     0.00000     0.00000     0.00000     0.00000     2.97159
   -11.28775     0.00082     0.99024     0.99033     0.99022     0.00000     0.00000     0.00000     0.00000     0.00000     2.97160
   -11.16375     0.00082     0.99024     0.99033     0.99022     0.00000     0.00000     0.00000     0.00000     0.00000     2.97162
   -11.03875     0.00083     0.99025     0.99034     0.99022     0.00000     0.00000     0.00000     0.00000     0.00000     2.97164
   -10.91375     0.00084     0.99025     0.99035     0.99022     0.00000     0.00000     0.00000     0.00000     0.00000     2.97166
   -10.78875     0.00084     0.99025     0.99036     0.99023     0.00000     0.00000     0.00000     0.00000     0.00000     2.97168
   -10.66375     0.00085     0.99025     0.99037     0.99023     0.00000     0.00000     0.00000     0.00000     0.00000     2.97171
   -10.53875     0.00086     0.99026     0.99038     0.99023     0.00000     0.00000     0.00000     0.00000     0.00000     2.97173
   -10.41375     0.00086     0.99026     0.99039     0.99023     0.00000     0.00000     0.00000     0.00000     0.00000     2.97175
   -10.28975     0.00087     0.99026     0.99040     0.99024     0.00000     0.00000     0.00000     0.00000     0.00000     2.97176
   -10.16475     0.00087     0.99026     0.99041     0.99024     0.00000     0.00000     0.00000     0.00000     0.00000     2.97178
   -10.03975     0.00088     0.99027     0.99042     0.99024     0.00000     0.00000     0.00000     0.00000     0.00000     2.97180
    -9.91475     0.00089     0.99027     0.99043     0.99024     0.00000     0.00000     0.00000     0.00000     0.00000     2.97182
    -9.78975     0.00089     0.99027     0.99043     0.99025     0.00000     0.00000     0.00000     0.00000     0.00000     2.97184
    -9.66475     0.00090     0.99027     0.99044     0.99025     0.00000     0.00000     0.00000     0.00000     0.00000     2.97186
    -9.53975     0.00090     0.99028     0.99045     0.99025     0.00000     0.00000     0.00000     0.00000     0.00000     2.97188
    -9.41475     0.00091     0.99028     0.99046     0.99025     0.00000     0.00000     0.00000     0.00000     0.00000     2.97190
    -9.29075     0.00091     0.99028     0.99047     0.99026     0.00000     0.00000     0.00000     0.00000     0.00000     2.97191
    -9.16575     0.00092     0.99028     0.99047     0.99026     0.00000     0.00000     0.00000     0.00000     0.00000     2.97193
    -9.04075     0.00092     0.99029     0.99048     0.99026     0.00000     0.00000     0.00000     0.00000     0.00000     2.97195
    -8.91575     0.00093     0.99029     0.99049     0.99026     0.00000     0.00000     0.00000     0.00000     0.00000     2.97196
    -8.79075     0.00093     0.99029     0.99049     0.99027     0.00000     0.00000     0.00000     0.00000     0.00000     2.97198
    -8.66575     0.00094     0.99029     0.99050     0.99027     0.00000     0.00000     0.00000     0.00000     0.00000     2.97200
    -8.54075     0.00096     0.99030     0.99051     0.99027     0.00000     0.00000     0.00000     0.00000     0.00000     2.97204
    -8.41675     0.00113     0.99030     0.99060     0.99027     0.00000     0.00000     0.00000     0.00000     0.00000     2.97230
    -8.29175     0.00158     0.99030     0.99080     0.99028     0.00000     0.00000     0.00000     0.00000     0.00000     2.97296
    -8.16675     0.00230     0.99031     0.99112     0.99028     0.00000     0.00000     0.00000     0.00000     0.00000     2.97401
    -8.04175     0.00309     0.99031     0.99147     0.99029     0.00000     0.00000     0.00000     0.00000     0.00000     2.97517
    -7.91675     0.00355     0.99032     0.99168     0.99030     0.00000     0.00000     0.00000     0.00000     0.00000     2.97586
    -7.79175     0.00374     0.99034     0.99177     0.99031     0.00000     0.00000     0.00000     0.00000     0.00000     2.97616
    -7.66675     0.00396     0.99036     0.99187     0.99034     0.00000     0.00000     0.00000     0.00000     0.00000     2.97652
    -7.54275     0.00423     0.99039     0.99199     0.99036     0.00000     0.00000     0.00000     0.00000     0.00000     2.97696
    -7.41775     0.00450     0.99041     0.99211     0.99039     0.00000     0.00000     0.00000     0.00000     0.00000     2.97741
    -7.29275     0.00477     0.99044     0.99223     0.99041     0.00000     0.00000     0.00000     0.00000     0.00000     2.97785
    -7.16775     0.00503     0.99047     0.99235     0.99044     0.00000     0.00000     0.00000     0.00000     0.00000     2.97830
    -7.04275     0.00529     0.99050     0.99247     0.99047     0.00000     0.00000     0.00000     0.00000     0.00000     2.97873
    -6.91775     0.00553     0.99053     0.99258     0.99051     0.00000     0.00000     0.00000     0.00000     0.00000     2.97914
    -6.79275     0.00574     0.99057     0.99267     0.99054     0.00000     0.00000     0.00000     0.00000     0.00000     2.97953
    -6.66875     0.00596     0.99061     0.99277     0.99058     0.00000     0.00000     0.00000     0.00000     0.00000     2.97991
    -6.54375     0.00617     0.99065     0.99286     0.99062     0.00000     0.00000     0.00000     0.00000     0.00000     2.98030
    -6.41875     0.00638     0.99069     0.99296     0.99066     0.00000     0.00000     0.00000     0.00000     0.00000     2.98069
    -6.29375     0.00659     0.99073     0.99305     0.99071     0.00000     0.00000     0.00000     0.00000     0.00000     2.98107
    -6.16875     0.00678     0.99077     0.99314     0.99075     0.00000     0.00000     0.00000     0.00000     0.00000     2.98144
    -6.04375     0.00698     0.99082     0.99322     0.99080     0.00000     0.00000     0.00000     0.00000     0.00000     2.98182
    -5.91875     0.00716     0.99087     0.99331     0.99084     0.00000     0.00000     0.00000     0.00000     0.00000     2.98218
    -5.79475     0.00734     0.99092     0.99339     0.99089     0.00000     0.00000     0.00000     0.00000     0.00000     2.98254
    -5.66975     0.00752     0.99097     0.99346     0.99095     0.00000     0.00000     0.00000     0.00000     0.00000     2.98290
    -5.54475     0.00768     0.99103     0.99353     0.99100     0.00000     0.00000     0.00000     0.00000     0.00000     2.98324
    -5.41975     0.00783     0.99109     0.99360     0.99106     0.00000     0.00000     0.00000     0.00000     0.00000     2.98359
    -5.29475     0.00800     0.99114     0.99368     0.99112     0.00000     0.00000     0.00000     0.00000     0.00000     2.98394
    -5.16975     0.00816     0.99120     0.99375     0.99118     0.00000     0.00000     0.00000     0.00000     0.00000     2.98429
    -5.04475     0.00832     0.99126     0.99382     0.99124     0.00000     0.00000     0.00000     0.00000     0.00000     2.98464
    -4.92075     0.00847     0.99132     0.99389     0.99130     0.00000     0.00000     0.00000     0.00000     0.00000     2.98498
    -4.79575     0.00861     0.99139     0.99395     0.99137     0.00000     0.00000     0.00000     0.00000     0.00000     2.98531
    -4.67075     0.00874     0.99146     0.99401     0.99144     0.00000     0.00000     0.00000     0.00000     0.00000     2.98564
    -4.54575     0.00887     0.99153     0.99406     0.99150     0.00000     0.00000     0.00000     0.00000     0.00000     2.98596
    -4.42075     0.00901     0.99159     0.99413     0.99157     0.00000     0.00000     0.00000     0.00000     0.00000     2.98630
    -4.29575     0.00914     0.99166     0.99418     0.99164     0.00000     0.00000     0.00000     0.00000     0.00000     2.98663
    -4.17075     0.00927     0.99173     0.99424     0.99171     0.00000     0.00000     0.00000     0.00000     0.00000     2.98695
    -4.04575     0.00939     0.99181     0.99429     0.99179     0.00000     0.00000     0.00000     0.00000     0.00000     2.98728
    -3.92175     0.00950     0.99189     0.99434     0.99187     0.00000     0.00000     0.00000     0.00000     0.00000     2.98760
    -3.79675     0.00960     0.99198     0.99439     0.99196     0.00000     0.00000     0.00000     0.00000     0.00000     2.98793
    -3.67175     0.00968     0.99209     0.99442     0.99206     0.00000     0.00000     0.00000     0.00000     0.00000     2.98826
    -3.54675     0.00975     0.99220     0.99445     0.99218     0.00000     0.00000     0.00000     0.00000     0.00000     2.98859
    -3.42175     0.00982     0.99232     0.99448     0.99230     0.00000     0.00000     0.00000     0.00000     0.00000     2.98892
    -3.29675     0.00989     0.99242     0.99452     0.99240     0.00000     0.00000     0.00000     0.00000     0.00000     2.98923
    -3.17175     0.00997     0.99252     0.99455     0.99249     0.00000     0.00000     0.00000     0.00000     0.00000     2.98953
    -3.04775     0.01003     0.99261     0.99458     0.99259     0.00000     0.00000     0.00000     0.00000     0.00000     2.98980
    -2.92275     0.01009     0.99269     0.99460     0.99267     0.00000     0.00000     0.00000     0.00000     0.00000     2.99005
    -2.79775     0.01013     0.99276     0.99462     0.99274     0.00000     0.00000     0.00000     0.00000     0.00000     2.99026
    -2.67275     0.01017     0.99283     0.99464     0.99280     0.00000     0.00000     0.00000     0.00000     0.00000     2.99044
    -2.54775     0.01020     0.99288     0.99465     0.99286     0.00000     0.00000     0.00000     0.00000     0.00000     2.99059
    -2.42275     0.01023     0.99293     0.99466     0.99290     0.00000     0.00000     0.00000     0.00000     0.00000     2.99072
    -2.29775     0.01025     0.99297     0.99467     0.99295     0.00000     0.00000     0.00000     0.00000     0.00000     2.99084
    -2.17375     0.01027     0.99301     0.99468     0.99299     0.00000     0.00000     0.00000     0.00000     0.00000     2.99094
    -2.04875     0.01028     0.99305     0.99468     0.99303     0.00000     0.00000     0.00000     0.00000     0.00000     2.99104
    -1.92375     0.01029     0.99308     0.99469     0.99306     0.00000     0.00000     0.00000     0.00000     0.00000     2.99112
    -1.79875     0.01029     0.99311     0.99469     0.99309     0.00000     0.00000     0.00000     0.00000     0.00000     2.99118
    -1.67375     0.01030     0.99313     0.99469     0.99311     0.00000     0.00000     0.00000     0.00000     0.00000     2.99124
    -1.54875     0.01030     0.99316     0.99469     0.99313     0.00000     0.00000     0.00000     0.00000     0.00000     2.99128
    -1.42375     0.01030     0.99317     0.99469     0.99315     0.00000     0.00000     0.00000     0.00000     0.00000     2.99132
    -1.29975     0.01031     0.99319     0.99469     0.99316     0.00000     0.00000     0.00000     0.00000     0.00000     2.99135
    -1.17475     0.01031     0.99320     0.99470     0.99318     0.00000     0.00000     0.00000     0.00000     0.00000     2.99138
    -1.04975     0.01031     0.99321     0.99470     0.99318     0.00000     0.00000     0.00000     0.00000     0.00000     2.99139
    -0.92475     0.01031     0.99321     0.99470     0.99319     0.00000     0.00000     0.00000     0.00000     0.00000     2.99140
    -0.79975     0.01031     0.99322     0.99470     0.99319     0.00000     0.00000     0.00000     0.00000     0.00000     2.99141
    -0.67475     0.01031     0.99322     0.99470     0.99319     0.00000     0.00000     0.00000     0.00000     0.00000     2.99141
    -0.54975     0.01031     0.99322     0.99470     0.99320     0.00000     0.00000     0.00000     0.00000     0.00000     2.99142
    -0.42575     0.01031     0.99323     0.99470     0.99321     0.00000     0.00000     0.00000     0.00000     0.00000     2.99144
    -0.30075     0.01031     0.99324     0.99470     0.99322     0.00000     0.00000     0.00000     0.00000     0.00000     2.99146
    -0.17575     0.01031     0.99325     0.99470     0.99323     0.00000     0.00000     0.00000     0.00000     0.00000     2.99149
    -0.05075     0.01032     0.99327     0.99470     0.99325     0.00000     0.00000     0.00000     0.00000     0.00000     2.99153
     0.07425     0.01033     0.99329     0.99470     0.99327     0.00000     0.00000     0.00000     0.00000     0.00000     2.99158
     0.19925     0.01035     0.99331     0.99471     0.99329     0.00000     0.00000     0.00000     0.00000     0.00000     2.99165
     0.32425     0.01038     0.99334     0.99471     0.99332     0.00000     0.00000     0.00000     0.00000     0.00000     2.99175
     0.44925     0.01048     0.99338     0.99472     0.99335     0.00000     0.00000     0.00000     0.00000     0.00000     2.99193
     0.57325     0.01314     0.99342     0.99485     0.99339     0.00000     0.00000     0.00000     0.00000     0.00000     2.99480
     0.69825     0.04084     0.99347     0.99626     0.99344     0.00000     0.00000     0.00000     0.00000     0.00000     3.02402
     0.82325     0.09353     0.99352     0.99921     0.99350     0.00000     0.00000     0.00000     0.00000     0.00000     3.07976
     0.94825     0.12439     0.99356     1.00130     0.99354     0.00000     0.00000     0.00000     0.00000     0.00000     3.11280
     1.07325     0.12773     0.99360     1.00190     0.99358     0.00000     0.00000     0.00000     0.00000     0.00000     3.11681
     1.19825     0.12783     0.99363     1.00218     0.99361     0.00000     0.00000     0.00000     0.00000     0.00000     3.11725
     1.32325     0.12791     0.99366     1.00238     0.99363     0.00000     0.00000     0.00000     0.00000     0.00000     3.11759
     1.44725     0.12798     0.99369     1.00251     0.99367     0.00000     0.00000     0.00000     0.00000     0.00000     3.11785
     1.57225     0.12804     0.99373     1.00259     0.99371     0.00000     0.00000     0.00000     0.00000     0.00000     3.11807
     1.69725     0.12811     0.99377     1.00265     0.99375     0.00000     0.00000     0.00000     0.00000     0.00000     3.11829
     1.82225     0.12819     0.99381     1.00272     0.99379     0.00000     0.00000     0.00000     0.00000     0.00000     3.11851
     1.94725     0.12828     0.99385     1.00279     0.99382     0.00000     0.00000     0.00000     0.00000     0.00000     3.11873
     2.07225     0.12838     0.99394     1.00285     0.99392     0.00000     0.00000     0.00000     0.00000     0.00000     3.11909
     2.19725     0.12874     0.99472     1.00292     0.99470     0.00000     0.00000     0.00000     0.00000     0.00000     3.12108
     2.32125     0.12990     0.99665     1.00307     0.99664     0.00000     0.00000     0.00000     0.00000     0.00000     3.12625
     2.44625     0.13183     0.99871     1.00330     0.99870     0.00000     0.00000     0.00000     0.00000     0.00000     3.13254
     2.57125     0.13387     1.00041     1.00353     1.00040     0.00000     0.00000     0.00000     0.00000     0.00000     3.13821
     2.69625     0.13533     1.00263     1.00379     1.00263     0.00000     0.00000     0.00000     0.00000     0.00000     3.14437
     2.82125     0.13620     1.00586     1.00408     1.00586     0.00000     0.00000     0.00000     0.00000     0.00000     3.15200
     2.94625     0.13709     1.00916     1.00444     1.00916     0.00000     0.00000     0.00000     0.00000     0.00000     3.15985
     3.07125     0.13851     1.01119     1.00519     1.01118     0.00000     0.00000     0.00000     0.00000     0.00000     3.16607
     3.19525     0.14068     1.01217     1.00634     1.01216     0.00000     0.00000     0.00000     0.00000     0.00000     3.17135
     3.32025     0.14394     1.01305     1.00747     1.01304     0.00000     0.00000     0.00000     0.00000     0.00000     3.17751
     3.44525     0.14763     1.01408     1.00830     1.01407     0.00000     0.00000     0.00000     0.00000     0.00000     3.18408
     3.57025     0.15035     1.01528     1.00886     1.01527     0.00000     0.00000     0.00000     0.00000     0.00000     3.18975
     3.69525     0.15273     1.01688     1.00940     1.01687     0.00000     0.00000     0.00000     0.00000     0.00000     3.19588
     3.82025     0.15569     1.01862     1.01010     1.01861     0.00000     0.00000     0.00000     0.00000     0.00000     3.20302
     3.94525     0.15855     1.02024     1.01100     1.02023     0.00000     0.00000     0.00000     0.00000     0.00000     3.21002
     4.06925     0.16070     1.02205     1.01197     1.02204     0.00000     0.00000     0.00000     0.00000     0.00000     3.21677
     4.19425     0.16266     1.02413     1.01301     1.02412     0.00000     0.00000     0.00000     0.00000     0.00000     3.22391
     4.31925     0.16501     1.02607     1.01425     1.02606     0.00000     0.00000     0.00000     0.00000     0.00000     3.23139
     4.44425     0.16753     1.02767     1.01560     1.02765     0.00000     0.00000     0.00000     0.00000     0.00000     3.23845
     4.56925     0.17027     1.02915     1.01713     1.02913     0.00000     0.00000     0.00000     0.00000     0.00000     3.24569
     4.69425     0.17282     1.03076     1.01900     1.03074     0.00000     0.00000     0.00000     0.00000     0.00000     3.25333
     4.81925     0.17485     1.03238     1.02069     1.03236     0.00000     0.00000     0.00000     0.00000     0.00000     3.26028
     4.94325     0.17714     1.03365     1.02181     1.03363     0.00000     0.00000     0.00000     0.00000     0.00000     3.26622
     5.06825     0.18015     1.03462     1.02271     1.03459     0.00000     0.00000     0.00000     0.00000     0.00000     3.27207
     5.19325     0.18363     1.03575     1.02376     1.03573     0.00000     0.00000     0.00000     0.00000     0.00000     3.27887
     5.31825     0.18681     1.03726     1.02500     1.03723     0.00000     0.00000     0.00000     0.00000     0.00000     3.28631
     5.44325     0.18952     1.03892     1.02629     1.03889     0.00000     0.00000     0.00000     0.00000     0.00000     3.29363
     5.56825     0.19216     1.04054     1.02759     1.04051     0.00000     0.00000     0.00000     0.00000     0.00000     3.30080
     5.69325     0.19506     1.04217     1.02905     1.04214     0.00000     0.00000     0.00000     0.00000     0.00000     3.30841
     5.81825     0.19796     1.04395     1.03056     1.04392     0.00000     0.00000     0.00000     0.00000     0.00000     3.31639
     5.94225     0.20046     1.04578     1.03190     1.04574     0.00000     0.00000     0.00000     0.00000     0.00000     3.32388
     6.06725     0.20275     1.04742     1.03331     1.04739     0.00000     0.00000     0.00000     0.00000     0.00000     3.33087
     6.19225     0.20534     1.04904     1.03501     1.04900     0.00000     0.00000     0.00000     0.00000     0.00000     3.33839
     6.31725     0.20838     1.05070     1.03667     1.05067     0.00000     0.00000     0.00000     0.00000     0.00000     3.34642
     6.44225     0.21184     1.05226     1.03805     1.05222     0.00000     0.00000     0.00000     0.00000     0.00000     3.35437
     6.56725     0.21515     1.05383     1.03957     1.05379     0.00000     0.00000     0.00000     0.00000     0.00000     3.36233
     6.69225     0.21828     1.05551     1.04179     1.05546     0.00000     0.00000     0.00000     0.00000     0.00000     3.37104
     6.81625     0.22138     1.05726     1.04431     1.05722     0.00000     0.00000     0.00000     0.00000     0.00000     3.38017
     6.94125     0.22418     1.05889     1.04665     1.05883     0.00000     0.00000     0.00000     0.00000     0.00000     3.38855
     7.06625     0.22636     1.06015     1.04847     1.06006     0.00000     0.00000     0.00000     0.00000     0.00000     3.39504
     7.19125     0.22741     1.06088     1.04925     1.06080     0.00000     0.00000     0.00000     0.00000     0.00000     3.39835
     7.31625     0.22760     1.06113     1.04940     1.06107     0.00000     0.00000     0.00000     0.00000     0.00000     3.39920
     7.44125     0.22762     1.06117     1.04941     1.06111     0.00000     0.00000     0.00000     0.00000     0.00000     3.39930
     7.56625     0.22762     1.06117     1.04941     1.06111     0.00000     0.00000     0.00000     0.00000     0.00000     3.39930
     7.69025     0.22762     1.06117     1.04941     1.06111     0.00000     0.00000     0.00000     0.00000     0.00000     3.39930
     7.81525     0.22762     1.06117     1.04941     1.06111     0.00000     0.00000     0.00000     0.00000     0.00000     3.39930
     7.94025     0.22762     1.06117     1.04941     1.06111     0.00000     0.00000     0.00000     0.00000     0.00000     3.39930
     8.06525     0.22762     1.06117     1.04941     1.06111     0.00000     0.00000     0.00000     0.00000     0.00000     3.39930
     8.19025     0.22762     1.06117     1.04941     1.06111     0.00000     0.00000     0.00000     0.00000     0.00000     3.39930
     8.31525     0.22762     1.06117     1.04941     1.06111     0.00000     0.00000     0.00000     0.00000     0.00000     3.39930
     8.44025     0.22762     1.06117     1.04941     1.06111     0.00000     0.00000     0.00000     0.00000     0.00000     3.39930
     8.56425     0.22762     1.06117     1.04941     1.06111     0.00000     0.00000     0.00000     0.00000     0.00000     3.39930
     8.68925     0.22762     1.06117     1.04941     1.06111     0.00000     0.00000     0.00000     0.00000     0.00000     3.39930
     8.81425     0.22762     1.06117     1.04941     1.06111     0.00000     0.00000     0.00000     0.00000     0.00000     3.39930
     8.93925     0.22762     1.06117     1.04941     1.06111     0.00000     0.00000     0.00000     0.00000     0.00000     3.39930
