     #Energy           s          py          pz          px         dxy         dyz         dz2         dxz         dx2       tot  
   -28.51875     0.00000     0.00000     0.00000     0.00000     0.00000     0.00000     0.00000     0.00000     0.00000     0.00000
   -28.39375     0.00000     0.00000     0.00000     0.00000     0.00000     0.00000     0.00000     0.00000     0.00000     0.00000
   -28.26875     0.00000     0.00000     0.00000     0.00000     0.00000     0.00000     0.00000     0.00000     0.00000     0.00000
   -28.14475     0.00000     0.00000     0.00000     0.00000     0.00000     0.00000     0.00000     0.00000     0.00000     0.00000
   -28.01975     0.00000     0.00000     0.00000     0.00000     0.00000     0.00000     0.00000     0.00000     0.00000     0.00000
   -27.89475     0.00000     0.00000     0.00000     0.00000     0.00000     0.00000     0.00000     0.00000     0.00000     0.00000
   -27.76975     0.00000     0.00000     0.00000     0.00000     0.00000     0.00000     0.00000     0.00000     0.00000     0.00000
   -27.64475     0.00000     0.00000     0.00000     0.00000     0.00000     0.00000     0.00000     0.00000     0.00000     0.00000
   -27.51975     0.00000     0.00000     0.00000     0.00000     0.00000     0.00000     0.00000     0.00000     0.00000     0.00000
   -27.39475    -0.00000    -0.00000    -0.00000    -0.00000     0.00000     0.00000     0.00000     0.00000     0.00000    -0.00000
   -27.27075    -0.00000    -0.00000    -0.00000    -0.00000     0.00000     0.00000     0.00000     0.00000     0.00000    -0.00000
   -27.14575    -0.00000    -0.00000    -0.00000    -0.00000     0.00000     0.00000     0.00000     0.00000     0.00000    -0.00000
   -27.02075    -0.00000    -0.00000    -0.00000    -0.00000     0.00000     0.00000     0.00000     0.00000     0.00000    -0.00000
   -26.89575    -0.00003    -0.00000    -0.00000    -0.00000     0.00000     0.00000     0.00000     0.00000     0.00000    -0.00004
   -26.77075    -0.00018    -0.00002    -0.00003    -0.00002     0.00000     0.00000     0.00000     0.00000     0.00000    -0.00025
   -26.64575    -0.00036    -0.00004    -0.00007    -0.00004     0.00000     0.00000     0.00000     0.00000     0.00000    -0.00049
   -26.52075    -0.00041    -0.00004    -0.00008    -0.00004     0.00000     0.00000     0.00000     0.00000     0.00000    -0.00057
   -26.39675    -0.00042    -0.00004    -0.00008    -0.00004     0.00000     0.00000     0.00000     0.00000     0.00000    -0.00057
   -26.27175    -0.00042    -0.00004    -0.00008    -0.00004     0.00000     0.00000     0.00000     0.00000     0.00000    -0.00057
   -26.14675    -0.00042    -0.00004    -0.00008    -0.00004     0.00000     0.00000     0.00000     0.00000     0.00000    -0.00057
   -26.02175    -0.00042    -0.00004    -0.00008    -0.00004     0.00000     0.00000     0.00000     0.00000     0.00000    -0.00057
   -25.89675    -0.00042    -0.00004    -0.00008    -0.00004     0.00000     0.00000     0.00000     0.00000     0.00000    -0.00057
   -25.77175    -0.00042    -0.00004    -0.00008    -0.00004     0.00000     0.00000     0.00000     0.00000     0.00000    -0.00057
   -25.64675    -0.00042    -0.00004    -0.00008    -0.00004     0.00000     0.00000     0.00000     0.00000     0.00000    -0.00057
   -25.52275    -0.00042    -0.00004    -0.00008    -0.00004     0.00000     0.00000     0.00000     0.00000     0.00000    -0.00057
   -25.39775    -0.00042    -0.00004    -0.00008    -0.00004     0.00000     0.00000     0.00000     0.00000     0.00000    -0.00057
   -25.27275    -0.00042    -0.00004    -0.00008    -0.00004     0.00000     0.00000     0.00000     0.00000     0.00000    -0.00057
   -25.14775    -0.00042    -0.00004    -0.00008    -0.00004     0.00000     0.00000     0.00000     0.00000     0.00000    -0.00057
   -25.02275    -0.00042    -0.00004    -0.00008    -0.00004     0.00000     0.00000     0.00000     0.00000     0.00000    -0.00057
   -24.89775    -0.00042    -0.00004    -0.00008    -0.00004     0.00000     0.00000     0.00000     0.00000     0.00000    -0.00057
   -24.77275    -0.00042    -0.00004    -0.00008    -0.00004     0.00000     0.00000     0.00000     0.00000     0.00000    -0.00057
   -24.64875    -0.00042    -0.00004    -0.00008    -0.00004     0.00000     0.00000     0.00000     0.00000     0.00000    -0.00057
   -24.52375    -0.00042    -0.00004    -0.00008    -0.00004     0.00000     0.00000     0.00000     0.00000     0.00000    -0.00057
   -24.39875    -0.00042    -0.00004    -0.00008    -0.00004     0.00000     0.00000     0.00000     0.00000     0.00000    -0.00057
   -24.27375    -0.00042    -0.00004    -0.00008    -0.00004     0.00000     0.00000     0.00000     0.00000     0.00000    -0.00057
   -24.14875    -0.00042    -0.00004    -0.00008    -0.00004     0.00000     0.00000     0.00000     0.00000     0.00000    -0.00057
   -24.02375    -0.00042    -0.00004    -0.00008    -0.00004     0.00000     0.00000     0.00000     0.00000     0.00000    -0.00057
   -23.89875    -0.00042    -0.00004    -0.00008    -0.00004     0.00000     0.00000     0.00000     0.00000     0.00000    -0.00057
   -23.77375    -0.00042    -0.00004    -0.00008    -0.00004     0.00000     0.00000     0.00000     0.00000     0.00000    -0.00057
   -23.64975    -0.00042    -0.00004    -0.00008    -0.00004     0.00000     0.00000     0.00000     0.00000     0.00000    -0.00057
   -23.52475    -0.00042    -0.00004    -0.00008    -0.00004     0.00000     0.00000     0.00000     0.00000     0.00000    -0.00057
   -23.39975    -0.00042    -0.00004    -0.00008    -0.00004     0.00000     0.00000     0.00000     0.00000     0.00000    -0.00057
   -23.27475    -0.00042    -0.00004    -0.00008    -0.00004     0.00000     0.00000     0.00000     0.00000     0.00000    -0.00057
   -23.14975    -0.00042    -0.00004    -0.00008    -0.00004     0.00000     0.00000     0.00000     0.00000     0.00000    -0.00057
   -23.02475    -0.00042    -0.00004    -0.00008    -0.00004     0.00000     0.00000     0.00000     0.00000     0.00000    -0.00057
   -22.89975    -0.00042    -0.00004    -0.00008    -0.00004     0.00000     0.00000     0.00000     0.00000     0.00000    -0.00057
   -22.77575    -0.00042    -0.00004    -0.00008    -0.00004     0.00000     0.00000     0.00000     0.00000     0.00000    -0.00057
   -22.65075    -0.00042    -0.00004    -0.00008    -0.00004     0.00000     0.00000     0.00000     0.00000     0.00000    -0.00057
   -22.52575    -0.00042    -0.00004    -0.00008    -0.00004     0.00000     0.00000     0.00000     0.00000     0.00000    -0.00057
   -22.40075    -0.00042    -0.00004    -0.00008    -0.00004     0.00000     0.00000     0.00000     0.00000     0.00000    -0.00057
   -22.27575    -0.00042    -0.00004    -0.00008    -0.00004     0.00000     0.00000     0.00000     0.00000     0.00000    -0.00057
   -22.15075    -0.00042    -0.00004    -0.00008    -0.00004     0.00000     0.00000     0.00000     0.00000     0.00000    -0.00057
   -22.02575    -0.00042    -0.00004    -0.00008    -0.00004     0.00000     0.00000     0.00000     0.00000     0.00000    -0.00057
   -21.90175    -0.00042    -0.00004    -0.00008    -0.00004     0.00000     0.00000     0.00000     0.00000     0.00000    -0.00057
   -21.77675    -0.00042    -0.00004    -0.00008    -0.00004     0.00000     0.00000     0.00000     0.00000     0.00000    -0.00057
   -21.65175    -0.00042    -0.00004    -0.00008    -0.00004     0.00000     0.00000     0.00000     0.00000     0.00000    -0.00057
   -21.52675    -0.00042    -0.00004    -0.00008    -0.00004     0.00000     0.00000     0.00000     0.00000     0.00000    -0.00057
   -21.40175    -0.00042    -0.00004    -0.00008    -0.00004     0.00000     0.00000     0.00000     0.00000     0.00000    -0.00057
   -21.27675    -0.00042    -0.00004    -0.00008    -0.00004     0.00000     0.00000     0.00000     0.00000     0.00000    -0.00057
   -21.15175    -0.00042    -0.00004    -0.00008    -0.00004     0.00000     0.00000     0.00000     0.00000     0.00000    -0.00057
   -21.02775    -0.00042    -0.00004    -0.00008    -0.00004     0.00000     0.00000     0.00000     0.00000     0.00000    -0.00057
   -20.90275    -0.00042    -0.00004    -0.00008    -0.00004     0.00000     0.00000     0.00000     0.00000     0.00000    -0.00057
   -20.77775    -0.00042    -0.00004    -0.00008    -0.00004     0.00000     0.00000     0.00000     0.00000     0.00000    -0.00057
   -20.65275    -0.00042    -0.00004    -0.00008    -0.00004     0.00000     0.00000     0.00000     0.00000     0.00000    -0.00057
   -20.52775    -0.00042    -0.00004    -0.00008    -0.00004     0.00000     0.00000     0.00000     0.00000     0.00000    -0.00058
   -20.40275    -0.00167    -0.00004    -0.00008    -0.00004     0.00000     0.00000     0.00000     0.00000     0.00000    -0.00183
   -20.27775    -0.02858    -0.00009    -0.00008    -0.00009     0.00000     0.00000     0.00000     0.00000     0.00000    -0.02885
   -20.15375    -0.13660    -0.00045    -0.00009    -0.00045     0.00000     0.00000     0.00000     0.00000     0.00000    -0.13760
   -20.02875    -0.32219    -0.00154    -0.00010    -0.00154     0.00000     0.00000     0.00000     0.00000     0.00000    -0.32536
   -19.90375    -0.51789    -0.00337    -0.00012    -0.00337     0.00000     0.00000     0.00000     0.00000     0.00000    -0.52476
   -19.77875    -0.69315    -0.00569    -0.00013    -0.00569     0.00000     0.00000     0.00000     0.00000     0.00000    -0.70466
   -19.65375    -0.87398    -0.00879    -0.00014    -0.00879     0.00000     0.00000     0.00000     0.00000     0.00000    -0.89171
   -19.52875    -1.06832    -0.01288    -0.00014    -0.01288     0.00000     0.00000     0.00000     0.00000     0.00000    -1.09422
   -19.40375    -1.25998    -0.01775    -0.00015    -0.01775     0.00000     0.00000     0.00000     0.00000     0.00000    -1.29564
   -19.27975    -1.45033    -0.02343    -0.00016    -0.02343     0.00000     0.00000     0.00000     0.00000     0.00000    -1.49735
   -19.15475    -1.63974    -0.02992    -0.00017    -0.02992     0.00000     0.00000     0.00000     0.00000     0.00000    -1.69974
   -19.02975    -1.82816    -0.03721    -0.00018    -0.03721     0.00000     0.00000     0.00000     0.00000     0.00000    -1.90276
   -18.90475    -2.01572    -0.04531    -0.00019    -0.04531     0.00000     0.00000     0.00000     0.00000     0.00000    -2.10652
   -18.77975    -2.20256    -0.05422    -0.00020    -0.05422     0.00000     0.00000     0.00000     0.00000     0.00000    -2.31120
   -18.65475    -2.38862    -0.06395    -0.00021    -0.06395     0.00000     0.00000     0.00000     0.00000     0.00000    -2.51673
   -18.52975    -2.57383    -0.07448    -0.00022    -0.07448     0.00000     0.00000     0.00000     0.00000     0.00000    -2.72301
   -18.40475    -2.75826    -0.08583    -0.00023    -0.08583     0.00000     0.00000     0.00000     0.00000     0.00000    -2.93014
   -18.28075    -2.94191    -0.09798    -0.00024    -0.09798     0.00000     0.00000     0.00000     0.00000     0.00000    -3.13812
   -18.15575    -3.12481    -0.11095    -0.00025    -0.11095     0.00000     0.00000     0.00000     0.00000     0.00000    -3.34695
   -18.03075    -3.30696    -0.12472    -0.00025    -0.12472     0.00000     0.00000     0.00000     0.00000     0.00000    -3.55665
   -17.90575    -3.48839    -0.13930    -0.00026    -0.13930     0.00000     0.00000     0.00000     0.00000     0.00000    -3.76725
   -17.78075    -3.66914    -0.15469    -0.00027    -0.15469     0.00000     0.00000     0.00000     0.00000     0.00000    -3.97879
   -17.65575    -3.84927    -0.17089    -0.00028    -0.17089     0.00000     0.00000     0.00000     0.00000     0.00000    -4.19133
   -17.53075    -4.02886    -0.18790    -0.00029    -0.18790     0.00000     0.00000     0.00000     0.00000     0.00000    -4.40494
   -17.40675    -4.20795    -0.20572    -0.00030    -0.20572     0.00000     0.00000     0.00000     0.00000     0.00000    -4.61969
   -17.28175    -4.38651    -0.22436    -0.00031    -0.22436     0.00000     0.00000     0.00000     0.00000     0.00000    -4.83553
   -17.15675    -4.56455    -0.24379    -0.00032    -0.24379     0.00000     0.00000     0.00000     0.00000     0.00000    -5.05245
   -17.03175    -4.74206    -0.26401    -0.00033    -0.26401     0.00000     0.00000     0.00000     0.00000     0.00000    -5.27041
   -16.90675    -4.91893    -0.28500    -0.00034    -0.28500     0.00000     0.00000     0.00000     0.00000     0.00000    -5.48926
   -16.78175    -5.09563    -0.30682    -0.00034    -0.30682     0.00000     0.00000     0.00000     0.00000     0.00000    -5.70961
   -16.65675    -5.27234    -0.32947    -0.00035    -0.32947     0.00000     0.00000     0.00000     0.00000     0.00000    -5.93164
   -16.53275    -5.44877    -0.35289    -0.00036    -0.35289     0.00000     0.00000     0.00000     0.00000     0.00000    -6.15492
   -16.40775    -5.62539    -0.37713    -0.00037    -0.37713     0.00000     0.00000     0.00000     0.00000     0.00000    -6.38003
   -16.28275    -5.80253    -0.40222    -0.00038    -0.40222     0.00000     0.00000     0.00000     0.00000     0.00000    -6.60734
   -16.15775    -5.97981    -0.42806    -0.00039    -0.42806     0.00000     0.00000     0.00000     0.00000     0.00000    -6.83633
   -16.03275    -6.15758    -0.45468    -0.00040    -0.45467     0.00000     0.00000     0.00000     0.00000     0.00000    -7.06733
   -15.90775    -6.33694    -0.48218    -0.00041    -0.48218     0.00000     0.00000     0.00000     0.00000     0.00000    -7.30172
   -15.78275    -6.51793    -0.51054    -0.00042    -0.51053     0.00000     0.00000     0.00000     0.00000     0.00000    -7.53942
   -15.65875    -6.70006    -0.53955    -0.00043    -0.53955     0.00000     0.00000     0.00000     0.00000     0.00000    -7.77960
   -15.53375    -6.88456    -0.56936    -0.00044    -0.56936     0.00000     0.00000     0.00000     0.00000     0.00000    -8.02371
   -15.40875    -7.07374    -0.60022    -0.00045    -0.60022     0.00000     0.00000     0.00000     0.00000     0.00000    -8.27463
   -15.28375    -7.26959    -0.63215    -0.00046    -0.63215     0.00000     0.00000     0.00000     0.00000     0.00000    -8.53435
   -15.15875    -7.47927    -0.66576    -0.00047    -0.66575     0.00000     0.00000     0.00000     0.00000     0.00000    -8.81126
   -15.03375    -7.71700    -0.70231    -0.00048    -0.70231     0.00000     0.00000     0.00000     0.00000     0.00000    -9.12210
   -14.90875    -7.96261    -0.73913    -0.00049    -0.73912     0.00000     0.00000     0.00000     0.00000     0.00000    -9.44135
   -14.78475    -8.16980    -0.77115    -0.00050    -0.77114     0.00000     0.00000     0.00000     0.00000     0.00000    -9.71259
   -14.65975    -8.33193    -0.79786    -0.00051    -0.79786     0.00000     0.00000     0.00000     0.00000     0.00000    -9.92816
   -14.53475    -8.46524    -0.82090    -0.00052    -0.82090     0.00000     0.00000     0.00000     0.00000     0.00000   -10.10756
   -14.40975    -8.57800    -0.84113    -0.00052    -0.84113     0.00000     0.00000     0.00000     0.00000     0.00000   -10.26078
   -14.28475    -8.67495    -0.85918    -0.00053    -0.85917     0.00000     0.00000     0.00000     0.00000     0.00000   -10.39382
   -14.15975    -8.75714    -0.87501    -0.00053    -0.87500     0.00000     0.00000     0.00000     0.00000     0.00000   -10.50768
   -14.03475    -8.82864    -0.89061    -0.00054    -0.89060     0.00000     0.00000     0.00000     0.00000     0.00000   -10.61039
   -13.90975    -8.90856    -0.91755    -0.00054    -0.91754     0.00000     0.00000     0.00000     0.00000     0.00000   -10.74420
   -13.78575    -9.00998    -0.96324    -0.00055    -0.96323     0.00000     0.00000     0.00000     0.00000     0.00000   -10.93699
   -13.66075    -9.12146    -1.01857    -0.00055    -1.01855     0.00000     0.00000     0.00000     0.00000     0.00000   -11.15914
   -13.53575    -9.23269    -1.07587    -0.00056    -1.07585     0.00000     0.00000     0.00000     0.00000     0.00000   -11.38497
   -13.41075    -9.34306    -1.13448    -0.00057    -1.13446     0.00000     0.00000     0.00000     0.00000     0.00000   -11.61258
   -13.28575    -9.45731    -1.19559    -0.00057    -1.19557     0.00000     0.00000     0.00000     0.00000     0.00000   -11.84904
   -13.16075    -9.59259    -1.26389    -0.00058    -1.26387     0.00000     0.00000     0.00000     0.00000     0.00000   -12.12092
   -13.03575    -9.75709    -1.34080    -0.00059    -1.34078     0.00000     0.00000     0.00000     0.00000     0.00000   -12.43926
   -12.91175    -9.92480    -1.41705    -0.00060    -1.41703     0.00000     0.00000     0.00000     0.00000     0.00000   -12.75948
   -12.78675   -10.07585    -1.48655    -0.00061    -1.48653     0.00000     0.00000     0.00000     0.00000     0.00000   -13.04954
   -12.66175   -10.21431    -1.55137    -0.00062    -1.55135     0.00000     0.00000     0.00000     0.00000     0.00000   -13.31764
   -12.53675   -10.34469    -1.61365    -0.00062    -1.61364     0.00000     0.00000     0.00000     0.00000     0.00000   -13.57260
   -12.41175   -10.46992    -1.67476    -0.00063    -1.67474     0.00000     0.00000     0.00000     0.00000     0.00000   -13.82006
   -12.28675   -10.59028    -1.73467    -0.00064    -1.73466     0.00000     0.00000     0.00000     0.00000     0.00000   -14.06025
   -12.16175   -10.70572    -1.79341    -0.00065    -1.79341     0.00000     0.00000     0.00000     0.00000     0.00000   -14.29319
   -12.03775   -10.81670    -1.85119    -0.00065    -1.85118     0.00000     0.00000     0.00000     0.00000     0.00000   -14.51973
   -11.91275   -10.92340    -1.90809    -0.00066    -1.90809     0.00000     0.00000     0.00000     0.00000     0.00000   -14.74024
   -11.78775   -11.02617    -1.96427    -0.00066    -1.96426     0.00000     0.00000     0.00000     0.00000     0.00000   -14.95536
   -11.66275   -11.12520    -2.01979    -0.00067    -2.01978     0.00000     0.00000     0.00000     0.00000     0.00000   -15.16544
   -11.53775   -11.22068    -2.07474    -0.00068    -2.07473     0.00000     0.00000     0.00000     0.00000     0.00000   -15.37082
   -11.41275   -11.31277    -2.12950    -0.00068    -2.12948     0.00000     0.00000     0.00000     0.00000     0.00000   -15.57243
   -11.28775   -11.40159    -2.18783    -0.00069    -2.18782     0.00000     0.00000     0.00000     0.00000     0.00000   -15.77793
   -11.16375   -11.48765    -2.25781    -0.00070    -2.25779     0.00000     0.00000     0.00000     0.00000     0.00000   -16.00394
   -11.03875   -11.57192    -2.33917    -0.00070    -2.33915     0.00000     0.00000     0.00000     0.00000     0.00000   -16.25094
   -10.91375   -11.65494    -2.42480    -0.00071    -2.42478     0.00000     0.00000     0.00000     0.00000     0.00000   -16.50523
   -10.78875   -11.73667    -2.51230    -0.00072    -2.51229     0.00000     0.00000     0.00000     0.00000     0.00000   -16.76197
   -10.66375   -11.81688    -2.60138    -0.00072    -2.60138     0.00000     0.00000     0.00000     0.00000     0.00000   -17.02036
   -10.53875   -11.89565    -2.69216    -0.00073    -2.69215     0.00000     0.00000     0.00000     0.00000     0.00000   -17.28069
   -10.41375   -11.97330    -2.78520    -0.00074    -2.78519     0.00000     0.00000     0.00000     0.00000     0.00000   -17.54443
   -10.28975   -12.04956    -2.88009    -0.00075    -2.88008     0.00000     0.00000     0.00000     0.00000     0.00000   -17.81047
   -10.16475   -12.12418    -2.97652    -0.00075    -2.97651     0.00000     0.00000     0.00000     0.00000     0.00000   -18.07796
   -10.03975   -12.19766    -3.07567    -0.00076    -3.07567     0.00000     0.00000     0.00000     0.00000     0.00000   -18.34977
    -9.91475   -12.26986    -3.17704    -0.00077    -3.17703     0.00000     0.00000     0.00000     0.00000     0.00000   -18.62470
    -9.78975   -12.34040    -3.28015    -0.00078    -3.28015     0.00000     0.00000     0.00000     0.00000     0.00000   -18.90149
    -9.66475   -12.40963    -3.38591    -0.00079    -3.38590     0.00000     0.00000     0.00000     0.00000     0.00000   -19.18223
    -9.53975   -12.47745    -3.49387    -0.00080    -3.49386     0.00000     0.00000     0.00000     0.00000     0.00000   -19.46598
    -9.41475   -12.54377    -3.60466    -0.00082    -3.60465     0.00000     0.00000     0.00000     0.00000     0.00000   -19.75390
    -9.29075   -12.60870    -3.71854    -0.00083    -3.71852     0.00000     0.00000     0.00000     0.00000     0.00000   -20.04659
    -9.16575   -12.67215    -3.83490    -0.00085    -3.83488     0.00000     0.00000     0.00000     0.00000     0.00000   -20.34278
    -9.04075   -12.73408    -3.95473    -0.00086    -3.95471     0.00000     0.00000     0.00000     0.00000     0.00000   -20.64438
    -8.91575   -12.79448    -4.07778    -0.00089    -4.07775     0.00000     0.00000     0.00000     0.00000     0.00000   -20.95090
    -8.79075   -12.85342    -4.20413    -0.00092    -4.20410     0.00000     0.00000     0.00000     0.00000     0.00000   -21.26257
    -8.66575   -12.91081    -4.33485    -0.00102    -4.33481     0.00000     0.00000     0.00000     0.00000     0.00000   -21.58149
    -8.54075   -12.96673    -4.46980    -0.00509    -4.46977     0.00000     0.00000     0.00000     0.00000     0.00000   -21.91139
    -8.41675   -13.02115    -4.60940    -0.03960    -4.60937     0.00000     0.00000     0.00000     0.00000     0.00000   -22.27952
    -8.29175   -13.07397    -4.75519    -0.12630    -4.75515     0.00000     0.00000     0.00000     0.00000     0.00000   -22.71061
    -8.16675   -13.12503    -4.90508    -0.24767    -4.90504     0.00000     0.00000     0.00000     0.00000     0.00000   -23.18282
    -8.04175   -13.17376    -5.05688    -0.36138    -5.05684     0.00000     0.00000     0.00000     0.00000     0.00000   -23.64885
    -7.91675   -13.22093    -5.21688    -0.43988    -5.21685     0.00000     0.00000     0.00000     0.00000     0.00000   -24.09453
    -7.79175   -13.26693    -5.38817    -0.52710    -5.38814     0.00000     0.00000     0.00000     0.00000     0.00000   -24.57034
    -7.66675   -13.31090    -5.56902    -0.64333    -5.56899     0.00000     0.00000     0.00000     0.00000     0.00000   -25.09224
    -7.54275   -13.35299    -5.76213    -0.75888    -5.76209     0.00000     0.00000     0.00000     0.00000     0.00000   -25.63609
    -7.41775   -13.39308    -5.97163    -0.87221    -5.97159     0.00000     0.00000     0.00000     0.00000     0.00000   -26.20851
    -7.29275   -13.43079    -6.20655    -0.98609    -6.20650     0.00000     0.00000     0.00000     0.00000     0.00000   -26.82994
    -7.16775   -13.46610    -6.48711    -1.10061    -6.48706     0.00000     0.00000     0.00000     0.00000     0.00000   -27.54087
    -7.04275   -13.49836    -6.79725    -1.21561    -6.79721     0.00000     0.00000     0.00000     0.00000     0.00000   -28.30844
    -6.91775   -13.52768    -7.07839    -1.33107    -7.07836     0.00000     0.00000     0.00000     0.00000     0.00000   -29.01550
    -6.79275   -13.55463    -7.31292    -1.44776    -7.31288     0.00000     0.00000     0.00000     0.00000     0.00000   -29.62818
    -6.66875   -13.57930    -7.52176    -1.56568    -7.52172     0.00000     0.00000     0.00000     0.00000     0.00000   -30.18845
    -6.54375   -13.60217    -7.71599    -1.68414    -7.71595     0.00000     0.00000     0.00000     0.00000     0.00000   -30.71826
    -6.41875   -13.62332    -7.89764    -1.80337    -7.89759     0.00000     0.00000     0.00000     0.00000     0.00000   -31.22192
    -6.29375   -13.64278    -8.06865    -1.92359    -8.06861     0.00000     0.00000     0.00000     0.00000     0.00000   -31.70362
    -6.16875   -13.66088    -8.23141    -2.04482    -8.23136     0.00000     0.00000     0.00000     0.00000     0.00000   -32.16847
    -6.04375   -13.67749    -8.38644    -2.16715    -8.38640     0.00000     0.00000     0.00000     0.00000     0.00000   -32.61748
    -5.91875   -13.69276    -8.53484    -2.29062    -8.53479     0.00000     0.00000     0.00000     0.00000     0.00000   -33.05301
    -5.79475   -13.70687    -8.67774    -2.41524    -8.67770     0.00000     0.00000     0.00000     0.00000     0.00000   -33.47756
    -5.66975   -13.71972    -8.81521    -2.54107    -8.81517     0.00000     0.00000     0.00000     0.00000     0.00000   -33.89117
    -5.54475   -13.73147    -8.94792    -2.66825    -8.94788     0.00000     0.00000     0.00000     0.00000     0.00000   -34.29552
    -5.41975   -13.74219    -9.07628    -2.79632    -9.07624     0.00000     0.00000     0.00000     0.00000     0.00000   -34.69103
    -5.29475   -13.75175    -9.19975    -2.92599    -9.19971     0.00000     0.00000     0.00000     0.00000     0.00000   -35.07720
    -5.16975   -13.76026    -9.31878    -3.05775    -9.31873     0.00000     0.00000     0.00000     0.00000     0.00000   -35.45552
    -5.04475   -13.76801    -9.43485    -3.19105    -9.43481     0.00000     0.00000     0.00000     0.00000     0.00000   -35.82872
    -4.92075   -13.77506    -9.54843    -3.32668    -9.54838     0.00000     0.00000     0.00000     0.00000     0.00000   -36.19855
    -4.79575   -13.78127    -9.65899    -3.46505    -9.65895     0.00000     0.00000     0.00000     0.00000     0.00000   -36.56427
    -4.67075   -13.78665    -9.76654    -3.60295    -9.76650     0.00000     0.00000     0.00000     0.00000     0.00000   -36.92264
    -4.54575   -13.79125    -9.87055    -3.74157    -9.87050     0.00000     0.00000     0.00000     0.00000     0.00000   -37.27387
    -4.42075   -13.79510    -9.97091    -3.88525    -9.97086     0.00000     0.00000     0.00000     0.00000     0.00000   -37.62213
    -4.29575   -13.79825   -10.06954    -4.03277   -10.06949     0.00000     0.00000     0.00000     0.00000     0.00000   -37.97005
    -4.17075   -13.80072   -10.16649    -4.18327   -10.16644     0.00000     0.00000     0.00000     0.00000     0.00000   -38.31692
    -4.04575   -13.80255   -10.26066    -4.33839   -10.26061     0.00000     0.00000     0.00000     0.00000     0.00000   -38.66221
    -3.92175   -13.80377   -10.35201    -4.49890   -10.35196     0.00000     0.00000     0.00000     0.00000     0.00000   -39.00665
    -3.79675   -13.80443   -10.43230    -4.66497   -10.43225     0.00000     0.00000     0.00000     0.00000     0.00000   -39.33396
    -3.67175   -13.80467   -10.47790    -4.83985   -10.47785     0.00000     0.00000     0.00000     0.00000     0.00000   -39.60028
    -3.54675   -13.80475   -10.48858    -5.02487   -10.48854     0.00000     0.00000     0.00000     0.00000     0.00000   -39.80673
    -3.42175   -13.80479   -10.48906    -5.21968   -10.48901     0.00000     0.00000     0.00000     0.00000     0.00000   -40.00255
    -3.29675   -13.80484   -10.48909    -5.42388   -10.48904     0.00000     0.00000     0.00000     0.00000     0.00000   -40.20684
    -3.17175   -13.80488   -10.48911    -5.66081   -10.48906     0.00000     0.00000     0.00000     0.00000     0.00000   -40.44386
    -3.04775   -13.80492   -10.48913    -5.92680   -10.48908     0.00000     0.00000     0.00000     0.00000     0.00000   -40.70992
    -2.92275   -13.80495   -10.48914    -6.16262   -10.48909     0.00000     0.00000     0.00000     0.00000     0.00000   -40.94581
    -2.79775   -13.80498   -10.48916    -6.34927   -10.48910     0.00000     0.00000     0.00000     0.00000     0.00000   -41.13251
    -2.67275   -13.80500   -10.48917    -6.50515   -10.48911     0.00000     0.00000     0.00000     0.00000     0.00000   -41.28843
    -2.54775   -13.80502   -10.48918    -6.64047   -10.48912     0.00000     0.00000     0.00000     0.00000     0.00000   -41.42379
    -2.42275   -13.80504   -10.48919    -6.76179   -10.48913     0.00000     0.00000     0.00000     0.00000     0.00000   -41.54515
    -2.29775   -13.80505   -10.48919    -6.87066   -10.48914     0.00000     0.00000     0.00000     0.00000     0.00000   -41.65405
    -2.17375   -13.80507   -10.48920    -6.96676   -10.48915     0.00000     0.00000     0.00000     0.00000     0.00000   -41.75018
    -2.04875   -13.80508   -10.48921    -7.05201   -10.48915     0.00000     0.00000     0.00000     0.00000     0.00000   -41.83545
    -1.92375   -13.80509   -10.48921    -7.12679   -10.48916     0.00000     0.00000     0.00000     0.00000     0.00000   -41.91025
    -1.79875   -13.80510   -10.48922    -7.19191   -10.48916     0.00000     0.00000     0.00000     0.00000     0.00000   -41.97539
    -1.67375   -13.80511   -10.48922    -7.24926   -10.48917     0.00000     0.00000     0.00000     0.00000     0.00000   -42.03275
    -1.54875   -13.80511   -10.48923    -7.29877   -10.48917     0.00000     0.00000     0.00000     0.00000     0.00000   -42.08228
    -1.42375   -13.80512   -10.48923    -7.34010   -10.48917     0.00000     0.00000     0.00000     0.00000     0.00000   -42.12362
    -1.29975   -13.80512   -10.48923    -7.37399   -10.48918     0.00000     0.00000     0.00000     0.00000     0.00000   -42.15752
    -1.17475   -13.80512   -10.48923    -7.40066   -10.48918     0.00000     0.00000     0.00000     0.00000     0.00000   -42.18419
    -1.04975   -13.80513   -10.48924    -7.41997   -10.48918     0.00000     0.00000     0.00000     0.00000     0.00000   -42.20351
    -0.92475   -13.80513   -10.48924    -7.43206   -10.48918     0.00000     0.00000     0.00000     0.00000     0.00000   -42.21560
    -0.79975   -13.80513   -10.48924    -7.43826   -10.48918     0.00000     0.00000     0.00000     0.00000     0.00000   -42.22180
    -0.67475   -13.80513   -10.48924    -7.44348   -10.48918     0.00000     0.00000     0.00000     0.00000     0.00000   -42.22703
    -0.54975   -13.80513   -10.48924    -7.45369   -10.48918     0.00000     0.00000     0.00000     0.00000     0.00000   -42.23725
    -0.42575   -13.80513   -10.48924    -7.47151   -10.48919     0.00000     0.00000     0.00000     0.00000     0.00000   -42.25506
    -0.30075   -13.80513   -10.48924    -7.49738   -10.48919     0.00000     0.00000     0.00000     0.00000     0.00000   -42.28094
    -0.17575   -13.80514   -10.48925    -7.53173   -10.48919     0.00000     0.00000     0.00000     0.00000     0.00000   -42.31531
    -0.05075   -13.80534   -10.48926    -7.57614   -10.48921     0.00000     0.00000     0.00000     0.00000     0.00000   -42.35994
     0.07425   -13.80653   -10.48933    -7.63424   -10.48928     0.00000     0.00000     0.00000     0.00000     0.00000   -42.41938
     0.19925   -13.80806   -10.48943    -7.70434   -10.48937     0.00000     0.00000     0.00000     0.00000     0.00000   -42.49120
     0.32425   -13.80860   -10.48947    -7.78449   -10.48941     0.00000     0.00000     0.00000     0.00000     0.00000   -42.57197
     0.44925   -13.80863   -10.48948    -7.88135   -10.48942     0.00000     0.00000     0.00000     0.00000     0.00000   -42.66888
     0.57325   -13.80864   -10.48949    -8.00361   -10.48944     0.00000     0.00000     0.00000     0.00000     0.00000   -42.79118
     0.69825   -13.80865   -10.48951    -8.16388   -10.48946     0.00000     0.00000     0.00000     0.00000     0.00000   -42.95150
     0.82325   -13.80867   -10.48955    -8.39788   -10.48950     0.00000     0.00000     0.00000     0.00000     0.00000   -43.18559
     0.94825   -13.80869   -10.48959    -8.68366   -10.48954     0.00000     0.00000     0.00000     0.00000     0.00000   -43.47148
     1.07325   -13.80870   -10.48963    -8.93950   -10.48958     0.00000     0.00000     0.00000     0.00000     0.00000   -43.72741
     1.19825   -13.80872   -10.48966    -9.15073   -10.48961     0.00000     0.00000     0.00000     0.00000     0.00000   -43.93872
     1.32325   -13.80873   -10.48969    -9.33174   -10.48964     0.00000     0.00000     0.00000     0.00000     0.00000   -44.11980
     1.44725   -13.80874   -10.48971    -9.49140   -10.48966     0.00000     0.00000     0.00000     0.00000     0.00000   -44.27950
     1.57225   -13.80875   -10.48973    -9.65326   -10.48967     0.00000     0.00000     0.00000     0.00000     0.00000   -44.44141
     1.69725   -13.80882   -10.48975    -9.81568   -10.48970     0.00000     0.00000     0.00000     0.00000     0.00000   -44.60394
     1.82225   -13.80955   -10.48981    -9.96977   -10.48976     0.00000     0.00000     0.00000     0.00000     0.00000   -44.75888
     1.94725   -13.81136   -10.48994   -10.11863   -10.48988     0.00000     0.00000     0.00000     0.00000     0.00000   -44.90982
     2.07225   -13.81317   -10.49008   -10.26192   -10.49003     0.00000     0.00000     0.00000     0.00000     0.00000   -45.05521
     2.19725   -13.81474   -10.49022   -10.40090   -10.49017     0.00000     0.00000     0.00000     0.00000     0.00000   -45.19603
     2.32125   -13.81750   -10.49044   -10.53654   -10.49039     0.00000     0.00000     0.00000     0.00000     0.00000   -45.33487
     2.44625   -13.82106   -10.49073   -10.67099   -10.49068     0.00000     0.00000     0.00000     0.00000     0.00000   -45.47347
     2.57125   -13.82344   -10.49095   -10.80086   -10.49090     0.00000     0.00000     0.00000     0.00000     0.00000   -45.60614
     2.69625   -13.82481   -10.49104   -10.92629   -10.49099     0.00000     0.00000     0.00000     0.00000     0.00000   -45.73313
     2.82125   -13.82728   -10.49117   -11.04915   -10.49112     0.00000     0.00000     0.00000     0.00000     0.00000   -45.85873
     2.94625   -13.83133   -10.49143   -11.16594   -10.49138     0.00000     0.00000     0.00000     0.00000     0.00000   -45.98007
     3.07125   -13.83520   -10.49174   -11.28305   -10.49169     0.00000     0.00000     0.00000     0.00000     0.00000   -46.10168
     3.19525   -13.83852   -10.49206   -11.40207   -10.49201     0.00000     0.00000     0.00000     0.00000     0.00000   -46.22466
     3.32025   -13.84214   -10.49245   -11.52108   -10.49240     0.00000     0.00000     0.00000     0.00000     0.00000   -46.34807
     3.44525   -13.84615   -10.49294   -11.63820   -10.49289     0.00000     0.00000     0.00000     0.00000     0.00000   -46.47019
     3.57025   -13.85022   -10.49347   -11.75362   -10.49342     0.00000     0.00000     0.00000     0.00000     0.00000   -46.59073
     3.69525   -13.85406   -10.49403   -11.86722   -10.49398     0.00000     0.00000     0.00000     0.00000     0.00000   -46.70930
     3.82025   -13.85777   -10.49464   -11.98111   -10.49459     0.00000     0.00000     0.00000     0.00000     0.00000   -46.82810
     3.94525   -13.86168   -10.49532   -12.09558   -10.49527     0.00000     0.00000     0.00000     0.00000     0.00000   -46.94784
     4.06925   -13.86582   -10.49609   -12.20785   -10.49604     0.00000     0.00000     0.00000     0.00000     0.00000   -47.06579
     4.19425   -13.86992   -10.49690   -12.31815   -10.49685     0.00000     0.00000     0.00000     0.00000     0.00000   -47.18182
     4.31925   -13.87411   -10.49774   -12.42637   -10.49769     0.00000     0.00000     0.00000     0.00000     0.00000   -47.29592
     4.44425   -13.87849   -10.49864   -12.53330   -10.49859     0.00000     0.00000     0.00000     0.00000     0.00000   -47.40902
     4.56925   -13.88277   -10.49958   -12.63651   -10.49953     0.00000     0.00000     0.00000     0.00000     0.00000   -47.51839
     4.69425   -13.88685   -10.50057   -12.73829   -10.50052     0.00000     0.00000     0.00000     0.00000     0.00000   -47.62622
     4.81925   -13.89111   -10.50168   -12.84331   -10.50163     0.00000     0.00000     0.00000     0.00000     0.00000   -47.73772
     4.94325   -13.89577   -10.50295   -12.95164   -10.50290     0.00000     0.00000     0.00000     0.00000     0.00000   -47.85326
     5.06825   -13.90035   -10.50430   -13.05754   -10.50425     0.00000     0.00000     0.00000     0.00000     0.00000   -47.96644
     5.19325   -13.90461   -10.50569   -13.16149   -10.50564     0.00000     0.00000     0.00000     0.00000     0.00000   -48.07742
     5.31825   -13.90888   -10.50722   -13.26669   -10.50717     0.00000     0.00000     0.00000     0.00000     0.00000   -48.18996
     5.44325   -13.91314   -10.50889   -13.36699   -10.50884     0.00000     0.00000     0.00000     0.00000     0.00000   -48.29787
     5.56825   -13.91718   -10.51065   -13.46034   -10.51060     0.00000     0.00000     0.00000     0.00000     0.00000   -48.39877
     5.69325   -13.92106   -10.51250   -13.56118   -10.51245     0.00000     0.00000     0.00000     0.00000     0.00000   -48.50719
     5.81825   -13.92489   -10.51449   -13.66566   -10.51444     0.00000     0.00000     0.00000     0.00000     0.00000   -48.61948
     5.94225   -13.92869   -10.51665   -13.75514   -10.51660     0.00000     0.00000     0.00000     0.00000     0.00000   -48.71708
     6.06725   -13.93248   -10.51898   -13.84108   -10.51892     0.00000     0.00000     0.00000     0.00000     0.00000   -48.81146
     6.19225   -13.93642   -10.52154   -13.94171   -10.52148     0.00000     0.00000     0.00000     0.00000     0.00000   -48.92115
     6.31725   -13.94080   -10.52444   -14.04588   -10.52437     0.00000     0.00000     0.00000     0.00000     0.00000   -49.03549
     6.44225   -13.94779   -10.52812   -14.14561   -10.52789     0.00000     0.00000     0.00000     0.00000     0.00000   -49.14942
     6.56725   -13.97579   -10.53594   -14.23977   -10.53388     0.00000     0.00000     0.00000     0.00000     0.00000   -49.28538
     6.69225   -14.04595   -10.55247   -14.32379   -10.54475     0.00000     0.00000     0.00000     0.00000     0.00000   -49.46695
     6.81625   -14.13048   -10.57284   -14.39223   -10.55783     0.00000     0.00000     0.00000     0.00000     0.00000   -49.65337
     6.94125   -14.18368   -10.58644   -14.43537   -10.56667     0.00000     0.00000     0.00000     0.00000     0.00000   -49.77216
     7.06625   -14.20137   -10.59110   -14.45320   -10.56964     0.00000     0.00000     0.00000     0.00000     0.00000   -49.81531
     7.19125   -14.20364   -10.59171   -14.45637   -10.57001     0.00000     0.00000     0.00000     0.00000     0.00000   -49.82173
     7.31625   -14.20371   -10.59173   -14.45648   -10.57002     0.00000     0.00000     0.00000     0.00000     0.00000   -49.82193
     7.44125   -14.20371   -10.59173   -14.45648   -10.57002     0.00000     0.00000     0.00000     0.00000     0.00000   -49.82193
     7.56625   -14.20371   -10.59173   -14.45648   -10.57002     0.00000     0.00000     0.00000     0.00000     0.00000   -49.82193
     7.69025   -14.20371   -10.59173   -14.45648   -10.57002     0.00000     0.00000     0.00000     0.00000     0.00000   -49.82193
     7.81525   -14.20371   -10.59173   -14.45648   -10.57002     0.00000     0.00000     0.00000     0.00000     0.00000   -49.82193
     7.94025   -14.20371   -10.59173   -14.45648   -10.57002     0.00000     0.00000     0.00000     0.00000     0.00000   -49.82193
     8.06525   -14.20371   -10.59173   -14.45648   -10.57002     0.00000     0.00000     0.00000     0.00000     0.00000   -49.82193
     8.19025   -14.20371   -10.59173   -14.45648   -10.57002     0.00000     0.00000     0.00000     0.00000     0.00000   -49.82193
     8.31525   -14.20371   -10.59173   -14.45648   -10.57002     0.00000     0.00000     0.00000     0.00000     0.00000   -49.82193
     8.44025   -14.20371   -10.59173   -14.45648   -10.57002     0.00000     0.00000     0.00000     0.00000     0.00000   -49.82193
     8.56425   -14.20371   -10.59173   -14.45648   -10.57002     0.00000     0.00000     0.00000     0.00000     0.00000   -49.82193
     8.68925   -14.20371   -10.59173   -14.45648   -10.57002     0.00000     0.00000     0.00000     0.00000     0.00000   -49.82193
     8.81425   -14.20371   -10.59173   -14.45648   -10.57002     0.00000     0.00000     0.00000     0.00000     0.00000   -49.82193
     8.93925   -14.20371   -10.59173   -14.45648   -10.57002     0.00000     0.00000     0.00000     0.00000     0.00000   -49.82193
