     #Energy           s          py          pz          px         dxy         dyz         dz2         dxz         dx2       tot  
   -28.51875     0.00000     0.00000     0.00000     0.00000     0.00000     0.00000     0.00000     0.00000     0.00000     0.00000
   -28.39375     0.00000     0.00000     0.00000     0.00000     0.00000     0.00000     0.00000     0.00000     0.00000     0.00000
   -28.26875     0.00000     0.00000     0.00000     0.00000     0.00000     0.00000     0.00000     0.00000     0.00000     0.00000
   -28.14475     0.00000     0.00000     0.00000     0.00000     0.00000     0.00000     0.00000     0.00000     0.00000     0.00000
   -28.01975     0.00000     0.00000     0.00000     0.00000     0.00000     0.00000     0.00000     0.00000     0.00000     0.00000
   -27.89475     0.00000     0.00000     0.00000     0.00000     0.00000     0.00000     0.00000     0.00000     0.00000     0.00000
   -27.76975     0.00000     0.00000     0.00000     0.00000     0.00000     0.00000     0.00000     0.00000     0.00000     0.00000
   -27.64475     0.00000     0.00000     0.00000     0.00000     0.00000     0.00000     0.00000     0.00000     0.00000     0.00000
   -27.51975     0.00000     0.00000     0.00000     0.00000     0.00000     0.00000     0.00000     0.00000     0.00000     0.00000
   -27.39475    -0.00000    -0.00000    -0.00000    -0.00000     0.00000     0.00000     0.00000     0.00000     0.00000    -0.00000
   -27.27075    -0.00000    -0.00000    -0.00000    -0.00000     0.00000     0.00000     0.00000     0.00000     0.00000    -0.00000
   -27.14575    -0.00000    -0.00000    -0.00000    -0.00000     0.00000     0.00000     0.00000     0.00000     0.00000    -0.00000
   -27.02075    -0.00000    -0.00095    -0.00084    -0.00095     0.00000     0.00000     0.00000     0.00000     0.00000    -0.00275
   -26.89575    -0.00000    -0.06552    -0.06116    -0.06552     0.00000     0.00000     0.00000     0.00000     0.00000    -0.19221
   -26.77075    -0.00001    -0.43049    -0.41907    -0.43056     0.00000     0.00000     0.00000     0.00000     0.00000    -1.28013
   -26.64575    -0.00002    -0.85683    -0.84834    -0.85689     0.00000     0.00000     0.00000     0.00000     0.00000    -2.56208
   -26.52075    -0.00002    -0.98578    -0.98362    -0.98578     0.00000     0.00000     0.00000     0.00000     0.00000    -2.95520
   -26.39675    -0.00002    -0.98976    -0.98805    -0.98975     0.00000     0.00000     0.00000     0.00000     0.00000    -2.96758
   -26.27175    -0.00002    -0.98977    -0.98806    -0.98976     0.00000     0.00000     0.00000     0.00000     0.00000    -2.96760
   -26.14675    -0.00002    -0.98977    -0.98806    -0.98976     0.00000     0.00000     0.00000     0.00000     0.00000    -2.96760
   -26.02175    -0.00002    -0.98977    -0.98806    -0.98976     0.00000     0.00000     0.00000     0.00000     0.00000    -2.96760
   -25.89675    -0.00002    -0.98977    -0.98806    -0.98976     0.00000     0.00000     0.00000     0.00000     0.00000    -2.96760
   -25.77175    -0.00002    -0.98977    -0.98806    -0.98976     0.00000     0.00000     0.00000     0.00000     0.00000    -2.96760
   -25.64675    -0.00002    -0.98977    -0.98806    -0.98976     0.00000     0.00000     0.00000     0.00000     0.00000    -2.96760
   -25.52275    -0.00002    -0.98977    -0.98806    -0.98976     0.00000     0.00000     0.00000     0.00000     0.00000    -2.96760
   -25.39775    -0.00002    -0.98977    -0.98806    -0.98976     0.00000     0.00000     0.00000     0.00000     0.00000    -2.96760
   -25.27275    -0.00002    -0.98977    -0.98806    -0.98976     0.00000     0.00000     0.00000     0.00000     0.00000    -2.96760
   -25.14775    -0.00002    -0.98977    -0.98806    -0.98976     0.00000     0.00000     0.00000     0.00000     0.00000    -2.96760
   -25.02275    -0.00002    -0.98977    -0.98806    -0.98976     0.00000     0.00000     0.00000     0.00000     0.00000    -2.96760
   -24.89775    -0.00002    -0.98977    -0.98806    -0.98976     0.00000     0.00000     0.00000     0.00000     0.00000    -2.96760
   -24.77275    -0.00002    -0.98977    -0.98806    -0.98976     0.00000     0.00000     0.00000     0.00000     0.00000    -2.96760
   -24.64875    -0.00002    -0.98977    -0.98806    -0.98976     0.00000     0.00000     0.00000     0.00000     0.00000    -2.96760
   -24.52375    -0.00002    -0.98977    -0.98806    -0.98976     0.00000     0.00000     0.00000     0.00000     0.00000    -2.96760
   -24.39875    -0.00002    -0.98977    -0.98806    -0.98976     0.00000     0.00000     0.00000     0.00000     0.00000    -2.96760
   -24.27375    -0.00002    -0.98977    -0.98806    -0.98976     0.00000     0.00000     0.00000     0.00000     0.00000    -2.96760
   -24.14875    -0.00002    -0.98977    -0.98806    -0.98976     0.00000     0.00000     0.00000     0.00000     0.00000    -2.96760
   -24.02375    -0.00002    -0.98977    -0.98806    -0.98976     0.00000     0.00000     0.00000     0.00000     0.00000    -2.96760
   -23.89875    -0.00002    -0.98977    -0.98806    -0.98976     0.00000     0.00000     0.00000     0.00000     0.00000    -2.96760
   -23.77375    -0.00002    -0.98977    -0.98806    -0.98976     0.00000     0.00000     0.00000     0.00000     0.00000    -2.96760
   -23.64975    -0.00002    -0.98977    -0.98806    -0.98976     0.00000     0.00000     0.00000     0.00000     0.00000    -2.96760
   -23.52475    -0.00002    -0.98977    -0.98806    -0.98976     0.00000     0.00000     0.00000     0.00000     0.00000    -2.96760
   -23.39975    -0.00002    -0.98977    -0.98806    -0.98976     0.00000     0.00000     0.00000     0.00000     0.00000    -2.96760
   -23.27475    -0.00002    -0.98977    -0.98806    -0.98976     0.00000     0.00000     0.00000     0.00000     0.00000    -2.96760
   -23.14975    -0.00002    -0.98977    -0.98806    -0.98976     0.00000     0.00000     0.00000     0.00000     0.00000    -2.96760
   -23.02475    -0.00002    -0.98977    -0.98806    -0.98976     0.00000     0.00000     0.00000     0.00000     0.00000    -2.96760
   -22.89975    -0.00002    -0.98977    -0.98806    -0.98976     0.00000     0.00000     0.00000     0.00000     0.00000    -2.96760
   -22.77575    -0.00002    -0.98977    -0.98806    -0.98976     0.00000     0.00000     0.00000     0.00000     0.00000    -2.96760
   -22.65075    -0.00002    -0.98977    -0.98806    -0.98976     0.00000     0.00000     0.00000     0.00000     0.00000    -2.96760
   -22.52575    -0.00002    -0.98977    -0.98806    -0.98976     0.00000     0.00000     0.00000     0.00000     0.00000    -2.96760
   -22.40075    -0.00002    -0.98977    -0.98806    -0.98976     0.00000     0.00000     0.00000     0.00000     0.00000    -2.96760
   -22.27575    -0.00002    -0.98977    -0.98806    -0.98976     0.00000     0.00000     0.00000     0.00000     0.00000    -2.96760
   -22.15075    -0.00002    -0.98977    -0.98806    -0.98976     0.00000     0.00000     0.00000     0.00000     0.00000    -2.96760
   -22.02575    -0.00002    -0.98977    -0.98806    -0.98976     0.00000     0.00000     0.00000     0.00000     0.00000    -2.96760
   -21.90175    -0.00002    -0.98977    -0.98806    -0.98976     0.00000     0.00000     0.00000     0.00000     0.00000    -2.96760
   -21.77675    -0.00002    -0.98977    -0.98806    -0.98976     0.00000     0.00000     0.00000     0.00000     0.00000    -2.96760
   -21.65175    -0.00002    -0.98977    -0.98806    -0.98976     0.00000     0.00000     0.00000     0.00000     0.00000    -2.96760
   -21.52675    -0.00002    -0.98977    -0.98806    -0.98976     0.00000     0.00000     0.00000     0.00000     0.00000    -2.96760
   -21.40175    -0.00002    -0.98977    -0.98806    -0.98976     0.00000     0.00000     0.00000     0.00000     0.00000    -2.96760
   -21.27675    -0.00002    -0.98977    -0.98806    -0.98976     0.00000     0.00000     0.00000     0.00000     0.00000    -2.96760
   -21.15175    -0.00002    -0.98977    -0.98806    -0.98976     0.00000     0.00000     0.00000     0.00000     0.00000    -2.96760
   -21.02775    -0.00002    -0.98977    -0.98806    -0.98976     0.00000     0.00000     0.00000     0.00000     0.00000    -2.96760
   -20.90275    -0.00002    -0.98977    -0.98806    -0.98976     0.00000     0.00000     0.00000     0.00000     0.00000    -2.96760
   -20.77775    -0.00002    -0.98977    -0.98806    -0.98976     0.00000     0.00000     0.00000     0.00000     0.00000    -2.96760
   -20.65275    -0.00002    -0.98977    -0.98806    -0.98976     0.00000     0.00000     0.00000     0.00000     0.00000    -2.96760
   -20.52775    -0.00002    -0.98977    -0.98806    -0.98976     0.00000     0.00000     0.00000     0.00000     0.00000    -2.96760
   -20.40275    -0.00002    -0.98977    -0.98806    -0.98976     0.00000     0.00000     0.00000     0.00000     0.00000    -2.96761
   -20.27775    -0.00003    -0.98977    -0.98807    -0.98976     0.00000     0.00000     0.00000     0.00000     0.00000    -2.96763
   -20.15375    -0.00005    -0.98977    -0.98815    -0.98976     0.00000     0.00000     0.00000     0.00000     0.00000    -2.96773
   -20.02875    -0.00009    -0.98977    -0.98829    -0.98976     0.00000     0.00000     0.00000     0.00000     0.00000    -2.96790
   -19.90375    -0.00013    -0.98977    -0.98845    -0.98976     0.00000     0.00000     0.00000     0.00000     0.00000    -2.96811
   -19.77875    -0.00016    -0.98977    -0.98857    -0.98976     0.00000     0.00000     0.00000     0.00000     0.00000    -2.96827
   -19.65375    -0.00018    -0.98977    -0.98864    -0.98977     0.00000     0.00000     0.00000     0.00000     0.00000    -2.96836
   -19.52875    -0.00020    -0.98978    -0.98871    -0.98977     0.00000     0.00000     0.00000     0.00000     0.00000    -2.96845
   -19.40375    -0.00022    -0.98978    -0.98877    -0.98977     0.00000     0.00000     0.00000     0.00000     0.00000    -2.96855
   -19.27975    -0.00025    -0.98978    -0.98884    -0.98978     0.00000     0.00000     0.00000     0.00000     0.00000    -2.96865
   -19.15475    -0.00027    -0.98979    -0.98890    -0.98978     0.00000     0.00000     0.00000     0.00000     0.00000    -2.96874
   -19.02975    -0.00029    -0.98979    -0.98896    -0.98979     0.00000     0.00000     0.00000     0.00000     0.00000    -2.96882
   -18.90475    -0.00030    -0.98980    -0.98902    -0.98979     0.00000     0.00000     0.00000     0.00000     0.00000    -2.96891
   -18.77975    -0.00032    -0.98980    -0.98907    -0.98980     0.00000     0.00000     0.00000     0.00000     0.00000    -2.96899
   -18.65475    -0.00034    -0.98981    -0.98912    -0.98980     0.00000     0.00000     0.00000     0.00000     0.00000    -2.96906
   -18.52975    -0.00036    -0.98981    -0.98916    -0.98981     0.00000     0.00000     0.00000     0.00000     0.00000    -2.96914
   -18.40475    -0.00037    -0.98982    -0.98921    -0.98981     0.00000     0.00000     0.00000     0.00000     0.00000    -2.96921
   -18.28075    -0.00039    -0.98982    -0.98925    -0.98982     0.00000     0.00000     0.00000     0.00000     0.00000    -2.96928
   -18.15575    -0.00040    -0.98983    -0.98929    -0.98982     0.00000     0.00000     0.00000     0.00000     0.00000    -2.96935
   -18.03075    -0.00042    -0.98983    -0.98933    -0.98983     0.00000     0.00000     0.00000     0.00000     0.00000    -2.96941
   -17.90575    -0.00043    -0.98984    -0.98936    -0.98984     0.00000     0.00000     0.00000     0.00000     0.00000    -2.96947
   -17.78075    -0.00045    -0.98985    -0.98940    -0.98984     0.00000     0.00000     0.00000     0.00000     0.00000    -2.96953
   -17.65575    -0.00046    -0.98985    -0.98943    -0.98985     0.00000     0.00000     0.00000     0.00000     0.00000    -2.96959
   -17.53075    -0.00048    -0.98986    -0.98946    -0.98985     0.00000     0.00000     0.00000     0.00000     0.00000    -2.96965
   -17.40675    -0.00049    -0.98987    -0.98949    -0.98986     0.00000     0.00000     0.00000     0.00000     0.00000    -2.96971
   -17.28175    -0.00050    -0.98987    -0.98952    -0.98987     0.00000     0.00000     0.00000     0.00000     0.00000    -2.96976
   -17.15675    -0.00051    -0.98988    -0.98955    -0.98987     0.00000     0.00000     0.00000     0.00000     0.00000    -2.96981
   -17.03175    -0.00053    -0.98989    -0.98957    -0.98988     0.00000     0.00000     0.00000     0.00000     0.00000    -2.96986
   -16.90675    -0.00054    -0.98989    -0.98960    -0.98989     0.00000     0.00000     0.00000     0.00000     0.00000    -2.96991
   -16.78175    -0.00055    -0.98990    -0.98962    -0.98989     0.00000     0.00000     0.00000     0.00000     0.00000    -2.96996
   -16.65675    -0.00056    -0.98990    -0.98964    -0.98990     0.00000     0.00000     0.00000     0.00000     0.00000    -2.97001
   -16.53275    -0.00057    -0.98991    -0.98967    -0.98991     0.00000     0.00000     0.00000     0.00000     0.00000    -2.97005
   -16.40775    -0.00058    -0.98992    -0.98969    -0.98991     0.00000     0.00000     0.00000     0.00000     0.00000    -2.97010
   -16.28275    -0.00059    -0.98992    -0.98971    -0.98992     0.00000     0.00000     0.00000     0.00000     0.00000    -2.97014
   -16.15775    -0.00060    -0.98993    -0.98972    -0.98993     0.00000     0.00000     0.00000     0.00000     0.00000    -2.97018
   -16.03275    -0.00061    -0.98994    -0.98974    -0.98993     0.00000     0.00000     0.00000     0.00000     0.00000    -2.97022
   -15.90775    -0.00062    -0.98995    -0.98976    -0.98994     0.00000     0.00000     0.00000     0.00000     0.00000    -2.97026
   -15.78275    -0.00062    -0.98995    -0.98977    -0.98995     0.00000     0.00000     0.00000     0.00000     0.00000    -2.97030
   -15.65875    -0.00063    -0.98996    -0.98979    -0.98996     0.00000     0.00000     0.00000     0.00000     0.00000    -2.97033
   -15.53375    -0.00064    -0.98997    -0.98980    -0.98996     0.00000     0.00000     0.00000     0.00000     0.00000    -2.97037
   -15.40875    -0.00065    -0.98998    -0.98981    -0.98997     0.00000     0.00000     0.00000     0.00000     0.00000    -2.97041
   -15.28375    -0.00065    -0.98998    -0.98982    -0.98998     0.00000     0.00000     0.00000     0.00000     0.00000    -2.97044
   -15.15875    -0.00066    -0.98999    -0.98984    -0.98999     0.00000     0.00000     0.00000     0.00000     0.00000    -2.97047
   -15.03375    -0.00066    -0.99000    -0.98984    -0.99000     0.00000     0.00000     0.00000     0.00000     0.00000    -2.97051
   -14.90875    -0.00067    -0.99001    -0.98985    -0.99001     0.00000     0.00000     0.00000     0.00000     0.00000    -2.97054
   -14.78475    -0.00067    -0.99002    -0.98986    -0.99001     0.00000     0.00000     0.00000     0.00000     0.00000    -2.97056
   -14.65975    -0.00067    -0.99003    -0.98986    -0.99002     0.00000     0.00000     0.00000     0.00000     0.00000    -2.97058
   -14.53475    -0.00068    -0.99003    -0.98987    -0.99003     0.00000     0.00000     0.00000     0.00000     0.00000    -2.97060
   -14.40975    -0.00068    -0.99003    -0.98987    -0.99003     0.00000     0.00000     0.00000     0.00000     0.00000    -2.97061
   -14.28475    -0.00068    -0.99004    -0.98987    -0.99003     0.00000     0.00000     0.00000     0.00000     0.00000    -2.97063
   -14.15975    -0.00068    -0.99004    -0.98987    -0.99004     0.00000     0.00000     0.00000     0.00000     0.00000    -2.97063
   -14.03475    -0.00068    -0.99005    -0.98988    -0.99004     0.00000     0.00000     0.00000     0.00000     0.00000    -2.97064
   -13.90975    -0.00069    -0.99005    -0.98988    -0.99004     0.00000     0.00000     0.00000     0.00000     0.00000    -2.97066
   -13.78575    -0.00069    -0.99005    -0.98990    -0.99004     0.00000     0.00000     0.00000     0.00000     0.00000    -2.97069
   -13.66075    -0.00070    -0.99005    -0.98991    -0.99005     0.00000     0.00000     0.00000     0.00000     0.00000    -2.97072
   -13.53575    -0.00072    -0.99005    -0.98993    -0.99005     0.00000     0.00000     0.00000     0.00000     0.00000    -2.97075
   -13.41075    -0.00073    -0.99006    -0.98995    -0.99005     0.00000     0.00000     0.00000     0.00000     0.00000    -2.97078
   -13.28575    -0.00074    -0.99006    -0.98996    -0.99005     0.00000     0.00000     0.00000     0.00000     0.00000    -2.97081
   -13.16075    -0.00075    -0.99006    -0.98998    -0.99006     0.00000     0.00000     0.00000     0.00000     0.00000    -2.97084
   -13.03575    -0.00076    -0.99006    -0.99000    -0.99006     0.00000     0.00000     0.00000     0.00000     0.00000    -2.97088
   -12.91175    -0.00077    -0.99007    -0.99001    -0.99006     0.00000     0.00000     0.00000     0.00000     0.00000    -2.97091
   -12.78675    -0.00077    -0.99007    -0.99002    -0.99007     0.00000     0.00000     0.00000     0.00000     0.00000    -2.97094
   -12.66175    -0.00078    -0.99008    -0.99003    -0.99007     0.00000     0.00000     0.00000     0.00000     0.00000    -2.97096
   -12.53675    -0.00079    -0.99008    -0.99004    -0.99008     0.00000     0.00000     0.00000     0.00000     0.00000    -2.97099
   -12.41175    -0.00079    -0.99008    -0.99005    -0.99008     0.00000     0.00000     0.00000     0.00000     0.00000    -2.97100
   -12.28675    -0.00080    -0.99009    -0.99006    -0.99008     0.00000     0.00000     0.00000     0.00000     0.00000    -2.97102
   -12.16175    -0.00080    -0.99009    -0.99006    -0.99009     0.00000     0.00000     0.00000     0.00000     0.00000    -2.97104
   -12.03775    -0.00080    -0.99009    -0.99007    -0.99009     0.00000     0.00000     0.00000     0.00000     0.00000    -2.97106
   -11.91275    -0.00081    -0.99010    -0.99008    -0.99009     0.00000     0.00000     0.00000     0.00000     0.00000    -2.97107
   -11.78775    -0.00081    -0.99010    -0.99008    -0.99009     0.00000     0.00000     0.00000     0.00000     0.00000    -2.97109
   -11.66275    -0.00081    -0.99010    -0.99009    -0.99010     0.00000     0.00000     0.00000     0.00000     0.00000    -2.97110
   -11.53775    -0.00082    -0.99010    -0.99009    -0.99010     0.00000     0.00000     0.00000     0.00000     0.00000    -2.97111
   -11.41275    -0.00082    -0.99011    -0.99010    -0.99010     0.00000     0.00000     0.00000     0.00000     0.00000    -2.97113
   -11.28775    -0.00082    -0.99011    -0.99010    -0.99011     0.00000     0.00000     0.00000     0.00000     0.00000    -2.97114
   -11.16375    -0.00083    -0.99011    -0.99011    -0.99011     0.00000     0.00000     0.00000     0.00000     0.00000    -2.97116
   -11.03875    -0.00084    -0.99011    -0.99012    -0.99011     0.00000     0.00000     0.00000     0.00000     0.00000    -2.97118
   -10.91375    -0.00084    -0.99012    -0.99013    -0.99011     0.00000     0.00000     0.00000     0.00000     0.00000    -2.97120
   -10.78875    -0.00085    -0.99012    -0.99014    -0.99011     0.00000     0.00000     0.00000     0.00000     0.00000    -2.97122
   -10.66375    -0.00086    -0.99012    -0.99015    -0.99012     0.00000     0.00000     0.00000     0.00000     0.00000    -2.97124
   -10.53875    -0.00086    -0.99012    -0.99016    -0.99012     0.00000     0.00000     0.00000     0.00000     0.00000    -2.97126
   -10.41375    -0.00087    -0.99013    -0.99017    -0.99012     0.00000     0.00000     0.00000     0.00000     0.00000    -2.97128
   -10.28975    -0.00087    -0.99013    -0.99018    -0.99012     0.00000     0.00000     0.00000     0.00000     0.00000    -2.97130
   -10.16475    -0.00088    -0.99013    -0.99018    -0.99013     0.00000     0.00000     0.00000     0.00000     0.00000    -2.97132
   -10.03975    -0.00089    -0.99013    -0.99019    -0.99013     0.00000     0.00000     0.00000     0.00000     0.00000    -2.97134
    -9.91475    -0.00089    -0.99014    -0.99020    -0.99013     0.00000     0.00000     0.00000     0.00000     0.00000    -2.97136
    -9.78975    -0.00090    -0.99014    -0.99021    -0.99013     0.00000     0.00000     0.00000     0.00000     0.00000    -2.97138
    -9.66475    -0.00090    -0.99014    -0.99022    -0.99014     0.00000     0.00000     0.00000     0.00000     0.00000    -2.97140
    -9.53975    -0.00091    -0.99014    -0.99023    -0.99014     0.00000     0.00000     0.00000     0.00000     0.00000    -2.97142
    -9.41475    -0.00091    -0.99015    -0.99023    -0.99014     0.00000     0.00000     0.00000     0.00000     0.00000    -2.97144
    -9.29075    -0.00092    -0.99015    -0.99024    -0.99014     0.00000     0.00000     0.00000     0.00000     0.00000    -2.97145
    -9.16575    -0.00092    -0.99015    -0.99025    -0.99015     0.00000     0.00000     0.00000     0.00000     0.00000    -2.97147
    -9.04075    -0.00093    -0.99015    -0.99026    -0.99015     0.00000     0.00000     0.00000     0.00000     0.00000    -2.97149
    -8.91575    -0.00093    -0.99016    -0.99026    -0.99015     0.00000     0.00000     0.00000     0.00000     0.00000    -2.97150
    -8.79075    -0.00094    -0.99016    -0.99027    -0.99015     0.00000     0.00000     0.00000     0.00000     0.00000    -2.97152
    -8.66575    -0.00094    -0.99016    -0.99028    -0.99016     0.00000     0.00000     0.00000     0.00000     0.00000    -2.97154
    -8.54075    -0.00097    -0.99016    -0.99029    -0.99016     0.00000     0.00000     0.00000     0.00000     0.00000    -2.97159
    -8.41675    -0.00115    -0.99017    -0.99037    -0.99016     0.00000     0.00000     0.00000     0.00000     0.00000    -2.97186
    -8.29175    -0.00162    -0.99017    -0.99058    -0.99017     0.00000     0.00000     0.00000     0.00000     0.00000    -2.97254
    -8.16675    -0.00236    -0.99018    -0.99090    -0.99017     0.00000     0.00000     0.00000     0.00000     0.00000    -2.97362
    -8.04175    -0.00317    -0.99018    -0.99125    -0.99018     0.00000     0.00000     0.00000     0.00000     0.00000    -2.97479
    -7.91675    -0.00364    -0.99019    -0.99146    -0.99019     0.00000     0.00000     0.00000     0.00000     0.00000    -2.97547
    -7.79175    -0.00382    -0.99021    -0.99154    -0.99020     0.00000     0.00000     0.00000     0.00000     0.00000    -2.97577
    -7.66675    -0.00405    -0.99023    -0.99164    -0.99023     0.00000     0.00000     0.00000     0.00000     0.00000    -2.97614
    -7.54275    -0.00433    -0.99026    -0.99176    -0.99025     0.00000     0.00000     0.00000     0.00000     0.00000    -2.97659
    -7.41775    -0.00460    -0.99028    -0.99188    -0.99028     0.00000     0.00000     0.00000     0.00000     0.00000    -2.97704
    -7.29275    -0.00488    -0.99031    -0.99200    -0.99030     0.00000     0.00000     0.00000     0.00000     0.00000    -2.97749
    -7.16775    -0.00515    -0.99034    -0.99211    -0.99033     0.00000     0.00000     0.00000     0.00000     0.00000    -2.97794
    -7.04275    -0.00541    -0.99037    -0.99223    -0.99037     0.00000     0.00000     0.00000     0.00000     0.00000    -2.97838
    -6.91775    -0.00565    -0.99040    -0.99233    -0.99040     0.00000     0.00000     0.00000     0.00000     0.00000    -2.97879
    -6.79275    -0.00587    -0.99044    -0.99243    -0.99044     0.00000     0.00000     0.00000     0.00000     0.00000    -2.97918
    -6.66875    -0.00609    -0.99048    -0.99252    -0.99048     0.00000     0.00000     0.00000     0.00000     0.00000    -2.97957
    -6.54375    -0.00631    -0.99052    -0.99261    -0.99052     0.00000     0.00000     0.00000     0.00000     0.00000    -2.97997
    -6.41875    -0.00653    -0.99056    -0.99271    -0.99056     0.00000     0.00000     0.00000     0.00000     0.00000    -2.98036
    -6.29375    -0.00674    -0.99061    -0.99280    -0.99060     0.00000     0.00000     0.00000     0.00000     0.00000    -2.98074
    -6.16875    -0.00694    -0.99065    -0.99288    -0.99065     0.00000     0.00000     0.00000     0.00000     0.00000    -2.98112
    -6.04375    -0.00714    -0.99070    -0.99297    -0.99069     0.00000     0.00000     0.00000     0.00000     0.00000    -2.98150
    -5.91875    -0.00733    -0.99075    -0.99305    -0.99074     0.00000     0.00000     0.00000     0.00000     0.00000    -2.98187
    -5.79475    -0.00752    -0.99080    -0.99313    -0.99079     0.00000     0.00000     0.00000     0.00000     0.00000    -2.98224
    -5.66975    -0.00769    -0.99085    -0.99320    -0.99085     0.00000     0.00000     0.00000     0.00000     0.00000    -2.98260
    -5.54475    -0.00786    -0.99091    -0.99327    -0.99091     0.00000     0.00000     0.00000     0.00000     0.00000    -2.98295
    -5.41975    -0.00802    -0.99097    -0.99334    -0.99097     0.00000     0.00000     0.00000     0.00000     0.00000    -2.98329
    -5.29475    -0.00819    -0.99103    -0.99341    -0.99102     0.00000     0.00000     0.00000     0.00000     0.00000    -2.98365
    -5.16975    -0.00836    -0.99108    -0.99349    -0.99108     0.00000     0.00000     0.00000     0.00000     0.00000    -2.98401
    -5.04475    -0.00852    -0.99115    -0.99355    -0.99114     0.00000     0.00000     0.00000     0.00000     0.00000    -2.98436
    -4.92075    -0.00867    -0.99121    -0.99362    -0.99121     0.00000     0.00000     0.00000     0.00000     0.00000    -2.98471
    -4.79575    -0.00881    -0.99128    -0.99368    -0.99128     0.00000     0.00000     0.00000     0.00000     0.00000    -2.98505
    -4.67075    -0.00895    -0.99135    -0.99373    -0.99135     0.00000     0.00000     0.00000     0.00000     0.00000    -2.98538
    -4.54575    -0.00909    -0.99142    -0.99379    -0.99142     0.00000     0.00000     0.00000     0.00000     0.00000    -2.98571
    -4.42075    -0.00923    -0.99149    -0.99385    -0.99148     0.00000     0.00000     0.00000     0.00000     0.00000    -2.98605
    -4.29575    -0.00937    -0.99156    -0.99391    -0.99155     0.00000     0.00000     0.00000     0.00000     0.00000    -2.98639
    -4.17075    -0.00950    -0.99163    -0.99396    -0.99163     0.00000     0.00000     0.00000     0.00000     0.00000    -2.98672
    -4.04575    -0.00962    -0.99171    -0.99401    -0.99170     0.00000     0.00000     0.00000     0.00000     0.00000    -2.98705
    -3.92175    -0.00974    -0.99179    -0.99406    -0.99179     0.00000     0.00000     0.00000     0.00000     0.00000    -2.98738
    -3.79675    -0.00984    -0.99188    -0.99410    -0.99188     0.00000     0.00000     0.00000     0.00000     0.00000    -2.98771
    -3.67175    -0.00993    -0.99199    -0.99414    -0.99199     0.00000     0.00000     0.00000     0.00000     0.00000    -2.98805
    -3.54675    -0.01000    -0.99211    -0.99417    -0.99211     0.00000     0.00000     0.00000     0.00000     0.00000    -2.98839
    -3.42175    -0.01007    -0.99223    -0.99420    -0.99223     0.00000     0.00000     0.00000     0.00000     0.00000    -2.98872
    -3.29675    -0.01015    -0.99233    -0.99423    -0.99233     0.00000     0.00000     0.00000     0.00000     0.00000    -2.98904
    -3.17175    -0.01023    -0.99243    -0.99426    -0.99243     0.00000     0.00000     0.00000     0.00000     0.00000    -2.98934
    -3.04775    -0.01030    -0.99252    -0.99429    -0.99252     0.00000     0.00000     0.00000     0.00000     0.00000    -2.98962
    -2.92275    -0.01035    -0.99261    -0.99431    -0.99260     0.00000     0.00000     0.00000     0.00000     0.00000    -2.98988
    -2.79775    -0.01040    -0.99268    -0.99433    -0.99268     0.00000     0.00000     0.00000     0.00000     0.00000    -2.99009
    -2.67275    -0.01044    -0.99274    -0.99435    -0.99274     0.00000     0.00000     0.00000     0.00000     0.00000    -2.99027
    -2.54775    -0.01048    -0.99280    -0.99436    -0.99279     0.00000     0.00000     0.00000     0.00000     0.00000    -2.99043
    -2.42275    -0.01050    -0.99284    -0.99437    -0.99284     0.00000     0.00000     0.00000     0.00000     0.00000    -2.99056
    -2.29775    -0.01052    -0.99289    -0.99438    -0.99289     0.00000     0.00000     0.00000     0.00000     0.00000    -2.99068
    -2.17375    -0.01054    -0.99293    -0.99439    -0.99293     0.00000     0.00000     0.00000     0.00000     0.00000    -2.99079
    -2.04875    -0.01056    -0.99297    -0.99439    -0.99297     0.00000     0.00000     0.00000     0.00000     0.00000    -2.99088
    -1.92375    -0.01057    -0.99300    -0.99440    -0.99300     0.00000     0.00000     0.00000     0.00000     0.00000    -2.99097
    -1.79875    -0.01057    -0.99303    -0.99440    -0.99303     0.00000     0.00000     0.00000     0.00000     0.00000    -2.99103
    -1.67375    -0.01058    -0.99306    -0.99440    -0.99305     0.00000     0.00000     0.00000     0.00000     0.00000    -2.99109
    -1.54875    -0.01058    -0.99308    -0.99440    -0.99307     0.00000     0.00000     0.00000     0.00000     0.00000    -2.99113
    -1.42375    -0.01058    -0.99309    -0.99440    -0.99309     0.00000     0.00000     0.00000     0.00000     0.00000    -2.99117
    -1.29975    -0.01058    -0.99311    -0.99440    -0.99311     0.00000     0.00000     0.00000     0.00000     0.00000    -2.99120
    -1.17475    -0.01059    -0.99312    -0.99440    -0.99312     0.00000     0.00000     0.00000     0.00000     0.00000    -2.99123
    -1.04975    -0.01059    -0.99313    -0.99440    -0.99313     0.00000     0.00000     0.00000     0.00000     0.00000    -2.99125
    -0.92475    -0.01059    -0.99314    -0.99440    -0.99313     0.00000     0.00000     0.00000     0.00000     0.00000    -2.99126
    -0.79975    -0.01059    -0.99314    -0.99440    -0.99314     0.00000     0.00000     0.00000     0.00000     0.00000    -2.99126
    -0.67475    -0.01059    -0.99314    -0.99440    -0.99314     0.00000     0.00000     0.00000     0.00000     0.00000    -2.99127
    -0.54975    -0.01059    -0.99314    -0.99440    -0.99314     0.00000     0.00000     0.00000     0.00000     0.00000    -2.99128
    -0.42575    -0.01059    -0.99315    -0.99440    -0.99315     0.00000     0.00000     0.00000     0.00000     0.00000    -2.99129
    -0.30075    -0.01059    -0.99316    -0.99440    -0.99316     0.00000     0.00000     0.00000     0.00000     0.00000    -2.99132
    -0.17575    -0.01067    -0.99318    -0.99441    -0.99317     0.00000     0.00000     0.00000     0.00000     0.00000    -2.99143
    -0.05075    -0.01583    -0.99319    -0.99494    -0.99319     0.00000     0.00000     0.00000     0.00000     0.00000    -2.99716
     0.07425    -0.04829    -0.99321    -0.99829    -0.99321     0.00000     0.00000     0.00000     0.00000     0.00000    -3.03301
     0.19925    -0.08990    -0.99324    -1.00261    -0.99324     0.00000     0.00000     0.00000     0.00000     0.00000    -3.07898
     0.32425    -0.10475    -0.99327    -1.00417    -0.99327     0.00000     0.00000     0.00000     0.00000     0.00000    -3.09546
     0.44925    -0.10539    -0.99331    -1.00426    -0.99330     0.00000     0.00000     0.00000     0.00000     0.00000    -3.09626
     0.57325    -0.10540    -0.99335    -1.00430    -0.99335     0.00000     0.00000     0.00000     0.00000     0.00000    -3.09639
     0.69825    -0.10544    -0.99340    -1.00435    -0.99340     0.00000     0.00000     0.00000     0.00000     0.00000    -3.09659
     0.82325    -0.10556    -0.99346    -1.00451    -0.99345     0.00000     0.00000     0.00000     0.00000     0.00000    -3.09698
     0.94825    -0.10580    -0.99350    -1.00478    -0.99350     0.00000     0.00000     0.00000     0.00000     0.00000    -3.09757
     1.07325    -0.10607    -0.99354    -1.00505    -0.99353     0.00000     0.00000     0.00000     0.00000     0.00000    -3.09819
     1.19825    -0.10632    -0.99357    -1.00527    -0.99357     0.00000     0.00000     0.00000     0.00000     0.00000    -3.09873
     1.32325    -0.10654    -0.99360    -1.00544    -0.99360     0.00000     0.00000     0.00000     0.00000     0.00000    -3.09918
     1.44725    -0.10669    -0.99364    -1.00556    -0.99363     0.00000     0.00000     0.00000     0.00000     0.00000    -3.09951
     1.57225    -0.10679    -0.99369    -1.00563    -0.99368     0.00000     0.00000     0.00000     0.00000     0.00000    -3.09979
     1.69725    -0.10692    -0.99379    -1.00569    -0.99378     0.00000     0.00000     0.00000     0.00000     0.00000    -3.10018
     1.82225    -0.10729    -0.99453    -1.00577    -0.99453     0.00000     0.00000     0.00000     0.00000     0.00000    -3.10213
     1.94725    -0.10862    -0.99639    -1.00593    -0.99639     0.00000     0.00000     0.00000     0.00000     0.00000    -3.10732
     2.07225    -0.11118    -0.99834    -1.00614    -0.99834     0.00000     0.00000     0.00000     0.00000     0.00000    -3.11399
     2.19725    -0.11371    -1.00013    -1.00632    -1.00013     0.00000     0.00000     0.00000     0.00000     0.00000    -3.12028
     2.32125    -0.11699    -1.00308    -1.00652    -1.00309     0.00000     0.00000     0.00000     0.00000     0.00000    -3.12968
     2.44625    -0.12316    -1.00671    -1.00675    -1.00672     0.00000     0.00000     0.00000     0.00000     0.00000    -3.14334
     2.57125    -0.12900    -1.00892    -1.00696    -1.00892     0.00000     0.00000     0.00000     0.00000     0.00000    -3.15379
     2.69625    -0.13117    -1.00965    -1.00733    -1.00965     0.00000     0.00000     0.00000     0.00000     0.00000    -3.15779
     2.82125    -0.13163    -1.01025    -1.00823    -1.01025     0.00000     0.00000     0.00000     0.00000     0.00000    -3.16035
     2.94625    -0.13334    -1.01123    -1.00951    -1.01123     0.00000     0.00000     0.00000     0.00000     0.00000    -3.16531
     3.07125    -0.13715    -1.01239    -1.01054    -1.01239     0.00000     0.00000     0.00000     0.00000     0.00000    -3.17246
     3.19525    -0.14087    -1.01345    -1.01125    -1.01345     0.00000     0.00000     0.00000     0.00000     0.00000    -3.17902
     3.32025    -0.14392    -1.01471    -1.01185    -1.01470     0.00000     0.00000     0.00000     0.00000     0.00000    -3.18518
     3.44525    -0.14806    -1.01620    -1.01232    -1.01619     0.00000     0.00000     0.00000     0.00000     0.00000    -3.19277
     3.57025    -0.15208    -1.01758    -1.01276    -1.01758     0.00000     0.00000     0.00000     0.00000     0.00000    -3.20000
     3.69525    -0.15467    -1.01905    -1.01344    -1.01905     0.00000     0.00000     0.00000     0.00000     0.00000    -3.20621
     3.82025    -0.15680    -1.02090    -1.01422    -1.02090     0.00000     0.00000     0.00000     0.00000     0.00000    -3.21283
     3.94525    -0.15938    -1.02277    -1.01508    -1.02277     0.00000     0.00000     0.00000     0.00000     0.00000    -3.22000
     4.06925    -0.16212    -1.02433    -1.01623    -1.02432     0.00000     0.00000     0.00000     0.00000     0.00000    -3.22700
     4.19425    -0.16468    -1.02581    -1.01746    -1.02580     0.00000     0.00000     0.00000     0.00000     0.00000    -3.23375
     4.31925    -0.16757    -1.02739    -1.01867    -1.02738     0.00000     0.00000     0.00000     0.00000     0.00000    -3.24101
     4.44425    -0.17054    -1.02893    -1.02005    -1.02892     0.00000     0.00000     0.00000     0.00000     0.00000    -3.24845
     4.56925    -0.17340    -1.03030    -1.02126    -1.03029     0.00000     0.00000     0.00000     0.00000     0.00000    -3.25525
     4.69425    -0.17639    -1.03152    -1.02212    -1.03150     0.00000     0.00000     0.00000     0.00000     0.00000    -3.26154
     4.81925    -0.17913    -1.03294    -1.02286    -1.03293     0.00000     0.00000     0.00000     0.00000     0.00000    -3.26785
     4.94325    -0.18150    -1.03472    -1.02367    -1.03471     0.00000     0.00000     0.00000     0.00000     0.00000    -3.27459
     5.06825    -0.18384    -1.03649    -1.02460    -1.03648     0.00000     0.00000     0.00000     0.00000     0.00000    -3.28141
     5.19325    -0.18630    -1.03798    -1.02560    -1.03797     0.00000     0.00000     0.00000     0.00000     0.00000    -3.28786
     5.31825    -0.18908    -1.03940    -1.02662    -1.03939     0.00000     0.00000     0.00000     0.00000     0.00000    -3.29450
     5.44325    -0.19224    -1.04101    -1.02761    -1.04099     0.00000     0.00000     0.00000     0.00000     0.00000    -3.30185
     5.56825    -0.19543    -1.04280    -1.02868    -1.04279     0.00000     0.00000     0.00000     0.00000     0.00000    -3.30970
     5.69325    -0.19822    -1.04462    -1.02978    -1.04461     0.00000     0.00000     0.00000     0.00000     0.00000    -3.31722
     5.81825    -0.20093    -1.04623    -1.03091    -1.04621     0.00000     0.00000     0.00000     0.00000     0.00000    -3.32427
     5.94225    -0.20397    -1.04773    -1.03227    -1.04771     0.00000     0.00000     0.00000     0.00000     0.00000    -3.33167
     6.06725    -0.20720    -1.04936    -1.03376    -1.04934     0.00000     0.00000     0.00000     0.00000     0.00000    -3.33967
     6.19225    -0.21026    -1.05107    -1.03525    -1.05105     0.00000     0.00000     0.00000     0.00000     0.00000    -3.34764
     6.31725    -0.21275    -1.05281    -1.03695    -1.05279     0.00000     0.00000     0.00000     0.00000     0.00000    -3.35530
     6.44225    -0.21539    -1.05459    -1.03927    -1.05457     0.00000     0.00000     0.00000     0.00000     0.00000    -3.36383
     6.56725    -0.21844    -1.05640    -1.04198    -1.05637     0.00000     0.00000     0.00000     0.00000     0.00000    -3.37319
     6.69225    -0.22151    -1.05818    -1.04439    -1.05811     0.00000     0.00000     0.00000     0.00000     0.00000    -3.38219
     6.81625    -0.22418    -1.05984    -1.04591    -1.05975     0.00000     0.00000     0.00000     0.00000     0.00000    -3.38969
     6.94125    -0.22570    -1.06102    -1.04650    -1.06093     0.00000     0.00000     0.00000     0.00000     0.00000    -3.39415
     7.06625    -0.22614    -1.06147    -1.04663    -1.06138     0.00000     0.00000     0.00000     0.00000     0.00000    -3.39563
     7.19125    -0.22618    -1.06154    -1.04665    -1.06145     0.00000     0.00000     0.00000     0.00000     0.00000    -3.39582
     7.31625    -0.22618    -1.06154    -1.04665    -1.06145     0.00000     0.00000     0.00000     0.00000     0.00000    -3.39583
     7.44125    -0.22618    -1.06154    -1.04665    -1.06145     0.00000     0.00000     0.00000     0.00000     0.00000    -3.39583
     7.56625    -0.22618    -1.06154    -1.04665    -1.06145     0.00000     0.00000     0.00000     0.00000     0.00000    -3.39583
     7.69025    -0.22618    -1.06154    -1.04665    -1.06145     0.00000     0.00000     0.00000     0.00000     0.00000    -3.39583
     7.81525    -0.22618    -1.06154    -1.04665    -1.06145     0.00000     0.00000     0.00000     0.00000     0.00000    -3.39583
     7.94025    -0.22618    -1.06154    -1.04665    -1.06145     0.00000     0.00000     0.00000     0.00000     0.00000    -3.39583
     8.06525    -0.22618    -1.06154    -1.04665    -1.06145     0.00000     0.00000     0.00000     0.00000     0.00000    -3.39583
     8.19025    -0.22618    -1.06154    -1.04665    -1.06145     0.00000     0.00000     0.00000     0.00000     0.00000    -3.39583
     8.31525    -0.22618    -1.06154    -1.04665    -1.06145     0.00000     0.00000     0.00000     0.00000     0.00000    -3.39583
     8.44025    -0.22618    -1.06154    -1.04665    -1.06145     0.00000     0.00000     0.00000     0.00000     0.00000    -3.39583
     8.56425    -0.22618    -1.06154    -1.04665    -1.06145     0.00000     0.00000     0.00000     0.00000     0.00000    -3.39583
     8.68925    -0.22618    -1.06154    -1.04665    -1.06145     0.00000     0.00000     0.00000     0.00000     0.00000    -3.39583
     8.81425    -0.22618    -1.06154    -1.04665    -1.06145     0.00000     0.00000     0.00000     0.00000     0.00000    -3.39583
     8.93925    -0.22618    -1.06154    -1.04665    -1.06145     0.00000     0.00000     0.00000     0.00000     0.00000    -3.39583
