      #Energy        TDOS-UP        TDOS-DOWN
     -28.51875       0.00000       0.00000
     -28.39375       0.00000       0.00000
     -28.26875       0.00000       0.00000
     -28.14475       0.00000       0.00000
     -28.01975       0.00000       0.00000
     -27.89475       0.00000       0.00000
     -27.76975       0.00000       0.00000
     -27.64475       0.00000       0.00000
     -27.51975       0.00000       0.00000
     -27.39475       0.00000      -0.00000
     -27.27075       0.00000      -0.00000
     -27.14575       0.00000      -0.00000
     -27.02075       0.00080      -0.00278
     -26.89575       0.09924      -0.19434
     -26.77075       0.99911      -1.29399
     -26.64575       2.36790      -2.58979
     -26.52075       2.96700      -2.98722
     -26.39675       2.99966      -2.99973
     -26.27175       2.99978      -2.99976
     -26.14675       2.99978      -2.99976
     -26.02175       2.99978      -2.99976
     -25.89675       2.99978      -2.99976
     -25.77175       2.99978      -2.99976
     -25.64675       2.99978      -2.99976
     -25.52275       2.99978      -2.99976
     -25.39775       2.99978      -2.99976
     -25.27275       2.99978      -2.99976
     -25.14775       2.99978      -2.99976
     -25.02275       2.99978      -2.99976
     -24.89775       2.99978      -2.99976
     -24.77275       2.99978      -2.99976
     -24.64875       2.99978      -2.99976
     -24.52375       2.99978      -2.99976
     -24.39875       2.99978      -2.99976
     -24.27375       2.99978      -2.99976
     -24.14875       2.99978      -2.99976
     -24.02375       2.99978      -2.99976
     -23.89875       2.99978      -2.99976
     -23.77375       2.99978      -2.99976
     -23.64975       2.99978      -2.99976
     -23.52475       2.99978      -2.99976
     -23.39975       2.99978      -2.99976
     -23.27475       2.99978      -2.99976
     -23.14975       2.99978      -2.99976
     -23.02475       2.99978      -2.99976
     -22.89975       2.99978      -2.99976
     -22.77575       2.99978      -2.99976
     -22.65075       2.99978      -2.99976
     -22.52575       2.99978      -2.99976
     -22.40075       2.99978      -2.99976
     -22.27575       2.99978      -2.99976
     -22.15075       2.99978      -2.99976
     -22.02575       2.99978      -2.99976
     -21.90175       2.99978      -2.99976
     -21.77675       2.99978      -2.99976
     -21.65175       2.99978      -2.99976
     -21.52675       2.99978      -2.99976
     -21.40175       2.99978      -2.99976
     -21.27675       2.99978      -2.99976
     -21.15175       2.99978      -2.99976
     -21.02775       2.99978      -2.99976
     -20.90275       2.99978      -2.99976
     -20.77775       2.99978      -2.99976
     -20.65275       2.99978      -2.99976
     -20.52775       2.99978      -2.99977
     -20.40275       3.00169      -3.00172
     -20.27775       3.04326      -3.04381
     -20.15375       3.21166      -3.21312
     -20.02875       3.50308      -3.50517
     -19.90375       3.81299      -3.81489
     -19.77875       4.09224      -4.09364
     -19.65375       4.38129      -4.38263
     -19.52875       4.69357      -4.69491
     -19.40375       5.00360      -5.00487
     -19.27975       5.31344      -5.31472
     -19.15475       5.62372      -5.62500
     -19.02975       5.93431      -5.93559
     -18.90475       6.24540      -6.24668
     -18.77975       6.55724      -6.55852
     -18.65475       6.86970      -6.87098
     -18.52975       7.18267      -7.18395
     -18.40475       7.49626      -7.49753
     -18.28075       7.81047      -7.81175
     -18.15575       8.12537      -8.12664
     -18.03075       8.44095      -8.44223
     -17.90575       8.75723      -8.75850
     -17.78075       9.07425      -9.07552
     -17.65575       9.39208      -9.39336
     -17.53075       9.71085      -9.71213
     -17.40675      10.03062     -10.03190
     -17.28175      10.35132     -10.35260
     -17.15675      10.67290     -10.67418
     -17.03175      10.99529     -10.99657
     -16.90675      11.31831     -11.31959
     -16.78175      11.64282     -11.64410
     -16.65675      11.96908     -11.97036
     -16.53275      12.29641     -12.29768
     -16.40775      12.62560     -12.62688
     -16.28275      12.95723     -12.95851
     -16.15775      13.29042     -13.29176
     -16.03275      13.62567     -13.62708
     -15.90775      13.96492     -13.96632
     -15.78275      14.30791     -14.30938
     -15.65875      14.65347     -14.65499
     -15.53375      15.00364     -15.00510
     -15.40875      15.36224     -15.36370
     -15.28375      15.73183     -15.73342
     -15.15875      16.12389     -16.12567
     -15.03375      16.56128     -16.56330
     -14.90875      17.00859     -17.01055
     -14.78475      17.38804     -17.38957
     -14.65975      17.68908     -17.69030
     -14.53475      17.93887     -17.93996
     -14.40975      18.15169     -18.15266
     -14.28475      18.33605     -18.33689
     -14.15975      18.49337     -18.49415
     -14.03475      18.63559     -18.63643
     -13.90975      18.82556     -18.82665
     -13.78575      19.10457     -19.10591
     -13.66075      19.42758     -19.42898
     -13.53575      19.75572     -19.75712
     -13.41075      20.08597     -20.08737
     -13.28575      20.42778     -20.42924
     -13.16075      20.81691     -20.81868
     -13.03575      21.26797     -21.26993
     -12.91175      21.71940     -21.72118
     -12.78675      22.12720     -22.12879
     -12.66175      22.50309     -22.50462
     -12.53675      22.85969     -22.86116
     -12.41175      23.20500     -23.20640
     -12.28675      23.53937     -23.54071
     -12.16175      23.86295     -23.86423
     -12.03775      24.17697     -24.17825
     -11.91275      24.48201     -24.48329
     -11.78775      24.77899     -24.78027
     -11.66275      25.06848     -25.06970
     -11.53775      25.35098     -25.35213
     -11.41275      25.62786     -25.62901
     -11.28775      25.91104     -25.91226
     -11.16375      26.22625     -26.22759
     -11.03875      26.57374     -26.57514
     -10.91375      26.93178     -26.93312
     -10.78875      27.29263     -27.29390
     -10.66375      27.65516     -27.65644
     -10.53875      28.01975     -28.02103
     -10.41375      28.38847     -28.38974
     -10.28975      28.75968     -28.76096
     -10.16475      29.13220     -29.13342
     -10.03975      29.51003     -29.51118
      -9.91475      29.89135     -29.89251
      -9.78975      30.27449     -30.27558
      -9.66475      30.66231     -30.66334
      -9.53975      31.05331     -31.05434
      -9.41475      31.44924     -31.45027
      -9.29075      31.85086     -31.85189
      -9.16575      32.25634     -32.25731
      -9.04075      32.66832     -32.66922
      -8.91575      33.08592     -33.08688
      -8.79075      33.50951     -33.51047
      -8.66575      33.94196     -33.94293
      -8.54075      34.39146     -34.39305
      -8.41675      34.92037     -34.92434
      -8.29175      35.58532     -35.59203
      -8.16675      36.34042     -36.34881
      -8.04175      37.08128     -37.08817
      -7.91675      37.75796     -37.76205
      -7.79175      38.47703     -38.48131
      -7.66675      39.28345     -39.28847
      -7.54275      40.11652     -40.12160
      -7.41775      40.98193     -40.98714
      -7.29275      41.90858     -41.91398
      -7.16775      42.94799     -42.95370
      -7.04275      44.05800     -44.06377
      -6.91775      45.08891     -45.09437
      -6.79275      45.99796     -46.00324
      -6.66875      46.83909     -46.84430
      -6.54375      47.63988     -47.64503
      -6.41875      48.40615     -48.41124
      -6.29375      49.14358     -49.14854
      -6.16875      49.85866     -49.86356
      -6.04375      50.55282     -50.55766
      -5.91875      51.22913     -51.23390
      -5.79475      51.89077     -51.89554
      -5.66975      52.53786     -52.54270
      -5.54475      53.17278     -53.17761
      -5.41975      53.79558     -53.80036
      -5.29475      54.40621     -54.41099
      -5.16975      55.00698     -55.01182
      -5.04475      55.60082     -55.60578
      -4.92075      56.19066     -56.19575
      -4.79575      56.77595     -56.78110
      -4.67075      57.34981     -57.35483
      -4.54575      57.91343     -57.91833
      -4.42075      58.47574     -58.48064
      -4.29575      59.03880     -59.04382
      -4.17075      59.60099     -59.60613
      -4.04575      60.16305     -60.16826
      -3.92175      60.72623     -60.73163
      -3.79675      61.27088     -61.27640
      -3.67175      61.74641     -61.75199
      -3.54675      62.15520     -62.16091
      -3.42175      62.55657     -62.56253
      -3.29675      62.97329     -62.97937
      -3.17175      63.45219     -63.45884
      -3.04775      63.98741     -63.99393
      -2.92275      64.46226     -64.46734
      -2.79775      64.83759     -64.84167
      -2.67275      65.15024     -65.15376
      -2.54775      65.42125     -65.42415
      -2.42275      65.66342     -65.66594
      -2.29775      65.87992     -65.88233
      -2.17375      66.07084     -66.07293
      -2.04875      66.23984     -66.24161
      -1.92375      66.38761     -66.38914
      -1.79875      66.51603     -66.51727
      -1.67375      66.62885     -66.62983
      -1.54875      66.72596     -66.72675
      -1.42375      66.80689     -66.80746
      -1.29975      66.87314     -66.87347
      -1.17475      66.92518     -66.92529
      -1.04975      66.96283     -66.96274
      -0.92475      66.98644     -66.98613
      -0.79975      66.99854     -66.99811
      -0.67475      67.00853     -67.00817
      -0.54975      67.02797     -67.02781
      -0.42575      67.06194     -67.06203
      -0.30075      67.11134     -67.11169
      -0.17575      67.17698     -67.17845
      -0.05075      67.26075     -67.31728
       0.07425      67.36476     -67.76447
       0.19925      67.49020     -68.32859
       0.32425      67.64172     -68.63656
       0.44925      67.83008     -68.83184
       0.57325      68.09216     -69.07263
       0.69825      68.64804     -69.39471
       0.82325      69.57488     -69.87992
       0.94825      70.43761     -70.48194
       1.07325      71.00841     -71.01884
       1.19825      71.44885     -71.45598
       1.32325      71.82156     -71.82669
       1.44725      72.14670     -72.15070
       1.57225      72.47259     -72.47678
       1.69725      72.79773     -72.81234
       1.82225      73.10282     -73.25585
       1.94725      73.39306     -73.90893
       2.07225      73.68118     -74.58805
       2.19725      74.08154     -75.19831
       2.32125      74.67413     -75.96795
       2.44625      75.28090     -76.88536
       2.57125      75.80618     -77.58583
       2.69625      76.38953     -78.01729
       2.82125      77.10093     -78.51311
       2.94625      77.85528     -79.26765
       3.07125      78.62005     -80.13724
       3.19525      79.40442     -80.97618
       3.32025      80.22414     -81.86793
       3.44525      81.07238     -82.84166
       3.57025      81.92430     -83.79035
       3.69525      82.83878     -84.76027
       3.82025      83.79565     -85.83489
       3.94525      84.77431     -86.94671
       4.06925      85.82102     -88.04499
       4.19425      86.93509     -89.13889
       4.31925      88.07020     -90.32857
       4.44425      89.19307     -91.60652
       4.56925      90.38294     -92.82641
       4.69425      91.65839     -94.00796
       4.81925      92.88958     -95.26756
       4.94325      94.05977     -96.61231
       5.06825      95.29671     -97.93521
       5.19325      96.64333     -99.20942
       5.31825      98.00869    -100.51671
       5.44325      99.33408    -101.84148
       5.56825     100.57077    -103.14565
       5.69325     101.80183    -104.46606
       5.81825     103.13035    -105.84202
       5.94225     104.48946    -107.24858
       6.06725     105.83421    -108.66950
       6.19225     107.22079    -110.14036
       6.31725     108.69040    -111.65679
       6.44225     110.19185    -113.27311
       6.56725     111.78445    -115.02117
       6.69225     113.65362    -116.85912
       6.81625     115.66450    -118.54723
       6.94125     117.55552    -119.59994
       7.06625     119.04636    -119.95058
       7.19125     119.79665    -119.99799
       7.31625     119.98089    -119.99954
       7.44125     120.00076    -119.99955
       7.56625     120.00173    -119.99955
       7.69025     120.00174    -119.99955
       7.81525     120.00174    -119.99955
       7.94025     120.00174    -119.99955
       8.06525     120.00174    -119.99955
       8.19025     120.00174    -119.99955
       8.31525     120.00174    -119.99955
       8.44025     120.00174    -119.99955
       8.56425     120.00174    -119.99955
       8.68925     120.00174    -119.99955
       8.81425     120.00174    -119.99955
       8.93925     120.00174    -119.99955
