     #Energy           s          py          pz          px         dxy         dyz         dz2         dxz         dx2       tot  
   -28.51875     0.00000     0.00000     0.00000     0.00000     0.00000     0.00000     0.00000     0.00000     0.00000     0.00000
   -28.39375     0.00000     0.00000     0.00000     0.00000     0.00000     0.00000     0.00000     0.00000     0.00000     0.00000
   -28.26875     0.00000     0.00000     0.00000     0.00000     0.00000     0.00000     0.00000     0.00000     0.00000     0.00000
   -28.14475     0.00000     0.00000     0.00000     0.00000     0.00000     0.00000     0.00000     0.00000     0.00000     0.00000
   -28.01975     0.00000     0.00000     0.00000     0.00000     0.00000     0.00000     0.00000     0.00000     0.00000     0.00000
   -27.89475     0.00000     0.00000     0.00000     0.00000     0.00000     0.00000     0.00000     0.00000     0.00000     0.00000
   -27.76975     0.00000     0.00000     0.00000     0.00000     0.00000     0.00000     0.00000     0.00000     0.00000     0.00000
   -27.64475     0.00000     0.00000     0.00000     0.00000     0.00000     0.00000     0.00000     0.00000     0.00000     0.00000
   -27.51975     0.00000     0.00000     0.00000     0.00000     0.00000     0.00000     0.00000     0.00000     0.00000     0.00000
   -27.39475    -0.00000    -0.00000    -0.00000    -0.00000     0.00000     0.00000     0.00000     0.00000     0.00000    -0.00000
   -27.27075    -0.00000    -0.00000    -0.00000    -0.00000     0.00000     0.00000     0.00000     0.00000     0.00000    -0.00000
   -27.14575    -0.00000    -0.00001    -0.00001    -0.00001     0.00000     0.00000     0.00000     0.00000     0.00000    -0.00004
   -27.02075    -0.00000    -0.01526    -0.01339    -0.01527     0.00000     0.00000     0.00000     0.00000     0.00000    -0.04392
   -26.89575    -0.00002    -1.01900    -0.95290    -1.01900     0.00000     0.00000     0.00000     0.00000     0.00000    -2.99092
   -26.77075    -0.00011    -4.82700    -4.78000    -4.82800     0.00000     0.00000     0.00000     0.00000     0.00000   -14.43511
   -26.64575    -0.00005    -2.00200    -2.09600    -2.00100     0.00000     0.00000     0.00000     0.00000     0.00000    -6.09905
   -26.52075    -0.00000    -0.06356    -0.07081    -0.06351     0.00000     0.00000     0.00000     0.00000     0.00000    -0.19788
   -26.39675    -0.00000    -0.00012    -0.00014    -0.00012     0.00000     0.00000     0.00000     0.00000     0.00000    -0.00038
   -26.27175    -0.00000    -0.00000    -0.00000    -0.00000     0.00000     0.00000     0.00000     0.00000     0.00000    -0.00000
   -26.14675    -0.00000    -0.00000    -0.00000    -0.00000     0.00000     0.00000     0.00000     0.00000     0.00000    -0.00000
   -26.02175     0.00000     0.00000     0.00000     0.00000     0.00000     0.00000     0.00000     0.00000     0.00000     0.00000
   -25.89675     0.00000     0.00000     0.00000     0.00000     0.00000     0.00000     0.00000     0.00000     0.00000     0.00000
   -25.77175     0.00000     0.00000     0.00000     0.00000     0.00000     0.00000     0.00000     0.00000     0.00000     0.00000
   -25.64675     0.00000     0.00000     0.00000     0.00000     0.00000     0.00000     0.00000     0.00000     0.00000     0.00000
   -25.52275     0.00000     0.00000     0.00000     0.00000     0.00000     0.00000     0.00000     0.00000     0.00000     0.00000
   -25.39775     0.00000     0.00000     0.00000     0.00000     0.00000     0.00000     0.00000     0.00000     0.00000     0.00000
   -25.27275     0.00000     0.00000     0.00000     0.00000     0.00000     0.00000     0.00000     0.00000     0.00000     0.00000
   -25.14775     0.00000     0.00000     0.00000     0.00000     0.00000     0.00000     0.00000     0.00000     0.00000     0.00000
   -25.02275     0.00000     0.00000     0.00000     0.00000     0.00000     0.00000     0.00000     0.00000     0.00000     0.00000
   -24.89775     0.00000     0.00000     0.00000     0.00000     0.00000     0.00000     0.00000     0.00000     0.00000     0.00000
   -24.77275     0.00000     0.00000     0.00000     0.00000     0.00000     0.00000     0.00000     0.00000     0.00000     0.00000
   -24.64875     0.00000     0.00000     0.00000     0.00000     0.00000     0.00000     0.00000     0.00000     0.00000     0.00000
   -24.52375     0.00000     0.00000     0.00000     0.00000     0.00000     0.00000     0.00000     0.00000     0.00000     0.00000
   -24.39875     0.00000     0.00000     0.00000     0.00000     0.00000     0.00000     0.00000     0.00000     0.00000     0.00000
   -24.27375     0.00000     0.00000     0.00000     0.00000     0.00000     0.00000     0.00000     0.00000     0.00000     0.00000
   -24.14875     0.00000     0.00000     0.00000     0.00000     0.00000     0.00000     0.00000     0.00000     0.00000     0.00000
   -24.02375     0.00000     0.00000     0.00000     0.00000     0.00000     0.00000     0.00000     0.00000     0.00000     0.00000
   -23.89875     0.00000     0.00000     0.00000     0.00000     0.00000     0.00000     0.00000     0.00000     0.00000     0.00000
   -23.77375     0.00000     0.00000     0.00000     0.00000     0.00000     0.00000     0.00000     0.00000     0.00000     0.00000
   -23.64975     0.00000     0.00000     0.00000     0.00000     0.00000     0.00000     0.00000     0.00000     0.00000     0.00000
   -23.52475     0.00000     0.00000     0.00000     0.00000     0.00000     0.00000     0.00000     0.00000     0.00000     0.00000
   -23.39975     0.00000     0.00000     0.00000     0.00000     0.00000     0.00000     0.00000     0.00000     0.00000     0.00000
   -23.27475     0.00000     0.00000     0.00000     0.00000     0.00000     0.00000     0.00000     0.00000     0.00000     0.00000
   -23.14975     0.00000     0.00000     0.00000     0.00000     0.00000     0.00000     0.00000     0.00000     0.00000     0.00000
   -23.02475     0.00000     0.00000     0.00000     0.00000     0.00000     0.00000     0.00000     0.00000     0.00000     0.00000
   -22.89975     0.00000     0.00000     0.00000     0.00000     0.00000     0.00000     0.00000     0.00000     0.00000     0.00000
   -22.77575     0.00000     0.00000     0.00000     0.00000     0.00000     0.00000     0.00000     0.00000     0.00000     0.00000
   -22.65075     0.00000     0.00000     0.00000     0.00000     0.00000     0.00000     0.00000     0.00000     0.00000     0.00000
   -22.52575     0.00000     0.00000     0.00000     0.00000     0.00000     0.00000     0.00000     0.00000     0.00000     0.00000
   -22.40075     0.00000     0.00000     0.00000     0.00000     0.00000     0.00000     0.00000     0.00000     0.00000     0.00000
   -22.27575     0.00000     0.00000     0.00000     0.00000     0.00000     0.00000     0.00000     0.00000     0.00000     0.00000
   -22.15075     0.00000     0.00000     0.00000     0.00000     0.00000     0.00000     0.00000     0.00000     0.00000     0.00000
   -22.02575     0.00000     0.00000     0.00000     0.00000     0.00000     0.00000     0.00000     0.00000     0.00000     0.00000
   -21.90175     0.00000     0.00000     0.00000     0.00000     0.00000     0.00000     0.00000     0.00000     0.00000     0.00000
   -21.77675     0.00000     0.00000     0.00000     0.00000     0.00000     0.00000     0.00000     0.00000     0.00000     0.00000
   -21.65175     0.00000     0.00000     0.00000     0.00000     0.00000     0.00000     0.00000     0.00000     0.00000     0.00000
   -21.52675     0.00000     0.00000     0.00000     0.00000     0.00000     0.00000     0.00000     0.00000     0.00000     0.00000
   -21.40175     0.00000     0.00000     0.00000     0.00000     0.00000     0.00000     0.00000     0.00000     0.00000     0.00000
   -21.27675     0.00000     0.00000     0.00000     0.00000     0.00000     0.00000     0.00000     0.00000     0.00000     0.00000
   -21.15175     0.00000     0.00000     0.00000     0.00000     0.00000     0.00000     0.00000     0.00000     0.00000     0.00000
   -21.02775     0.00000     0.00000     0.00000     0.00000     0.00000     0.00000     0.00000     0.00000     0.00000     0.00000
   -20.90275     0.00000     0.00000     0.00000     0.00000     0.00000     0.00000     0.00000     0.00000     0.00000     0.00000
   -20.77775    -0.00000    -0.00000    -0.00000    -0.00000     0.00000     0.00000     0.00000     0.00000     0.00000    -0.00000
   -20.65275    -0.00000    -0.00000    -0.00000    -0.00000     0.00000     0.00000     0.00000     0.00000     0.00000    -0.00000
   -20.52775    -0.00000    -0.00000    -0.00000    -0.00000     0.00000     0.00000     0.00000     0.00000     0.00000    -0.00000
   -20.40275    -0.00000    -0.00000    -0.00001    -0.00000     0.00000     0.00000     0.00000     0.00000     0.00000    -0.00002
   -20.27775    -0.00007    -0.00000    -0.00028    -0.00000     0.00000     0.00000     0.00000     0.00000     0.00000    -0.00036
   -20.15375    -0.00025    -0.00000    -0.00093    -0.00000     0.00000     0.00000     0.00000     0.00000     0.00000    -0.00118
   -20.02875    -0.00036    -0.00001    -0.00130    -0.00001     0.00000     0.00000     0.00000     0.00000     0.00000    -0.00167
   -19.90375    -0.00036    -0.00001    -0.00129    -0.00001     0.00000     0.00000     0.00000     0.00000     0.00000    -0.00167
   -19.77875    -0.00017    -0.00002    -0.00059    -0.00002     0.00000     0.00000     0.00000     0.00000     0.00000    -0.00079
   -19.65375    -0.00015    -0.00003    -0.00052    -0.00003     0.00000     0.00000     0.00000     0.00000     0.00000    -0.00073
   -19.52875    -0.00017    -0.00003    -0.00056    -0.00003     0.00000     0.00000     0.00000     0.00000     0.00000    -0.00078
   -19.40375    -0.00017    -0.00003    -0.00054    -0.00003     0.00000     0.00000     0.00000     0.00000     0.00000    -0.00076
   -19.27975    -0.00017    -0.00003    -0.00052    -0.00003     0.00000     0.00000     0.00000     0.00000     0.00000    -0.00075
   -19.15475    -0.00016    -0.00003    -0.00049    -0.00003     0.00000     0.00000     0.00000     0.00000     0.00000    -0.00072
   -19.02975    -0.00015    -0.00004    -0.00045    -0.00004     0.00000     0.00000     0.00000     0.00000     0.00000    -0.00068
   -18.90475    -0.00015    -0.00004    -0.00042    -0.00004     0.00000     0.00000     0.00000     0.00000     0.00000    -0.00064
   -18.77975    -0.00014    -0.00004    -0.00040    -0.00004     0.00000     0.00000     0.00000     0.00000     0.00000    -0.00062
   -18.65475    -0.00014    -0.00004    -0.00038    -0.00004     0.00000     0.00000     0.00000     0.00000     0.00000    -0.00060
   -18.52975    -0.00013    -0.00004    -0.00036    -0.00004     0.00000     0.00000     0.00000     0.00000     0.00000    -0.00058
   -18.40475    -0.00013    -0.00005    -0.00034    -0.00005     0.00000     0.00000     0.00000     0.00000     0.00000    -0.00056
   -18.28075    -0.00013    -0.00005    -0.00033    -0.00005     0.00000     0.00000     0.00000     0.00000     0.00000    -0.00055
   -18.15575    -0.00012    -0.00005    -0.00031    -0.00005     0.00000     0.00000     0.00000     0.00000     0.00000    -0.00053
   -18.03075    -0.00012    -0.00005    -0.00030    -0.00005     0.00000     0.00000     0.00000     0.00000     0.00000    -0.00051
   -17.90575    -0.00012    -0.00005    -0.00028    -0.00005     0.00000     0.00000     0.00000     0.00000     0.00000    -0.00050
   -17.78075    -0.00011    -0.00005    -0.00027    -0.00005     0.00000     0.00000     0.00000     0.00000     0.00000    -0.00048
   -17.65575    -0.00011    -0.00005    -0.00026    -0.00005     0.00000     0.00000     0.00000     0.00000     0.00000    -0.00047
   -17.53075    -0.00011    -0.00005    -0.00025    -0.00005     0.00000     0.00000     0.00000     0.00000     0.00000    -0.00045
   -17.40675    -0.00010    -0.00005    -0.00023    -0.00005     0.00000     0.00000     0.00000     0.00000     0.00000    -0.00044
   -17.28175    -0.00010    -0.00005    -0.00022    -0.00005     0.00000     0.00000     0.00000     0.00000     0.00000    -0.00043
   -17.15675    -0.00009    -0.00005    -0.00021    -0.00005     0.00000     0.00000     0.00000     0.00000     0.00000    -0.00041
   -17.03175    -0.00009    -0.00005    -0.00019    -0.00005     0.00000     0.00000     0.00000     0.00000     0.00000    -0.00039
   -16.90675    -0.00009    -0.00005    -0.00019    -0.00005     0.00000     0.00000     0.00000     0.00000     0.00000    -0.00039
   -16.78175    -0.00009    -0.00005    -0.00019    -0.00005     0.00000     0.00000     0.00000     0.00000     0.00000    -0.00038
   -16.65675    -0.00009    -0.00005    -0.00018    -0.00005     0.00000     0.00000     0.00000     0.00000     0.00000    -0.00037
   -16.53275    -0.00008    -0.00005    -0.00017    -0.00005     0.00000     0.00000     0.00000     0.00000     0.00000    -0.00036
   -16.40775    -0.00008    -0.00005    -0.00016    -0.00005     0.00000     0.00000     0.00000     0.00000     0.00000    -0.00035
   -16.28275    -0.00008    -0.00005    -0.00015    -0.00005     0.00000     0.00000     0.00000     0.00000     0.00000    -0.00034
   -16.15775    -0.00007    -0.00006    -0.00014    -0.00006     0.00000     0.00000     0.00000     0.00000     0.00000    -0.00033
   -16.03275    -0.00007    -0.00006    -0.00013    -0.00006     0.00000     0.00000     0.00000     0.00000     0.00000    -0.00032
   -15.90775    -0.00007    -0.00006    -0.00012    -0.00006     0.00000     0.00000     0.00000     0.00000     0.00000    -0.00031
   -15.78275    -0.00006    -0.00006    -0.00011    -0.00006     0.00000     0.00000     0.00000     0.00000     0.00000    -0.00030
   -15.65875    -0.00006    -0.00006    -0.00010    -0.00006     0.00000     0.00000     0.00000     0.00000     0.00000    -0.00029
   -15.53375    -0.00006    -0.00006    -0.00011    -0.00006     0.00000     0.00000     0.00000     0.00000     0.00000    -0.00028
   -15.40875    -0.00006    -0.00006    -0.00010    -0.00006     0.00000     0.00000     0.00000     0.00000     0.00000    -0.00027
   -15.28375    -0.00005    -0.00006    -0.00009    -0.00006     0.00000     0.00000     0.00000     0.00000     0.00000    -0.00027
   -15.15875    -0.00005    -0.00007    -0.00008    -0.00007     0.00000     0.00000     0.00000     0.00000     0.00000    -0.00027
   -15.03375    -0.00004    -0.00008    -0.00007    -0.00008     0.00000     0.00000     0.00000     0.00000     0.00000    -0.00027
   -14.90875    -0.00003    -0.00007    -0.00005    -0.00007     0.00000     0.00000     0.00000     0.00000     0.00000    -0.00023
   -14.78475    -0.00002    -0.00006    -0.00004    -0.00006     0.00000     0.00000     0.00000     0.00000     0.00000    -0.00018
   -14.65975    -0.00002    -0.00005    -0.00003    -0.00005     0.00000     0.00000     0.00000     0.00000     0.00000    -0.00015
   -14.53475    -0.00002    -0.00004    -0.00003    -0.00004     0.00000     0.00000     0.00000     0.00000     0.00000    -0.00012
   -14.40975    -0.00001    -0.00003    -0.00002    -0.00003     0.00000     0.00000     0.00000     0.00000     0.00000    -0.00010
   -14.28475    -0.00001    -0.00003    -0.00002    -0.00003     0.00000     0.00000     0.00000     0.00000     0.00000    -0.00008
   -14.15975    -0.00001    -0.00002    -0.00001    -0.00002     0.00000     0.00000     0.00000     0.00000     0.00000    -0.00007
   -14.03475    -0.00001    -0.00002    -0.00002    -0.00002     0.00000     0.00000     0.00000     0.00000     0.00000    -0.00007
   -13.90975    -0.00005    -0.00002    -0.00009    -0.00002     0.00000     0.00000     0.00000     0.00000     0.00000    -0.00018
   -13.78575    -0.00008    -0.00002    -0.00013    -0.00002     0.00000     0.00000     0.00000     0.00000     0.00000    -0.00025
   -13.66075    -0.00008    -0.00002    -0.00013    -0.00002     0.00000     0.00000     0.00000     0.00000     0.00000    -0.00025
   -13.53575    -0.00008    -0.00002    -0.00014    -0.00002     0.00000     0.00000     0.00000     0.00000     0.00000    -0.00025
   -13.41075    -0.00009    -0.00002    -0.00014    -0.00002     0.00000     0.00000     0.00000     0.00000     0.00000    -0.00026
   -13.28575    -0.00008    -0.00002    -0.00014    -0.00002     0.00000     0.00000     0.00000     0.00000     0.00000    -0.00026
   -13.16075    -0.00008    -0.00003    -0.00013    -0.00003     0.00000     0.00000     0.00000     0.00000     0.00000    -0.00028
   -13.03575    -0.00008    -0.00004    -0.00012    -0.00004     0.00000     0.00000     0.00000     0.00000     0.00000    -0.00028
   -12.91175    -0.00007    -0.00003    -0.00011    -0.00003     0.00000     0.00000     0.00000     0.00000     0.00000    -0.00024
   -12.78675    -0.00006    -0.00003    -0.00009    -0.00003     0.00000     0.00000     0.00000     0.00000     0.00000    -0.00021
   -12.66175    -0.00005    -0.00003    -0.00008    -0.00003     0.00000     0.00000     0.00000     0.00000     0.00000    -0.00018
   -12.53675    -0.00004    -0.00003    -0.00006    -0.00003     0.00000     0.00000     0.00000     0.00000     0.00000    -0.00016
   -12.41175    -0.00004    -0.00003    -0.00006    -0.00003     0.00000     0.00000     0.00000     0.00000     0.00000    -0.00015
   -12.28675    -0.00003    -0.00003    -0.00005    -0.00003     0.00000     0.00000     0.00000     0.00000     0.00000    -0.00014
   -12.16175    -0.00003    -0.00003    -0.00005    -0.00003     0.00000     0.00000     0.00000     0.00000     0.00000    -0.00013
   -12.03775    -0.00003    -0.00002    -0.00005    -0.00002     0.00000     0.00000     0.00000     0.00000     0.00000    -0.00013
   -11.91275    -0.00003    -0.00002    -0.00004    -0.00002     0.00000     0.00000     0.00000     0.00000     0.00000    -0.00012
   -11.78775    -0.00003    -0.00002    -0.00004    -0.00002     0.00000     0.00000     0.00000     0.00000     0.00000    -0.00011
   -11.66275    -0.00003    -0.00002    -0.00004    -0.00002     0.00000     0.00000     0.00000     0.00000     0.00000    -0.00011
   -11.53775    -0.00003    -0.00002    -0.00004    -0.00002     0.00000     0.00000     0.00000     0.00000     0.00000    -0.00011
   -11.41275    -0.00003    -0.00002    -0.00004    -0.00002     0.00000     0.00000     0.00000     0.00000     0.00000    -0.00011
   -11.28775    -0.00004    -0.00002    -0.00005    -0.00002     0.00000     0.00000     0.00000     0.00000     0.00000    -0.00013
   -11.16375    -0.00005    -0.00002    -0.00008    -0.00002     0.00000     0.00000     0.00000     0.00000     0.00000    -0.00017
   -11.03875    -0.00005    -0.00002    -0.00008    -0.00002     0.00000     0.00000     0.00000     0.00000     0.00000    -0.00017
   -10.91375    -0.00005    -0.00002    -0.00008    -0.00002     0.00000     0.00000     0.00000     0.00000     0.00000    -0.00017
   -10.78875    -0.00005    -0.00002    -0.00008    -0.00002     0.00000     0.00000     0.00000     0.00000     0.00000    -0.00017
   -10.66375    -0.00005    -0.00002    -0.00007    -0.00002     0.00000     0.00000     0.00000     0.00000     0.00000    -0.00016
   -10.53875    -0.00005    -0.00002    -0.00007    -0.00002     0.00000     0.00000     0.00000     0.00000     0.00000    -0.00016
   -10.41375    -0.00005    -0.00002    -0.00007    -0.00002     0.00000     0.00000     0.00000     0.00000     0.00000    -0.00016
   -10.28975    -0.00005    -0.00002    -0.00007    -0.00002     0.00000     0.00000     0.00000     0.00000     0.00000    -0.00016
   -10.16475    -0.00005    -0.00002    -0.00007    -0.00002     0.00000     0.00000     0.00000     0.00000     0.00000    -0.00015
   -10.03975    -0.00005    -0.00002    -0.00007    -0.00002     0.00000     0.00000     0.00000     0.00000     0.00000    -0.00016
    -9.91475    -0.00005    -0.00002    -0.00007    -0.00002     0.00000     0.00000     0.00000     0.00000     0.00000    -0.00015
    -9.78975    -0.00005    -0.00002    -0.00007    -0.00002     0.00000     0.00000     0.00000     0.00000     0.00000    -0.00016
    -9.66475    -0.00004    -0.00002    -0.00006    -0.00002     0.00000     0.00000     0.00000     0.00000     0.00000    -0.00015
    -9.53975    -0.00004    -0.00002    -0.00006    -0.00002     0.00000     0.00000     0.00000     0.00000     0.00000    -0.00014
    -9.41475    -0.00004    -0.00002    -0.00006    -0.00002     0.00000     0.00000     0.00000     0.00000     0.00000    -0.00014
    -9.29075    -0.00004    -0.00002    -0.00006    -0.00002     0.00000     0.00000     0.00000     0.00000     0.00000    -0.00014
    -9.16575    -0.00004    -0.00002    -0.00006    -0.00002     0.00000     0.00000     0.00000     0.00000     0.00000    -0.00014
    -9.04075    -0.00004    -0.00002    -0.00005    -0.00002     0.00000     0.00000     0.00000     0.00000     0.00000    -0.00014
    -8.91575    -0.00004    -0.00002    -0.00005    -0.00002     0.00000     0.00000     0.00000     0.00000     0.00000    -0.00014
    -8.79075    -0.00004    -0.00002    -0.00005    -0.00002     0.00000     0.00000     0.00000     0.00000     0.00000    -0.00014
    -8.66575    -0.00005    -0.00002    -0.00006    -0.00002     0.00000     0.00000     0.00000     0.00000     0.00000    -0.00015
    -8.54075    -0.00036    -0.00002    -0.00019    -0.00002     0.00000     0.00000     0.00000     0.00000     0.00000    -0.00060
    -8.41675    -0.00254    -0.00003    -0.00112    -0.00003     0.00000     0.00000     0.00000     0.00000     0.00000    -0.00372
    -8.29175    -0.00497    -0.00004    -0.00216    -0.00004     0.00000     0.00000     0.00000     0.00000     0.00000    -0.00722
    -8.16675    -0.00695    -0.00005    -0.00301    -0.00005     0.00000     0.00000     0.00000     0.00000     0.00000    -0.01006
    -8.04175    -0.00601    -0.00004    -0.00260    -0.00004     0.00000     0.00000     0.00000     0.00000     0.00000    -0.00868
    -7.91675    -0.00148    -0.00009    -0.00065    -0.00009     0.00000     0.00000     0.00000     0.00000     0.00000    -0.00231
    -7.79175    -0.00144    -0.00018    -0.00064    -0.00018     0.00000     0.00000     0.00000     0.00000     0.00000    -0.00244
    -7.66675    -0.00218    -0.00019    -0.00096    -0.00019     0.00000     0.00000     0.00000     0.00000     0.00000    -0.00352
    -7.54275    -0.00224    -0.00020    -0.00098    -0.00020     0.00000     0.00000     0.00000     0.00000     0.00000    -0.00361
    -7.41775    -0.00221    -0.00021    -0.00096    -0.00021     0.00000     0.00000     0.00000     0.00000     0.00000    -0.00360
    -7.29275    -0.00218    -0.00023    -0.00095    -0.00023     0.00000     0.00000     0.00000     0.00000     0.00000    -0.00359
    -7.16775    -0.00217    -0.00024    -0.00094    -0.00024     0.00000     0.00000     0.00000     0.00000     0.00000    -0.00360
    -7.04275    -0.00204    -0.00026    -0.00088    -0.00027     0.00000     0.00000     0.00000     0.00000     0.00000    -0.00345
    -6.91775    -0.00183    -0.00028    -0.00079    -0.00028     0.00000     0.00000     0.00000     0.00000     0.00000    -0.00318
    -6.79275    -0.00171    -0.00031    -0.00073    -0.00031     0.00000     0.00000     0.00000     0.00000     0.00000    -0.00306
    -6.66875    -0.00179    -0.00032    -0.00077    -0.00032     0.00000     0.00000     0.00000     0.00000     0.00000    -0.00319
    -6.54375    -0.00174    -0.00033    -0.00074    -0.00033     0.00000     0.00000     0.00000     0.00000     0.00000    -0.00314
    -6.41875    -0.00170    -0.00034    -0.00073    -0.00034     0.00000     0.00000     0.00000     0.00000     0.00000    -0.00311
    -6.29375    -0.00166    -0.00035    -0.00071    -0.00035     0.00000     0.00000     0.00000     0.00000     0.00000    -0.00307
    -6.16875    -0.00161    -0.00037    -0.00069    -0.00037     0.00000     0.00000     0.00000     0.00000     0.00000    -0.00303
    -6.04375    -0.00156    -0.00038    -0.00066    -0.00038     0.00000     0.00000     0.00000     0.00000     0.00000    -0.00299
    -5.91875    -0.00151    -0.00040    -0.00064    -0.00040     0.00000     0.00000     0.00000     0.00000     0.00000    -0.00296
    -5.79475    -0.00145    -0.00042    -0.00062    -0.00042     0.00000     0.00000     0.00000     0.00000     0.00000    -0.00291
    -5.66975    -0.00137    -0.00045    -0.00058    -0.00045     0.00000     0.00000     0.00000     0.00000     0.00000    -0.00285
    -5.54475    -0.00126    -0.00049    -0.00053    -0.00049     0.00000     0.00000     0.00000     0.00000     0.00000    -0.00276
    -5.41975    -0.00131    -0.00047    -0.00056    -0.00047     0.00000     0.00000     0.00000     0.00000     0.00000    -0.00280
    -5.29475    -0.00142    -0.00044    -0.00060    -0.00044     0.00000     0.00000     0.00000     0.00000     0.00000    -0.00291
    -5.16975    -0.00132    -0.00047    -0.00056    -0.00048     0.00000     0.00000     0.00000     0.00000     0.00000    -0.00283
    -5.04475    -0.00125    -0.00050    -0.00053    -0.00050     0.00000     0.00000     0.00000     0.00000     0.00000    -0.00279
    -4.92075    -0.00119    -0.00054    -0.00050    -0.00054     0.00000     0.00000     0.00000     0.00000     0.00000    -0.00276
    -4.79575    -0.00109    -0.00058    -0.00046    -0.00058     0.00000     0.00000     0.00000     0.00000     0.00000    -0.00272
    -4.67075    -0.00105    -0.00056    -0.00044    -0.00056     0.00000     0.00000     0.00000     0.00000     0.00000    -0.00260
    -4.54575    -0.00116    -0.00052    -0.00048    -0.00052     0.00000     0.00000     0.00000     0.00000     0.00000    -0.00269
    -4.42075    -0.00115    -0.00055    -0.00048    -0.00055     0.00000     0.00000     0.00000     0.00000     0.00000    -0.00273
    -4.29575    -0.00108    -0.00058    -0.00045    -0.00058     0.00000     0.00000     0.00000     0.00000     0.00000    -0.00268
    -4.17075    -0.00101    -0.00060    -0.00042    -0.00061     0.00000     0.00000     0.00000     0.00000     0.00000    -0.00264
    -4.04575    -0.00096    -0.00065    -0.00040    -0.00065     0.00000     0.00000     0.00000     0.00000     0.00000    -0.00266
    -3.92175    -0.00088    -0.00070    -0.00036    -0.00070     0.00000     0.00000     0.00000     0.00000     0.00000    -0.00265
    -3.79675    -0.00078    -0.00077    -0.00032    -0.00077     0.00000     0.00000     0.00000     0.00000     0.00000    -0.00265
    -3.67175    -0.00065    -0.00091    -0.00027    -0.00091     0.00000     0.00000     0.00000     0.00000     0.00000    -0.00274
    -3.54675    -0.00050    -0.00100    -0.00021    -0.00100     0.00000     0.00000     0.00000     0.00000     0.00000    -0.00271
    -3.42175    -0.00059    -0.00090    -0.00024    -0.00090     0.00000     0.00000     0.00000     0.00000     0.00000    -0.00264
    -3.29675    -0.00066    -0.00079    -0.00027    -0.00079     0.00000     0.00000     0.00000     0.00000     0.00000    -0.00250
    -3.17175    -0.00060    -0.00072    -0.00024    -0.00072     0.00000     0.00000     0.00000     0.00000     0.00000    -0.00229
    -3.04775    -0.00050    -0.00076    -0.00020    -0.00076     0.00000     0.00000     0.00000     0.00000     0.00000    -0.00221
    -2.92275    -0.00042    -0.00063    -0.00017    -0.00063     0.00000     0.00000     0.00000     0.00000     0.00000    -0.00185
    -2.79775    -0.00035    -0.00053    -0.00014    -0.00054     0.00000     0.00000     0.00000     0.00000     0.00000    -0.00156
    -2.67275    -0.00029    -0.00047    -0.00011    -0.00047     0.00000     0.00000     0.00000     0.00000     0.00000    -0.00134
    -2.54775    -0.00025    -0.00041    -0.00010    -0.00041     0.00000     0.00000     0.00000     0.00000     0.00000    -0.00116
    -2.42275    -0.00020    -0.00036    -0.00008    -0.00036     0.00000     0.00000     0.00000     0.00000     0.00000    -0.00098
    -2.29775    -0.00015    -0.00035    -0.00006    -0.00035     0.00000     0.00000     0.00000     0.00000     0.00000    -0.00091
    -2.17375    -0.00012    -0.00033    -0.00005    -0.00033     0.00000     0.00000     0.00000     0.00000     0.00000    -0.00082
    -2.04875    -0.00009    -0.00030    -0.00003    -0.00030     0.00000     0.00000     0.00000     0.00000     0.00000    -0.00072
    -1.92375    -0.00006    -0.00026    -0.00002    -0.00026     0.00000     0.00000     0.00000     0.00000     0.00000    -0.00060
    -1.79875    -0.00005    -0.00020    -0.00002    -0.00020     0.00000     0.00000     0.00000     0.00000     0.00000    -0.00047
    -1.67375    -0.00003    -0.00018    -0.00001    -0.00018     0.00000     0.00000     0.00000     0.00000     0.00000    -0.00040
    -1.54875    -0.00002    -0.00016    -0.00001    -0.00016     0.00000     0.00000     0.00000     0.00000     0.00000    -0.00034
    -1.42375    -0.00001    -0.00013    -0.00000    -0.00013     0.00000     0.00000     0.00000     0.00000     0.00000    -0.00028
    -1.29975    -0.00001    -0.00011    -0.00000    -0.00011     0.00000     0.00000     0.00000     0.00000     0.00000    -0.00023
    -1.17475    -0.00000    -0.00008    -0.00000    -0.00008     0.00000     0.00000     0.00000     0.00000     0.00000    -0.00017
    -1.04975    -0.00000    -0.00006    -0.00000    -0.00005     0.00000     0.00000     0.00000     0.00000     0.00000    -0.00011
    -0.92475    -0.00000    -0.00003    -0.00000    -0.00003     0.00000     0.00000     0.00000     0.00000     0.00000    -0.00006
    -0.79975    -0.00000    -0.00001    -0.00000    -0.00001     0.00000     0.00000     0.00000     0.00000     0.00000    -0.00003
    -0.67475    -0.00000    -0.00002    -0.00000    -0.00002     0.00000     0.00000     0.00000     0.00000     0.00000    -0.00005
    -0.54975    -0.00000    -0.00005    -0.00000    -0.00005     0.00000     0.00000     0.00000     0.00000     0.00000    -0.00010
    -0.42575    -0.00001    -0.00007    -0.00000    -0.00007     0.00000     0.00000     0.00000     0.00000     0.00000    -0.00015
    -0.30075    -0.00003    -0.00010    -0.00000    -0.00010     0.00000     0.00000     0.00000     0.00000     0.00000    -0.00023
    -0.17575    -0.00129    -0.00012    -0.00013    -0.00012     0.00000     0.00000     0.00000     0.00000     0.00000    -0.00167
    -0.05075    -0.08136    -0.00015    -0.00836    -0.00015     0.00000     0.00000     0.00000     0.00000     0.00000    -0.09003
     0.07425    -0.43860    -0.00018    -0.04535    -0.00018     0.00000     0.00000     0.00000     0.00000     0.00000    -0.48431
     0.19925    -0.22780    -0.00021    -0.02377    -0.00021     0.00000     0.00000     0.00000     0.00000     0.00000    -0.25200
     0.32425    -0.01017    -0.00026    -0.00125    -0.00026     0.00000     0.00000     0.00000     0.00000     0.00000    -0.01195
     0.44925    -0.00007    -0.00032    -0.00023    -0.00032     0.00000     0.00000     0.00000     0.00000     0.00000    -0.00094
     0.57325    -0.00010    -0.00039    -0.00026    -0.00039     0.00000     0.00000     0.00000     0.00000     0.00000    -0.00114
     0.69825    -0.00042    -0.00044    -0.00064    -0.00044     0.00000     0.00000     0.00000     0.00000     0.00000    -0.00194
     0.82325    -0.00157    -0.00042    -0.00192    -0.00042     0.00000     0.00000     0.00000     0.00000     0.00000    -0.00433
     0.94825    -0.00221    -0.00033    -0.00236    -0.00032     0.00000     0.00000     0.00000     0.00000     0.00000    -0.00522
     1.07325    -0.00212    -0.00027    -0.00196    -0.00027     0.00000     0.00000     0.00000     0.00000     0.00000    -0.00462
     1.19825    -0.00193    -0.00025    -0.00161    -0.00025     0.00000     0.00000     0.00000     0.00000     0.00000    -0.00404
     1.32325    -0.00153    -0.00023    -0.00119    -0.00023     0.00000     0.00000     0.00000     0.00000     0.00000    -0.00318
     1.44725    -0.00088    -0.00035    -0.00062    -0.00034     0.00000     0.00000     0.00000     0.00000     0.00000    -0.00220
     1.57225    -0.00084    -0.00042    -0.00050    -0.00041     0.00000     0.00000     0.00000     0.00000     0.00000    -0.00217
     1.69725    -0.00118    -0.00119    -0.00053    -0.00119     0.00000     0.00000     0.00000     0.00000     0.00000    -0.00408
     1.82225    -0.00481    -0.01081    -0.00079    -0.01085     0.00000     0.00000     0.00000     0.00000     0.00000    -0.02726
     1.94725    -0.01639    -0.01889    -0.00168    -0.01891     0.00000     0.00000     0.00000     0.00000     0.00000    -0.05587
     2.07225    -0.02459    -0.01234    -0.00168    -0.01233     0.00000     0.00000     0.00000     0.00000     0.00000    -0.05094
     2.19725    -0.01593    -0.01629    -0.00124    -0.01631     0.00000     0.00000     0.00000     0.00000     0.00000    -0.04977
     2.32125    -0.03673    -0.03107    -0.00197    -0.03109     0.00000     0.00000     0.00000     0.00000     0.00000    -0.10086
     2.44625    -0.06203    -0.02707    -0.00173    -0.02704     0.00000     0.00000     0.00000     0.00000     0.00000    -0.11787
     2.57125    -0.03147    -0.00823    -0.00167    -0.00821     0.00000     0.00000     0.00000     0.00000     0.00000    -0.04958
     2.69625    -0.00328    -0.00355    -0.00418    -0.00354     0.00000     0.00000     0.00000     0.00000     0.00000    -0.01456
     2.82125    -0.00416    -0.00600    -0.01026    -0.00600     0.00000     0.00000     0.00000     0.00000     0.00000    -0.02642
     2.94625    -0.02318    -0.00976    -0.01029    -0.00976     0.00000     0.00000     0.00000     0.00000     0.00000    -0.05299
     3.07125    -0.03786    -0.00874    -0.00617    -0.00874     0.00000     0.00000     0.00000     0.00000     0.00000    -0.06150
     3.19525    -0.02178    -0.00830    -0.00519    -0.00830     0.00000     0.00000     0.00000     0.00000     0.00000    -0.04357
     3.32025    -0.02707    -0.01181    -0.00450    -0.01181     0.00000     0.00000     0.00000     0.00000     0.00000    -0.05519
     3.44525    -0.03931    -0.01207    -0.00291    -0.01207     0.00000     0.00000     0.00000     0.00000     0.00000    -0.06636
     3.57025    -0.02508    -0.01010    -0.00415    -0.01009     0.00000     0.00000     0.00000     0.00000     0.00000    -0.04942
     3.69525    -0.01642    -0.01348    -0.00670    -0.01348     0.00000     0.00000     0.00000     0.00000     0.00000    -0.05008
     3.82025    -0.01767    -0.01614    -0.00592    -0.01613     0.00000     0.00000     0.00000     0.00000     0.00000    -0.05586
     3.94525    -0.02359    -0.01385    -0.00783    -0.01384     0.00000     0.00000     0.00000     0.00000     0.00000    -0.05911
     4.06925    -0.02034    -0.01101    -0.01052    -0.01100     0.00000     0.00000     0.00000     0.00000     0.00000    -0.05287
     4.19425    -0.02070    -0.01269    -0.00918    -0.01268     0.00000     0.00000     0.00000     0.00000     0.00000    -0.05525
     4.31925    -0.02556    -0.01267    -0.01029    -0.01266     0.00000     0.00000     0.00000     0.00000     0.00000    -0.06118
     4.44425    -0.02203    -0.01208    -0.01173    -0.01207     0.00000     0.00000     0.00000     0.00000     0.00000    -0.05791
     4.56925    -0.02367    -0.00983    -0.00778    -0.00983     0.00000     0.00000     0.00000     0.00000     0.00000    -0.05111
     4.69425    -0.02437    -0.00959    -0.00594    -0.00959     0.00000     0.00000     0.00000     0.00000     0.00000    -0.04950
     4.81925    -0.01942    -0.01318    -0.00585    -0.01318     0.00000     0.00000     0.00000     0.00000     0.00000    -0.05163
     4.94325    -0.01858    -0.01533    -0.00714    -0.01533     0.00000     0.00000     0.00000     0.00000     0.00000    -0.05638
     5.06825    -0.01895    -0.01306    -0.00775    -0.01305     0.00000     0.00000     0.00000     0.00000     0.00000    -0.05282
     5.19325    -0.02037    -0.01086    -0.00835    -0.01085     0.00000     0.00000     0.00000     0.00000     0.00000    -0.05043
     5.31825    -0.02425    -0.01191    -0.00796    -0.01191     0.00000     0.00000     0.00000     0.00000     0.00000    -0.05603
     5.44325    -0.02632    -0.01377    -0.00781    -0.01376     0.00000     0.00000     0.00000     0.00000     0.00000    -0.06166
     5.56825    -0.02482    -0.01500    -0.00937    -0.01499     0.00000     0.00000     0.00000     0.00000     0.00000    -0.06418
     5.69325    -0.01977    -0.01413    -0.00820    -0.01412     0.00000     0.00000     0.00000     0.00000     0.00000    -0.05622
     5.81825    -0.02368    -0.01154    -0.00993    -0.01154     0.00000     0.00000     0.00000     0.00000     0.00000    -0.05669
     5.94225    -0.02499    -0.01252    -0.01185    -0.01252     0.00000     0.00000     0.00000     0.00000     0.00000    -0.06188
     6.06725    -0.02683    -0.01365    -0.01204    -0.01365     0.00000     0.00000     0.00000     0.00000     0.00000    -0.06617
     6.19225    -0.02218    -0.01371    -0.01189    -0.01371     0.00000     0.00000     0.00000     0.00000     0.00000    -0.06149
     6.31725    -0.01772    -0.01413    -0.01530    -0.01414     0.00000     0.00000     0.00000     0.00000     0.00000    -0.06129
     6.44225    -0.02455    -0.01442    -0.02183    -0.01444     0.00000     0.00000     0.00000     0.00000     0.00000    -0.07524
     6.56725    -0.02431    -0.01454    -0.02167    -0.01426     0.00000     0.00000     0.00000     0.00000     0.00000    -0.07478
     6.69225    -0.02478    -0.01404    -0.01684    -0.01364     0.00000     0.00000     0.00000     0.00000     0.00000    -0.06930
     6.81625    -0.01806    -0.01258    -0.00759    -0.01266     0.00000     0.00000     0.00000     0.00000     0.00000    -0.05089
     6.94125    -0.00628    -0.00623    -0.00187    -0.00621     0.00000     0.00000     0.00000     0.00000     0.00000    -0.02059
     7.06625    -0.00070    -0.00106    -0.00024    -0.00105     0.00000     0.00000     0.00000     0.00000     0.00000    -0.00304
     7.19125    -0.00002    -0.00004    -0.00001    -0.00004     0.00000     0.00000     0.00000     0.00000     0.00000    -0.00010
     7.31625    -0.00000    -0.00000    -0.00000    -0.00000     0.00000     0.00000     0.00000     0.00000     0.00000    -0.00000
     7.44125    -0.00000    -0.00000    -0.00000    -0.00000     0.00000     0.00000     0.00000     0.00000     0.00000    -0.00000
     7.56625    -0.00000    -0.00000    -0.00000    -0.00000     0.00000     0.00000     0.00000     0.00000     0.00000    -0.00000
     7.69025     0.00000     0.00000     0.00000     0.00000     0.00000     0.00000     0.00000     0.00000     0.00000     0.00000
     7.81525     0.00000     0.00000     0.00000     0.00000     0.00000     0.00000     0.00000     0.00000     0.00000     0.00000
     7.94025     0.00000     0.00000     0.00000     0.00000     0.00000     0.00000     0.00000     0.00000     0.00000     0.00000
     8.06525     0.00000     0.00000     0.00000     0.00000     0.00000     0.00000     0.00000     0.00000     0.00000     0.00000
     8.19025     0.00000     0.00000     0.00000     0.00000     0.00000     0.00000     0.00000     0.00000     0.00000     0.00000
     8.31525     0.00000     0.00000     0.00000     0.00000     0.00000     0.00000     0.00000     0.00000     0.00000     0.00000
     8.44025     0.00000     0.00000     0.00000     0.00000     0.00000     0.00000     0.00000     0.00000     0.00000     0.00000
     8.56425     0.00000     0.00000     0.00000     0.00000     0.00000     0.00000     0.00000     0.00000     0.00000     0.00000
     8.68925     0.00000     0.00000     0.00000     0.00000     0.00000     0.00000     0.00000     0.00000     0.00000     0.00000
     8.81425     0.00000     0.00000     0.00000     0.00000     0.00000     0.00000     0.00000     0.00000     0.00000     0.00000
     8.93925     0.00000     0.00000     0.00000     0.00000     0.00000     0.00000     0.00000     0.00000     0.00000     0.00000
