     #Energy           s          py          pz          px         dxy         dyz         dz2         dxz         dx2       tot  
   -28.51875     0.00000     0.00000     0.00000     0.00000     0.00000     0.00000     0.00000     0.00000     0.00000     0.00000
   -28.39375     0.00000     0.00000     0.00000     0.00000     0.00000     0.00000     0.00000     0.00000     0.00000     0.00000
   -28.26875     0.00000     0.00000     0.00000     0.00000     0.00000     0.00000     0.00000     0.00000     0.00000     0.00000
   -28.14475     0.00000     0.00000     0.00000     0.00000     0.00000     0.00000     0.00000     0.00000     0.00000     0.00000
   -28.01975     0.00000     0.00000     0.00000     0.00000     0.00000     0.00000     0.00000     0.00000     0.00000     0.00000
   -27.89475     0.00000     0.00000     0.00000     0.00000     0.00000     0.00000     0.00000     0.00000     0.00000     0.00000
   -27.76975     0.00000     0.00000     0.00000     0.00000     0.00000     0.00000     0.00000     0.00000     0.00000     0.00000
   -27.64475     0.00000     0.00000     0.00000     0.00000     0.00000     0.00000     0.00000     0.00000     0.00000     0.00000
   -27.51975     0.00000     0.00000     0.00000     0.00000     0.00000     0.00000     0.00000     0.00000     0.00000     0.00000
   -27.39475    -0.00000    -0.00000    -0.00000    -0.00000     0.00000     0.00000     0.00000     0.00000     0.00000    -0.00000
   -27.27075    -0.00000    -0.00000    -0.00000    -0.00000     0.00000     0.00000     0.00000     0.00000     0.00000    -0.00000
   -27.14575    -0.00000    -0.00000    -0.00000    -0.00000     0.00000     0.00000     0.00000     0.00000     0.00000    -0.00000
   -27.02075    -0.00001    -0.00000    -0.00000    -0.00000     0.00000     0.00000     0.00000     0.00000     0.00000    -0.00001
   -26.89575    -0.00041    -0.00004    -0.00008    -0.00004     0.00000     0.00000     0.00000     0.00000     0.00000    -0.00056
   -26.77075    -0.00201    -0.00020    -0.00038    -0.00020     0.00000     0.00000     0.00000     0.00000     0.00000    -0.00279
   -26.64575    -0.00087    -0.00009    -0.00016    -0.00009     0.00000     0.00000     0.00000     0.00000     0.00000    -0.00121
   -26.52075    -0.00003    -0.00000    -0.00001    -0.00000     0.00000     0.00000     0.00000     0.00000     0.00000    -0.00004
   -26.39675    -0.00000    -0.00000    -0.00000    -0.00000     0.00000     0.00000     0.00000     0.00000     0.00000    -0.00000
   -26.27175    -0.00000    -0.00000    -0.00000    -0.00000     0.00000     0.00000     0.00000     0.00000     0.00000    -0.00000
   -26.14675    -0.00000    -0.00000    -0.00000    -0.00000     0.00000     0.00000     0.00000     0.00000     0.00000    -0.00000
   -26.02175     0.00000     0.00000     0.00000     0.00000     0.00000     0.00000     0.00000     0.00000     0.00000     0.00000
   -25.89675     0.00000     0.00000     0.00000     0.00000     0.00000     0.00000     0.00000     0.00000     0.00000     0.00000
   -25.77175     0.00000     0.00000     0.00000     0.00000     0.00000     0.00000     0.00000     0.00000     0.00000     0.00000
   -25.64675     0.00000     0.00000     0.00000     0.00000     0.00000     0.00000     0.00000     0.00000     0.00000     0.00000
   -25.52275     0.00000     0.00000     0.00000     0.00000     0.00000     0.00000     0.00000     0.00000     0.00000     0.00000
   -25.39775     0.00000     0.00000     0.00000     0.00000     0.00000     0.00000     0.00000     0.00000     0.00000     0.00000
   -25.27275     0.00000     0.00000     0.00000     0.00000     0.00000     0.00000     0.00000     0.00000     0.00000     0.00000
   -25.14775     0.00000     0.00000     0.00000     0.00000     0.00000     0.00000     0.00000     0.00000     0.00000     0.00000
   -25.02275     0.00000     0.00000     0.00000     0.00000     0.00000     0.00000     0.00000     0.00000     0.00000     0.00000
   -24.89775     0.00000     0.00000     0.00000     0.00000     0.00000     0.00000     0.00000     0.00000     0.00000     0.00000
   -24.77275     0.00000     0.00000     0.00000     0.00000     0.00000     0.00000     0.00000     0.00000     0.00000     0.00000
   -24.64875     0.00000     0.00000     0.00000     0.00000     0.00000     0.00000     0.00000     0.00000     0.00000     0.00000
   -24.52375     0.00000     0.00000     0.00000     0.00000     0.00000     0.00000     0.00000     0.00000     0.00000     0.00000
   -24.39875     0.00000     0.00000     0.00000     0.00000     0.00000     0.00000     0.00000     0.00000     0.00000     0.00000
   -24.27375     0.00000     0.00000     0.00000     0.00000     0.00000     0.00000     0.00000     0.00000     0.00000     0.00000
   -24.14875     0.00000     0.00000     0.00000     0.00000     0.00000     0.00000     0.00000     0.00000     0.00000     0.00000
   -24.02375     0.00000     0.00000     0.00000     0.00000     0.00000     0.00000     0.00000     0.00000     0.00000     0.00000
   -23.89875     0.00000     0.00000     0.00000     0.00000     0.00000     0.00000     0.00000     0.00000     0.00000     0.00000
   -23.77375     0.00000     0.00000     0.00000     0.00000     0.00000     0.00000     0.00000     0.00000     0.00000     0.00000
   -23.64975     0.00000     0.00000     0.00000     0.00000     0.00000     0.00000     0.00000     0.00000     0.00000     0.00000
   -23.52475     0.00000     0.00000     0.00000     0.00000     0.00000     0.00000     0.00000     0.00000     0.00000     0.00000
   -23.39975     0.00000     0.00000     0.00000     0.00000     0.00000     0.00000     0.00000     0.00000     0.00000     0.00000
   -23.27475     0.00000     0.00000     0.00000     0.00000     0.00000     0.00000     0.00000     0.00000     0.00000     0.00000
   -23.14975     0.00000     0.00000     0.00000     0.00000     0.00000     0.00000     0.00000     0.00000     0.00000     0.00000
   -23.02475     0.00000     0.00000     0.00000     0.00000     0.00000     0.00000     0.00000     0.00000     0.00000     0.00000
   -22.89975     0.00000     0.00000     0.00000     0.00000     0.00000     0.00000     0.00000     0.00000     0.00000     0.00000
   -22.77575     0.00000     0.00000     0.00000     0.00000     0.00000     0.00000     0.00000     0.00000     0.00000     0.00000
   -22.65075     0.00000     0.00000     0.00000     0.00000     0.00000     0.00000     0.00000     0.00000     0.00000     0.00000
   -22.52575     0.00000     0.00000     0.00000     0.00000     0.00000     0.00000     0.00000     0.00000     0.00000     0.00000
   -22.40075     0.00000     0.00000     0.00000     0.00000     0.00000     0.00000     0.00000     0.00000     0.00000     0.00000
   -22.27575     0.00000     0.00000     0.00000     0.00000     0.00000     0.00000     0.00000     0.00000     0.00000     0.00000
   -22.15075     0.00000     0.00000     0.00000     0.00000     0.00000     0.00000     0.00000     0.00000     0.00000     0.00000
   -22.02575     0.00000     0.00000     0.00000     0.00000     0.00000     0.00000     0.00000     0.00000     0.00000     0.00000
   -21.90175     0.00000     0.00000     0.00000     0.00000     0.00000     0.00000     0.00000     0.00000     0.00000     0.00000
   -21.77675     0.00000     0.00000     0.00000     0.00000     0.00000     0.00000     0.00000     0.00000     0.00000     0.00000
   -21.65175     0.00000     0.00000     0.00000     0.00000     0.00000     0.00000     0.00000     0.00000     0.00000     0.00000
   -21.52675     0.00000     0.00000     0.00000     0.00000     0.00000     0.00000     0.00000     0.00000     0.00000     0.00000
   -21.40175     0.00000     0.00000     0.00000     0.00000     0.00000     0.00000     0.00000     0.00000     0.00000     0.00000
   -21.27675     0.00000     0.00000     0.00000     0.00000     0.00000     0.00000     0.00000     0.00000     0.00000     0.00000
   -21.15175     0.00000     0.00000     0.00000     0.00000     0.00000     0.00000     0.00000     0.00000     0.00000     0.00000
   -21.02775     0.00000     0.00000     0.00000     0.00000     0.00000     0.00000     0.00000     0.00000     0.00000     0.00000
   -20.90275     0.00000     0.00000     0.00000     0.00000     0.00000     0.00000     0.00000     0.00000     0.00000     0.00000
   -20.77775    -0.00000    -0.00000    -0.00000    -0.00000     0.00000     0.00000     0.00000     0.00000     0.00000    -0.00000
   -20.65275    -0.00000    -0.00000    -0.00000    -0.00000     0.00000     0.00000     0.00000     0.00000     0.00000    -0.00000
   -20.52775    -0.00008    -0.00000    -0.00000    -0.00000     0.00000     0.00000     0.00000     0.00000     0.00000    -0.00008
   -20.40275    -0.01996    -0.00002    -0.00000    -0.00002     0.00000     0.00000     0.00000     0.00000     0.00000    -0.02001
   -20.27775    -0.41106    -0.00080    -0.00003    -0.00080     0.00000     0.00000     0.00000     0.00000     0.00000    -0.41269
   -20.15375    -1.31922    -0.00496    -0.00009    -0.00496     0.00000     0.00000     0.00000     0.00000     0.00000    -1.32922
   -20.02875    -1.65345    -0.01240    -0.00012    -0.01240     0.00000     0.00000     0.00000     0.00000     0.00000    -1.67838
   -19.90375    -1.48133    -0.01702    -0.00012    -0.01702     0.00000     0.00000     0.00000     0.00000     0.00000    -1.51549
   -19.77875    -1.32583    -0.02011    -0.00007    -0.02011     0.00000     0.00000     0.00000     0.00000     0.00000    -1.36613
   -19.65375    -1.57077    -0.02959    -0.00007    -0.02959     0.00000     0.00000     0.00000     0.00000     0.00000    -1.63001
   -19.52875    -1.54205    -0.03584    -0.00007    -0.03583     0.00000     0.00000     0.00000     0.00000     0.00000    -1.61379
   -19.40375    -1.52797    -0.04223    -0.00007    -0.04223     0.00000     0.00000     0.00000     0.00000     0.00000    -1.61251
   -19.27975    -1.52103    -0.04872    -0.00007    -0.04872     0.00000     0.00000     0.00000     0.00000     0.00000    -1.61854
   -19.15475    -1.51285    -0.05517    -0.00007    -0.05517     0.00000     0.00000     0.00000     0.00000     0.00000    -1.62326
   -19.02975    -1.50532    -0.06162    -0.00007    -0.06162     0.00000     0.00000     0.00000     0.00000     0.00000    -1.62864
   -18.90475    -1.49890    -0.06811    -0.00007    -0.06811     0.00000     0.00000     0.00000     0.00000     0.00000    -1.63519
   -18.77975    -1.49393    -0.07468    -0.00007    -0.07468     0.00000     0.00000     0.00000     0.00000     0.00000    -1.64337
   -18.65475    -1.48639    -0.08112    -0.00007    -0.08112     0.00000     0.00000     0.00000     0.00000     0.00000    -1.64870
   -18.52975    -1.48019    -0.08762    -0.00007    -0.08762     0.00000     0.00000     0.00000     0.00000     0.00000    -1.65551
   -18.40475    -1.47399    -0.09411    -0.00007    -0.09410     0.00000     0.00000     0.00000     0.00000     0.00000    -1.66227
   -18.28075    -1.46780    -0.10059    -0.00007    -0.10059     0.00000     0.00000     0.00000     0.00000     0.00000    -1.66905
   -18.15575    -1.46174    -0.10707    -0.00007    -0.10707     0.00000     0.00000     0.00000     0.00000     0.00000    -1.67595
   -18.03075    -1.45589    -0.11354    -0.00007    -0.11354     0.00000     0.00000     0.00000     0.00000     0.00000    -1.68304
   -17.90575    -1.45025    -0.12001    -0.00007    -0.12000     0.00000     0.00000     0.00000     0.00000     0.00000    -1.69033
   -17.78075    -1.44504    -0.12648    -0.00007    -0.12648     0.00000     0.00000     0.00000     0.00000     0.00000    -1.69807
   -17.65575    -1.44030    -0.13297    -0.00007    -0.13297     0.00000     0.00000     0.00000     0.00000     0.00000    -1.70631
   -17.53075    -1.43624    -0.13951    -0.00007    -0.13951     0.00000     0.00000     0.00000     0.00000     0.00000    -1.71533
   -17.40675    -1.43235    -0.14603    -0.00007    -0.14603     0.00000     0.00000     0.00000     0.00000     0.00000    -1.72448
   -17.28175    -1.42786    -0.15245    -0.00007    -0.15245     0.00000     0.00000     0.00000     0.00000     0.00000    -1.73283
   -17.15675    -1.42398    -0.15884    -0.00007    -0.15884     0.00000     0.00000     0.00000     0.00000     0.00000    -1.74173
   -17.03175    -1.41940    -0.16504    -0.00007    -0.16504     0.00000     0.00000     0.00000     0.00000     0.00000    -1.74955
   -16.90675    -1.41358    -0.17118    -0.00007    -0.17118     0.00000     0.00000     0.00000     0.00000     0.00000    -1.75601
   -16.78175    -1.41680    -0.17833    -0.00007    -0.17833     0.00000     0.00000     0.00000     0.00000     0.00000    -1.77353
   -16.65675    -1.41379    -0.18450    -0.00007    -0.18450     0.00000     0.00000     0.00000     0.00000     0.00000    -1.78287
   -16.53275    -1.41210    -0.19067    -0.00007    -0.19066     0.00000     0.00000     0.00000     0.00000     0.00000    -1.79350
   -16.40775    -1.41703    -0.19759    -0.00007    -0.19759     0.00000     0.00000     0.00000     0.00000     0.00000    -1.81229
   -16.28275    -1.42037    -0.20421    -0.00007    -0.20420     0.00000     0.00000     0.00000     0.00000     0.00000    -1.82885
   -16.15775    -1.41932    -0.20979    -0.00007    -0.20979     0.00000     0.00000     0.00000     0.00000     0.00000    -1.83898
   -16.03275    -1.42811    -0.21647    -0.00008    -0.21647     0.00000     0.00000     0.00000     0.00000     0.00000    -1.86113
   -15.90775    -1.44487    -0.22415    -0.00008    -0.22415     0.00000     0.00000     0.00000     0.00000     0.00000    -1.89324
   -15.78275    -1.45424    -0.23001    -0.00008    -0.23001     0.00000     0.00000     0.00000     0.00000     0.00000    -1.91433
   -15.65875    -1.46308    -0.23478    -0.00008    -0.23477     0.00000     0.00000     0.00000     0.00000     0.00000    -1.93271
   -15.53375    -1.49209    -0.24266    -0.00008    -0.24266     0.00000     0.00000     0.00000     0.00000     0.00000    -1.97749
   -15.40875    -1.53822    -0.25171    -0.00008    -0.25171     0.00000     0.00000     0.00000     0.00000     0.00000    -2.04171
   -15.28375    -1.59886    -0.25974    -0.00008    -0.25974     0.00000     0.00000     0.00000     0.00000     0.00000    -2.11842
   -15.15875    -1.75987    -0.27853    -0.00009    -0.27853     0.00000     0.00000     0.00000     0.00000     0.00000    -2.31701
   -15.03375    -2.04792    -0.30701    -0.00010    -0.30701     0.00000     0.00000     0.00000     0.00000     0.00000    -2.66204
   -14.90875    -1.88621    -0.28270    -0.00009    -0.28270     0.00000     0.00000     0.00000     0.00000     0.00000    -2.45170
   -14.78475    -1.43254    -0.23015    -0.00007    -0.23015     0.00000     0.00000     0.00000     0.00000     0.00000    -1.89292
   -14.65975    -1.16446    -0.19778    -0.00006    -0.19777     0.00000     0.00000     0.00000     0.00000     0.00000    -1.56007
   -14.53475    -0.97091    -0.17125    -0.00005    -0.17125     0.00000     0.00000     0.00000     0.00000     0.00000    -1.31346
   -14.40975    -0.83520    -0.15281    -0.00004    -0.15281     0.00000     0.00000     0.00000     0.00000     0.00000    -1.14086
   -14.28475    -0.71770    -0.13620    -0.00004    -0.13621     0.00000     0.00000     0.00000     0.00000     0.00000    -0.99015
   -14.15975    -0.59882    -0.11740    -0.00003    -0.11740     0.00000     0.00000     0.00000     0.00000     0.00000    -0.83366
   -14.03475    -0.54646    -0.13248    -0.00003    -0.13247     0.00000     0.00000     0.00000     0.00000     0.00000    -0.81144
   -13.90975    -0.73376    -0.29909    -0.00004    -0.29908     0.00000     0.00000     0.00000     0.00000     0.00000    -1.33197
   -13.78575    -0.89075    -0.43268    -0.00005    -0.43264     0.00000     0.00000     0.00000     0.00000     0.00000    -1.75612
   -13.66075    -0.89491    -0.45362    -0.00005    -0.45359     0.00000     0.00000     0.00000     0.00000     0.00000    -1.80217
   -13.53575    -0.88673    -0.46420    -0.00005    -0.46424     0.00000     0.00000     0.00000     0.00000     0.00000    -1.81522
   -13.41075    -0.88127    -0.47464    -0.00005    -0.47457     0.00000     0.00000     0.00000     0.00000     0.00000    -1.83053
   -13.28575    -0.94868    -0.50420    -0.00005    -0.50419     0.00000     0.00000     0.00000     0.00000     0.00000    -1.95712
   -13.16075    -1.21815    -0.58980    -0.00007    -0.58981     0.00000     0.00000     0.00000     0.00000     0.00000    -2.39783
   -13.03575    -1.41691    -0.64210    -0.00008    -0.64210     0.00000     0.00000     0.00000     0.00000     0.00000    -2.70119
   -12.91175    -1.26936    -0.57933    -0.00007    -0.57935     0.00000     0.00000     0.00000     0.00000     0.00000    -2.42811
   -12.78675    -1.15016    -0.53392    -0.00007    -0.53389     0.00000     0.00000     0.00000     0.00000     0.00000    -2.21804
   -12.66175    -1.06764    -0.50427    -0.00006    -0.50432     0.00000     0.00000     0.00000     0.00000     0.00000    -2.07629
   -12.53675    -1.02075    -0.49341    -0.00006    -0.49340     0.00000     0.00000     0.00000     0.00000     0.00000    -2.00762
   -12.41175    -0.98525    -0.48540    -0.00006    -0.48541     0.00000     0.00000     0.00000     0.00000     0.00000    -1.95612
   -12.28675    -0.94254    -0.47429    -0.00006    -0.47437     0.00000     0.00000     0.00000     0.00000     0.00000    -1.89126
   -12.16175    -0.90668    -0.46659    -0.00005    -0.46658     0.00000     0.00000     0.00000     0.00000     0.00000    -1.83990
   -12.03775    -0.87096    -0.45887    -0.00005    -0.45890     0.00000     0.00000     0.00000     0.00000     0.00000    -1.78878
   -11.91275    -0.83818    -0.45255    -0.00005    -0.45252     0.00000     0.00000     0.00000     0.00000     0.00000    -1.74330
   -11.78775    -0.80792    -0.44723    -0.00005    -0.44724     0.00000     0.00000     0.00000     0.00000     0.00000    -1.70244
   -11.66275    -0.77839    -0.44208    -0.00005    -0.44210     0.00000     0.00000     0.00000     0.00000     0.00000    -1.66262
   -11.53775    -0.75090    -0.43813    -0.00005    -0.43809     0.00000     0.00000     0.00000     0.00000     0.00000    -1.62717
   -11.41275    -0.72416    -0.43900    -0.00005    -0.43896     0.00000     0.00000     0.00000     0.00000     0.00000    -1.60217
   -11.28775    -0.69857    -0.49545    -0.00005    -0.49544     0.00000     0.00000     0.00000     0.00000     0.00000    -1.68951
   -11.16375    -0.67999    -0.62533    -0.00005    -0.62532     0.00000     0.00000     0.00000     0.00000     0.00000    -1.93069
   -11.03875    -0.66976    -0.67789    -0.00005    -0.67790     0.00000     0.00000     0.00000     0.00000     0.00000    -2.02560
   -10.91375    -0.66011    -0.69374    -0.00006    -0.69376     0.00000     0.00000     0.00000     0.00000     0.00000    -2.04767
   -10.78875    -0.64896    -0.70780    -0.00006    -0.70785     0.00000     0.00000     0.00000     0.00000     0.00000    -2.06467
   -10.66375    -0.63586    -0.71919    -0.00006    -0.71920     0.00000     0.00000     0.00000     0.00000     0.00000    -2.07431
   -10.53875    -0.62588    -0.73481    -0.00006    -0.73481     0.00000     0.00000     0.00000     0.00000     0.00000    -2.09556
   -10.41375    -0.61783    -0.75556    -0.00006    -0.75552     0.00000     0.00000     0.00000     0.00000     0.00000    -2.12897
   -10.28975    -0.60370    -0.76431    -0.00006    -0.76430     0.00000     0.00000     0.00000     0.00000     0.00000    -2.13237
   -10.16475    -0.59164    -0.78026    -0.00007    -0.78035     0.00000     0.00000     0.00000     0.00000     0.00000    -2.15232
   -10.03975    -0.58536    -0.80802    -0.00007    -0.80796     0.00000     0.00000     0.00000     0.00000     0.00000    -2.20141
    -9.91475    -0.57107    -0.81564    -0.00007    -0.81566     0.00000     0.00000     0.00000     0.00000     0.00000    -2.20244
    -9.78975    -0.55891    -0.83605    -0.00008    -0.83603     0.00000     0.00000     0.00000     0.00000     0.00000    -2.23107
    -9.66475    -0.54987    -0.85795    -0.00009    -0.85794     0.00000     0.00000     0.00000     0.00000     0.00000    -2.26585
    -9.53975    -0.53653    -0.87123    -0.00009    -0.87124     0.00000     0.00000     0.00000     0.00000     0.00000    -2.27909
    -9.41475    -0.52576    -0.90349    -0.00010    -0.90342     0.00000     0.00000     0.00000     0.00000     0.00000    -2.33277
    -9.29075    -0.51423    -0.92061    -0.00012    -0.92057     0.00000     0.00000     0.00000     0.00000     0.00000    -2.35553
    -9.16575    -0.50216    -0.94326    -0.00014    -0.94325     0.00000     0.00000     0.00000     0.00000     0.00000    -2.38881
    -9.04075    -0.48975    -0.97618    -0.00017    -0.97615     0.00000     0.00000     0.00000     0.00000     0.00000    -2.44225
    -8.91575    -0.47782    -0.99473    -0.00021    -0.99474     0.00000     0.00000     0.00000     0.00000     0.00000    -2.46750
    -8.79075    -0.46624    -1.02912    -0.00030    -1.02909     0.00000     0.00000     0.00000     0.00000     0.00000    -2.52475
    -8.66575    -0.45297    -1.06467    -0.00138    -1.06466     0.00000     0.00000     0.00000     0.00000     0.00000    -2.58368
    -8.54075    -0.44282    -1.09706    -0.06373    -1.09704     0.00000     0.00000     0.00000     0.00000     0.00000    -2.70065
    -8.41675    -0.42882    -1.13900    -0.48908    -1.13897     0.00000     0.00000     0.00000     0.00000     0.00000    -3.19587
    -8.29175    -0.41734    -1.19618    -0.89963    -1.19615     0.00000     0.00000     0.00000     0.00000     0.00000    -3.70930
    -8.16675    -0.40045    -1.20479    -1.04453    -1.20476     0.00000     0.00000     0.00000     0.00000     0.00000    -3.85453
    -8.04175    -0.38008    -1.22671    -0.77677    -1.22674     0.00000     0.00000     0.00000     0.00000     0.00000    -3.61030
    -7.91675    -0.37546    -1.33620    -0.48061    -1.33626     0.00000     0.00000     0.00000     0.00000     0.00000    -3.52853
    -7.79175    -0.36140    -1.40749    -0.91652    -1.40748     0.00000     0.00000     0.00000     0.00000     0.00000    -4.09289
    -7.66675    -0.34300    -1.48933    -0.94514    -1.48931     0.00000     0.00000     0.00000     0.00000     0.00000    -4.26678
    -7.54275    -0.33106    -1.60387    -0.90582    -1.60382     0.00000     0.00000     0.00000     0.00000     0.00000    -4.44457
    -7.41775    -0.31120    -1.75183    -0.90939    -1.75181     0.00000     0.00000     0.00000     0.00000     0.00000    -4.72423
    -7.29275    -0.29280    -2.01108    -0.91486    -2.01108     0.00000     0.00000     0.00000     0.00000     0.00000    -5.22982
    -7.16775    -0.27270    -2.48280    -0.91938    -2.48282     0.00000     0.00000     0.00000     0.00000     0.00000    -6.15770
    -7.04275    -0.24415    -2.48510    -0.92264    -2.48516     0.00000     0.00000     0.00000     0.00000     0.00000    -6.13705
    -6.91775    -0.22547    -2.01815    -0.92685    -2.01818     0.00000     0.00000     0.00000     0.00000     0.00000    -5.18865
    -6.79275    -0.20610    -1.73843    -0.94226    -1.73837     0.00000     0.00000     0.00000     0.00000     0.00000    -4.62516
    -6.66875    -0.18906    -1.60674    -0.94661    -1.60672     0.00000     0.00000     0.00000     0.00000     0.00000    -4.34913
    -6.54375    -0.17741    -1.50445    -0.95088    -1.50442     0.00000     0.00000     0.00000     0.00000     0.00000    -4.13716
    -6.41875    -0.16128    -1.40513    -0.95890    -1.40514     0.00000     0.00000     0.00000     0.00000     0.00000    -3.93045
    -6.29375    -0.15041    -1.33415    -0.96671    -1.33414     0.00000     0.00000     0.00000     0.00000     0.00000    -3.78541
    -6.16875    -0.13960    -1.27282    -0.97519    -1.27281     0.00000     0.00000     0.00000     0.00000     0.00000    -3.66042
    -6.04375    -0.12644    -1.21056    -0.98422    -1.21057     0.00000     0.00000     0.00000     0.00000     0.00000    -3.53179
    -5.91875    -0.11810    -1.16637    -0.99349    -1.16641     0.00000     0.00000     0.00000     0.00000     0.00000    -3.44437
    -5.79475    -0.10797    -1.12267    -1.00272    -1.12265     0.00000     0.00000     0.00000     0.00000     0.00000    -3.35601
    -5.66975    -0.09779    -1.07928    -1.01277    -1.07927     0.00000     0.00000     0.00000     0.00000     0.00000    -3.26911
    -5.54475    -0.09044    -1.04649    -1.02436    -1.04651     0.00000     0.00000     0.00000     0.00000     0.00000    -3.20781
    -5.41975    -0.08134    -1.00946    -1.02704    -1.00946     0.00000     0.00000     0.00000     0.00000     0.00000    -3.12730
    -5.29475    -0.07177    -0.96826    -1.05004    -0.96826     0.00000     0.00000     0.00000     0.00000     0.00000    -3.05833
    -5.16975    -0.06445    -0.93832    -1.06046    -0.93832     0.00000     0.00000     0.00000     0.00000     0.00000    -3.00156
    -5.04475    -0.05968    -0.92099    -1.07466    -0.92100     0.00000     0.00000     0.00000     0.00000     0.00000    -2.97633
    -4.92075    -0.05324    -0.89818    -1.09791    -0.89818     0.00000     0.00000     0.00000     0.00000     0.00000    -2.94751
    -4.79575    -0.04625    -0.87287    -1.11851    -0.87285     0.00000     0.00000     0.00000     0.00000     0.00000    -2.91048
    -4.67075    -0.03994    -0.84988    -1.09027    -0.84984     0.00000     0.00000     0.00000     0.00000     0.00000    -2.82993
    -4.54575    -0.03377    -0.81603    -1.13013    -0.81605     0.00000     0.00000     0.00000     0.00000     0.00000    -2.79598
    -4.42075    -0.02793    -0.79156    -1.17140    -0.79154     0.00000     0.00000     0.00000     0.00000     0.00000    -2.78243
    -4.29575    -0.02242    -0.78826    -1.19155    -0.78827     0.00000     0.00000     0.00000     0.00000     0.00000    -2.79050
    -4.17075    -0.01716    -0.76464    -1.21908    -0.76468     0.00000     0.00000     0.00000     0.00000     0.00000    -2.76556
    -4.04575    -0.01216    -0.74380    -1.26562    -0.74373     0.00000     0.00000     0.00000     0.00000     0.00000    -2.76531
    -3.92175    -0.00740    -0.71947    -1.30544    -0.71948     0.00000     0.00000     0.00000     0.00000     0.00000    -2.75179
    -3.79675    -0.00313    -0.56662    -1.35461    -0.56663     0.00000     0.00000     0.00000     0.00000     0.00000    -2.49099
    -3.67175    -0.00078    -0.16370    -1.44660    -0.16376     0.00000     0.00000     0.00000     0.00000     0.00000    -1.77485
    -3.54675    -0.00040    -0.00741    -1.51690    -0.00738     0.00000     0.00000     0.00000     0.00000     0.00000    -1.53210
    -3.42175    -0.00036    -0.00026    -1.60368    -0.00024     0.00000     0.00000     0.00000     0.00000     0.00000    -1.60455
    -3.29675    -0.00033    -0.00017    -1.66710    -0.00016     0.00000     0.00000     0.00000     0.00000     0.00000    -1.66776
    -3.17175    -0.00031    -0.00016    -2.12802    -0.00014     0.00000     0.00000     0.00000     0.00000     0.00000    -2.12863
    -3.04775    -0.00031    -0.00015    -2.13254    -0.00013     0.00000     0.00000     0.00000     0.00000     0.00000    -2.13313
    -2.92275    -0.00025    -0.00012    -1.64480    -0.00011     0.00000     0.00000     0.00000     0.00000     0.00000    -1.64527
    -2.79775    -0.00020    -0.00010    -1.34494    -0.00009     0.00000     0.00000     0.00000     0.00000     0.00000    -1.34533
    -2.67275    -0.00017    -0.00008    -1.15186    -0.00008     0.00000     0.00000     0.00000     0.00000     0.00000    -1.15219
    -2.54775    -0.00015    -0.00007    -1.01567    -0.00007     0.00000     0.00000     0.00000     0.00000     0.00000    -1.01596
    -2.42275    -0.00012    -0.00006    -0.92764    -0.00006     0.00000     0.00000     0.00000     0.00000     0.00000    -0.92789
    -2.29775    -0.00012    -0.00006    -0.81622    -0.00006     0.00000     0.00000     0.00000     0.00000     0.00000    -0.81645
    -2.17375    -0.00010    -0.00005    -0.72316    -0.00005     0.00000     0.00000     0.00000     0.00000     0.00000    -0.72337
    -2.04875    -0.00009    -0.00005    -0.64236    -0.00005     0.00000     0.00000     0.00000     0.00000     0.00000    -0.64255
    -1.92375    -0.00008    -0.00004    -0.55540    -0.00004     0.00000     0.00000     0.00000     0.00000     0.00000    -0.55556
    -1.79875    -0.00006    -0.00004    -0.48772    -0.00004     0.00000     0.00000     0.00000     0.00000     0.00000    -0.48786
    -1.67375    -0.00005    -0.00003    -0.43085    -0.00003     0.00000     0.00000     0.00000     0.00000     0.00000    -0.43097
    -1.54875    -0.00004    -0.00003    -0.36218    -0.00003     0.00000     0.00000     0.00000     0.00000     0.00000    -0.36228
    -1.42375    -0.00004    -0.00002    -0.29988    -0.00002     0.00000     0.00000     0.00000     0.00000     0.00000    -0.29996
    -1.29975    -0.00003    -0.00002    -0.24295    -0.00002     0.00000     0.00000     0.00000     0.00000     0.00000    -0.24302
    -1.17475    -0.00002    -0.00001    -0.18419    -0.00001     0.00000     0.00000     0.00000     0.00000     0.00000    -0.18424
    -1.04975    -0.00001    -0.00001    -0.12514    -0.00001     0.00000     0.00000     0.00000     0.00000     0.00000    -0.12517
    -0.92475    -0.00001    -0.00001    -0.06849    -0.00001     0.00000     0.00000     0.00000     0.00000     0.00000    -0.06851
    -0.79975    -0.00000    -0.00000    -0.03080    -0.00000     0.00000     0.00000     0.00000     0.00000     0.00000    -0.03081
    -0.67475    -0.00001    -0.00000    -0.05283    -0.00000     0.00000     0.00000     0.00000     0.00000     0.00000    -0.05284
    -0.54975    -0.00001    -0.00001    -0.11084    -0.00001     0.00000     0.00000     0.00000     0.00000     0.00000    -0.11087
    -0.42575    -0.00002    -0.00002    -0.17446    -0.00002     0.00000     0.00000     0.00000     0.00000     0.00000    -0.17451
    -0.30075    -0.00002    -0.00002    -0.23990    -0.00002     0.00000     0.00000     0.00000     0.00000     0.00000    -0.23997
    -0.17575    -0.00007    -0.00003    -0.31040    -0.00003     0.00000     0.00000     0.00000     0.00000     0.00000    -0.31053
    -0.05075    -0.00306    -0.00020    -0.40093    -0.00020     0.00000     0.00000     0.00000     0.00000     0.00000    -0.40439
     0.07425    -0.01612    -0.00096    -0.52967    -0.00096     0.00000     0.00000     0.00000     0.00000     0.00000    -0.54771
     0.19925    -0.00830    -0.00054    -0.59329    -0.00054     0.00000     0.00000     0.00000     0.00000     0.00000    -0.60267
     0.32425    -0.00042    -0.00009    -0.69046    -0.00010     0.00000     0.00000     0.00000     0.00000     0.00000    -0.69107
     0.44925    -0.00006    -0.00010    -0.86107    -0.00010     0.00000     0.00000     0.00000     0.00000     0.00000    -0.86133
     0.57325    -0.00008    -0.00014    -1.09727    -0.00014     0.00000     0.00000     0.00000     0.00000     0.00000    -1.09762
     0.69825    -0.00010    -0.00021    -1.46987    -0.00021     0.00000     0.00000     0.00000     0.00000     0.00000    -1.47039
     0.82325    -0.00015    -0.00035    -2.27830    -0.00035     0.00000     0.00000     0.00000     0.00000     0.00000    -2.27916
     0.94825    -0.00016    -0.00035    -2.29937    -0.00036     0.00000     0.00000     0.00000     0.00000     0.00000    -2.30024
     1.07325    -0.00013    -0.00026    -1.79857    -0.00027     0.00000     0.00000     0.00000     0.00000     0.00000    -1.79923
     1.19825    -0.00011    -0.00023    -1.58481    -0.00024     0.00000     0.00000     0.00000     0.00000     0.00000    -1.58539
     1.32325    -0.00009    -0.00018    -1.31466    -0.00018     0.00000     0.00000     0.00000     0.00000     0.00000    -1.31512
     1.44725    -0.00008    -0.00013    -1.24266    -0.00013     0.00000     0.00000     0.00000     0.00000     0.00000    -1.24300
     1.57225    -0.00009    -0.00015    -1.35009    -0.00015     0.00000     0.00000     0.00000     0.00000     0.00000    -1.35048
     1.69725    -0.00095    -0.00020    -1.25151    -0.00020     0.00000     0.00000     0.00000     0.00000     0.00000    -1.25285
     1.82225    -0.01077    -0.00076    -1.21672    -0.00076     0.00000     0.00000     0.00000     0.00000     0.00000    -1.22901
     1.94725    -0.01829    -0.00131    -1.16767    -0.00131     0.00000     0.00000     0.00000     0.00000     0.00000    -1.18858
     2.07225    -0.01074    -0.00103    -1.12745    -0.00104     0.00000     0.00000     0.00000     0.00000     0.00000    -1.14026
     2.19725    -0.01428    -0.00122    -1.09868    -0.00122     0.00000     0.00000     0.00000     0.00000     0.00000    -1.11540
     2.32125    -0.03003    -0.00227    -1.07397    -0.00227     0.00000     0.00000     0.00000     0.00000     0.00000    -1.10855
     2.44625    -0.02690    -0.00241    -1.07977    -0.00241     0.00000     0.00000     0.00000     0.00000     0.00000    -1.11148
     2.57125    -0.01124    -0.00101    -1.00038    -0.00101     0.00000     0.00000     0.00000     0.00000     0.00000    -1.01364
     2.69625    -0.01069    -0.00055    -1.00872    -0.00055     0.00000     0.00000     0.00000     0.00000     0.00000    -1.02050
     2.82125    -0.02892    -0.00151    -0.95932    -0.00151     0.00000     0.00000     0.00000     0.00000     0.00000    -0.99126
     2.94625    -0.03595    -0.00256    -0.91138    -0.00256     0.00000     0.00000     0.00000     0.00000     0.00000    -0.95245
     3.07125    -0.02606    -0.00248    -0.96444    -0.00249     0.00000     0.00000     0.00000     0.00000     0.00000    -0.99547
     3.19525    -0.02716    -0.00262    -0.94205    -0.00262     0.00000     0.00000     0.00000     0.00000     0.00000    -0.97445
     3.32025    -0.03073    -0.00365    -0.96420    -0.00365     0.00000     0.00000     0.00000     0.00000     0.00000    -1.00223
     3.44525    -0.03351    -0.00425    -0.91179    -0.00425     0.00000     0.00000     0.00000     0.00000     0.00000    -0.95380
     3.57025    -0.03170    -0.00422    -0.93695    -0.00422     0.00000     0.00000     0.00000     0.00000     0.00000    -0.97709
     3.69525    -0.02984    -0.00470    -0.88279    -0.00470     0.00000     0.00000     0.00000     0.00000     0.00000    -0.92204
     3.82025    -0.02963    -0.00503    -0.94134    -0.00503     0.00000     0.00000     0.00000     0.00000     0.00000    -0.98103
     3.94525    -0.03290    -0.00590    -0.89222    -0.00590     0.00000     0.00000     0.00000     0.00000     0.00000    -0.93693
     4.06925    -0.03339    -0.00637    -0.90623    -0.00637     0.00000     0.00000     0.00000     0.00000     0.00000    -0.95236
     4.19425    -0.03239    -0.00659    -0.86054    -0.00659     0.00000     0.00000     0.00000     0.00000     0.00000    -0.90611
     4.31925    -0.03476    -0.00696    -0.87281    -0.00696     0.00000     0.00000     0.00000     0.00000     0.00000    -0.92149
     4.44425    -0.03533    -0.00736    -0.84010    -0.00736     0.00000     0.00000     0.00000     0.00000     0.00000    -0.89016
     4.56925    -0.03328    -0.00771    -0.81309    -0.00771     0.00000     0.00000     0.00000     0.00000     0.00000    -0.86179
     4.69425    -0.03199    -0.00813    -0.81716    -0.00813     0.00000     0.00000     0.00000     0.00000     0.00000    -0.86541
     4.81925    -0.03620    -0.00966    -0.86509    -0.00966     0.00000     0.00000     0.00000     0.00000     0.00000    -0.92061
     4.94325    -0.03855    -0.01075    -0.86999    -0.01075     0.00000     0.00000     0.00000     0.00000     0.00000    -0.93004
     5.06825    -0.03479    -0.01082    -0.82639    -0.01082     0.00000     0.00000     0.00000     0.00000     0.00000    -0.88282
     5.19325    -0.03337    -0.01144    -0.83855    -0.01144     0.00000     0.00000     0.00000     0.00000     0.00000    -0.89479
     5.31825    -0.03510    -0.01315    -0.84658    -0.01315     0.00000     0.00000     0.00000     0.00000     0.00000    -0.90798
     5.44325    -0.03319    -0.01362    -0.76007    -0.01362     0.00000     0.00000     0.00000     0.00000     0.00000    -0.82049
     5.56825    -0.03157    -0.01447    -0.73518    -0.01447     0.00000     0.00000     0.00000     0.00000     0.00000    -0.79568
     5.69325    -0.03048    -0.01519    -0.88007    -0.01518     0.00000     0.00000     0.00000     0.00000     0.00000    -0.94092
     5.81825    -0.03088    -0.01674    -0.79339    -0.01673     0.00000     0.00000     0.00000     0.00000     0.00000    -0.85774
     5.94225    -0.02997    -0.01786    -0.64001    -0.01785     0.00000     0.00000     0.00000     0.00000     0.00000    -0.70570
     6.06725    -0.03075    -0.01937    -0.73654    -0.01935     0.00000     0.00000     0.00000     0.00000     0.00000    -0.80601
     6.19225    -0.03244    -0.02164    -0.87536    -0.02158     0.00000     0.00000     0.00000     0.00000     0.00000    -0.95102
     6.31725    -0.03765    -0.02490    -0.79316    -0.02475     0.00000     0.00000     0.00000     0.00000     0.00000    -0.88046
     6.44225    -0.07436    -0.03396    -0.80435    -0.03169     0.00000     0.00000     0.00000     0.00000     0.00000    -0.94437
     6.56725    -0.37402    -0.09129    -0.70386    -0.06426     0.00000     0.00000     0.00000     0.00000     0.00000    -1.23343
     6.69225    -0.74978    -0.17356    -0.64190    -0.10973     0.00000     0.00000     0.00000     0.00000     0.00000    -1.67497
     6.81625    -0.60427    -0.15266    -0.45442    -0.09978     0.00000     0.00000     0.00000     0.00000     0.00000    -1.31113
     6.94125    -0.24788    -0.06520    -0.23660    -0.04184     0.00000     0.00000     0.00000     0.00000     0.00000    -0.59153
     7.06625    -0.03542    -0.00948    -0.04900    -0.00575     0.00000     0.00000     0.00000     0.00000     0.00000    -0.09965
     7.19125    -0.00103    -0.00029    -0.00172    -0.00017     0.00000     0.00000     0.00000     0.00000     0.00000    -0.00321
     7.31625    -0.00000    -0.00000    -0.00001    -0.00000     0.00000     0.00000     0.00000     0.00000     0.00000    -0.00001
     7.44125    -0.00000    -0.00000    -0.00000    -0.00000     0.00000     0.00000     0.00000     0.00000     0.00000    -0.00000
     7.56625    -0.00000    -0.00000    -0.00000    -0.00000     0.00000     0.00000     0.00000     0.00000     0.00000    -0.00000
     7.69025     0.00000     0.00000     0.00000     0.00000     0.00000     0.00000     0.00000     0.00000     0.00000     0.00000
     7.81525     0.00000     0.00000     0.00000     0.00000     0.00000     0.00000     0.00000     0.00000     0.00000     0.00000
     7.94025     0.00000     0.00000     0.00000     0.00000     0.00000     0.00000     0.00000     0.00000     0.00000     0.00000
     8.06525     0.00000     0.00000     0.00000     0.00000     0.00000     0.00000     0.00000     0.00000     0.00000     0.00000
     8.19025     0.00000     0.00000     0.00000     0.00000     0.00000     0.00000     0.00000     0.00000     0.00000     0.00000
     8.31525     0.00000     0.00000     0.00000     0.00000     0.00000     0.00000     0.00000     0.00000     0.00000     0.00000
     8.44025     0.00000     0.00000     0.00000     0.00000     0.00000     0.00000     0.00000     0.00000     0.00000     0.00000
     8.56425     0.00000     0.00000     0.00000     0.00000     0.00000     0.00000     0.00000     0.00000     0.00000     0.00000
     8.68925     0.00000     0.00000     0.00000     0.00000     0.00000     0.00000     0.00000     0.00000     0.00000     0.00000
     8.81425     0.00000     0.00000     0.00000     0.00000     0.00000     0.00000     0.00000     0.00000     0.00000     0.00000
     8.93925     0.00000     0.00000     0.00000     0.00000     0.00000     0.00000     0.00000     0.00000     0.00000     0.00000
