      #Energy        TDOS-UP        TDOS-DOWN
     -28.51875       0.00000       0.00000
     -28.39375       0.00000       0.00000
     -28.26875       0.00000       0.00000
     -28.14475       0.00000       0.00000
     -28.01975       0.00000       0.00000
     -27.89475       0.00000       0.00000
     -27.76975       0.00000       0.00000
     -27.64475       0.00000       0.00000
     -27.51975       0.00000       0.00000
     -27.39475       0.00000      -0.00000
     -27.27075       0.00000      -0.00000
     -27.14575       0.00001      -0.00004
     -27.02075       0.01278      -0.04439
     -26.89575       1.56400      -3.02400
     -26.77075      12.85000     -14.59000
     -26.64575       9.07500      -6.16600
     -26.52075       0.52130      -0.20000
     -26.39675       0.00187      -0.00038
     -26.27175       0.00000      -0.00000
     -26.14675       0.00000      -0.00000
     -26.02175       0.00000       0.00000
     -25.89675       0.00000       0.00000
     -25.77175       0.00000       0.00000
     -25.64675       0.00000       0.00000
     -25.52275       0.00000       0.00000
     -25.39775       0.00000       0.00000
     -25.27275       0.00000       0.00000
     -25.14775       0.00000       0.00000
     -25.02275       0.00000       0.00000
     -24.89775       0.00000       0.00000
     -24.77275       0.00000       0.00000
     -24.64875       0.00000       0.00000
     -24.52375       0.00000       0.00000
     -24.39875       0.00000       0.00000
     -24.27375       0.00000       0.00000
     -24.14875       0.00000       0.00000
     -24.02375       0.00000       0.00000
     -23.89875       0.00000       0.00000
     -23.77375       0.00000       0.00000
     -23.64975       0.00000       0.00000
     -23.52475       0.00000       0.00000
     -23.39975       0.00000       0.00000
     -23.27475       0.00000       0.00000
     -23.14975       0.00000       0.00000
     -23.02475       0.00000       0.00000
     -22.89975       0.00000       0.00000
     -22.77575       0.00000       0.00000
     -22.65075       0.00000       0.00000
     -22.52575       0.00000       0.00000
     -22.40075       0.00000       0.00000
     -22.27575       0.00000       0.00000
     -22.15075       0.00000       0.00000
     -22.02575       0.00000       0.00000
     -21.90175       0.00000       0.00000
     -21.77675       0.00000       0.00000
     -21.65175       0.00000       0.00000
     -21.52675       0.00000       0.00000
     -21.40175       0.00000       0.00000
     -21.27675       0.00000       0.00000
     -21.15175       0.00000       0.00000
     -21.02775       0.00000       0.00000
     -20.90275       0.00000       0.00000
     -20.77775       0.00000      -0.00000
     -20.65275       0.00000      -0.00000
     -20.52775       0.00012      -0.00013
     -20.40275       0.03042      -0.03119
     -20.27775       0.63540      -0.64300
     -20.15375       2.06200      -2.06900
     -20.02875       2.60600      -2.60900
     -19.90375       2.35800      -2.35200
     -19.77875       2.11500      -2.11300
     -19.65375       2.51500      -2.51600
     -19.52875       2.48700      -2.48600
     -19.40375       2.47900      -2.47900
     -19.27975       2.48400      -2.48400
     -19.15475       2.48600      -2.48600
     -19.02975       2.48900      -2.48900
     -18.90475       2.49400      -2.49400
     -18.77975       2.50100      -2.50100
     -18.65475       2.50400      -2.50400
     -18.52975       2.50900      -2.50900
     -18.40475       2.51400      -2.51400
     -18.28075       2.51900      -2.51900
     -18.15575       2.52500      -2.52500
     -18.03075       2.53000      -2.53000
     -17.90575       2.53600      -2.53600
     -17.78075       2.54200      -2.54200
     -17.65575       2.54900      -2.54900
     -17.53075       2.55700      -2.55700
     -17.40675       2.56500      -2.56500
     -17.28175       2.57200      -2.57200
     -17.15675       2.57900      -2.57900
     -17.03175       2.58500      -2.58500
     -16.90675       2.58900      -2.58900
     -16.78175       2.60900      -2.60900
     -16.65675       2.61700      -2.61700
     -16.53275       2.62600      -2.62600
     -16.40775       2.64700      -2.64700
     -16.28275       2.66500      -2.66500
     -16.15775       2.67200      -2.67300
     -16.03275       2.69800      -2.69800
     -15.90775       2.73600      -2.73600
     -15.78275       2.75800      -2.75900
     -15.65875       2.77700      -2.77700
     -15.53375       2.83200      -2.83100
     -15.40875       2.91200      -2.91300
     -15.28375       3.00800      -3.00900
     -15.15875       3.27200      -3.27400
     -15.03375       3.73400      -3.73600
     -14.90875       3.43100      -3.42800
     -14.78475       2.64700      -2.64300
     -14.65975       2.17500      -2.17400
     -14.53475       1.82600      -1.82500
     -14.40975       1.58300      -1.58200
     -14.28475       1.37000      -1.36900
     -14.15975       1.15000      -1.15000
     -14.03475       1.12800      -1.12900
     -13.90975       1.91500      -1.91800
     -13.78575       2.55400      -2.55500
     -13.66075       2.62000      -2.62000
     -13.53575       2.63600      -2.63600
     -13.41075       2.65400      -2.65400
     -13.28575       2.82100      -2.82200
     -13.16075       3.41200      -3.41600
     -13.03575       3.81300      -3.81200
     -12.91175       3.41800      -3.41600
     -12.78675       3.11400      -3.11300
     -12.66175       2.90700      -2.90700
     -12.53675       2.80500      -2.80400
     -12.41175       2.72600      -2.72600
     -12.28675       2.63000      -2.62900
     -12.16175       2.55300      -2.55300
     -12.03775       2.47700      -2.47700
     -11.91275       2.40900      -2.40900
     -11.78775       2.34800      -2.34800
     -11.66275       2.28900      -2.28800
     -11.53775       2.23600      -2.23600
     -11.41275       2.19900      -2.19900
     -11.28775       2.33700      -2.33800
     -11.16375       2.71200      -2.71300
     -11.03875       2.85400      -2.85400
     -10.91375       2.88100      -2.88000
     -10.78875       2.89900      -2.89900
     -10.66375       2.90800      -2.90800
     -10.53875       2.93200      -2.93200
     -10.41375       2.97400      -2.97400
     -10.28975       2.97200      -2.97200
     -10.16475       2.99500      -2.99400
     -10.03975       3.05700      -3.05700
      -9.91475       3.05100      -3.05100
      -9.78975       3.08600      -3.08500
      -9.66475       3.12600      -3.12600
      -9.53975       3.13700      -3.13700
      -9.41475       3.20500      -3.20500
      -9.29075       3.22800      -3.22800
      -9.16575       3.26700      -3.26600
      -9.04075       3.33200      -3.33200
      -8.91575       3.35700      -3.35800
      -8.79075       3.42800      -3.42700
      -8.66575       3.49900      -3.50000
      -8.54075       3.70100      -3.71000
      -8.41675       4.77100      -4.80000
      -8.29175       5.88000      -5.89500
      -8.16675       6.21500      -6.22700
      -8.04175       5.65200      -5.61600
      -7.91675       5.18700      -5.17800
      -7.79175       6.33100      -6.34300
      -7.66675       6.58600      -6.58600
      -7.54275       6.75800      -6.75900
      -7.41775       7.10400      -7.10500
      -7.29275       7.73900      -7.74100
      -7.16775       8.91000      -8.91300
      -7.04275       8.87000      -8.86800
      -6.91775       7.64300      -7.64000
      -6.79275       6.91800      -6.91800
      -6.66875       6.55500      -6.55400
      -6.54375       6.27200      -6.27200
      -6.41875       6.00200      -6.00100
      -6.29375       5.81000      -5.80900
      -6.16875       5.64400      -5.64400
      -6.04375       5.47500      -5.47400
      -5.91875       5.35800      -5.35800
      -5.79475       5.24000      -5.24000
      -5.66975       5.12500      -5.12600
      -5.54475       5.04500      -5.04400
      -5.41975       4.93100      -4.93100
      -5.29475       4.85000      -4.85000
      -5.16975       4.77300      -4.77400
      -5.04475       4.73900      -4.74000
      -4.92075       4.70900      -4.71000
      -4.79575       4.66600      -4.66600
      -4.67075       4.52600      -4.52400
      -4.54575       4.50200      -4.50200
      -4.42075       4.50500      -4.50500
      -4.29575       4.51400      -4.51600
      -4.17075       4.49100      -4.49100
      -4.04575       4.51200      -4.51300
      -3.92175       4.50900      -4.51100
      -3.79675       4.21500      -4.21500
      -3.67175       3.40200      -3.40300
      -3.54675       3.14600      -3.14700
      -3.42175       3.28300      -3.28600
      -3.29675       3.39200      -3.39100
      -3.17175       4.27900      -4.28900
      -3.04775       4.29400      -4.28200
      -2.92275       3.31200      -3.30100
      -2.79775       2.70000      -2.69500
      -2.67275       2.30800      -2.30400
      -2.54775       2.03300      -2.02700
      -2.42275       1.84600      -1.84600
      -2.29775       1.62200      -1.62000
      -2.17375       1.43600      -1.43300
      -2.04875       1.27100      -1.26900
      -1.92375       1.09600      -1.09400
      -1.79875       0.96100      -0.95850
      -1.67375       0.84610      -0.84440
      -1.54875       0.70950      -0.70800
      -1.42375       0.58670      -0.58480
      -1.29975       0.47450      -0.47260
      -1.17475       0.35910      -0.35750
      -1.04975       0.24400      -0.24230
      -0.92475       0.13410      -0.13240
      -0.79975       0.05980      -0.05942
      -0.67475       0.10020      -0.10170
      -0.54975       0.21120      -0.21300
      -0.42575       0.33300      -0.33500
      -0.30075       0.45820      -0.46050
      -0.17575       0.59320      -0.60880
      -0.05075       0.74870      -1.61500
       0.07425       0.91730      -5.54800
       0.19925       1.09200      -3.48800
       0.32425       1.33500      -1.44500
       0.44925       1.68200      -1.68300
       0.57325       2.51600      -2.17400
       0.69825       6.38800      -2.98500
       0.82325       8.45800      -4.78700
       0.94825       5.36100      -4.85600
       1.07325       3.78200      -3.74400
       1.19825       3.27300      -3.25800
       1.32325       2.69700      -2.68000
       1.44725       2.51100      -2.51000
       1.57225       2.70900      -2.71300
       1.69725       2.49900      -2.66200
       1.82225       2.38800      -4.44200
       1.94725       2.26100      -6.01900
       2.07225       2.35400      -4.85900
       2.19725       4.05900      -4.91600
       2.32125       5.43300      -7.41200
       2.44625       4.28600      -7.28300
       2.57125       4.12800      -3.93700
       2.69625       5.21600      -2.97400
       2.82125       6.17900      -4.96800
       2.94625       5.90400      -7.11800
       3.07125       6.34600      -6.81100
       3.19525       6.21800      -6.62700
       3.32025       6.91200      -7.65700
       3.44525       6.67500      -7.94000
       3.57025       6.97100      -7.25600
       3.69525       7.67700      -8.28000
       3.82025       7.65000      -8.93300
       3.94525       8.02600      -8.87600
       4.06925       8.74000      -8.71600
       4.19425       9.10500      -8.80600
       4.31925       9.07700     -10.25000
       4.44425       8.90900     -10.22000
       4.56925      10.15000      -9.32000
       4.69425      10.28000      -9.60600
       4.81925       9.44100     -10.57000
       4.94325       9.30300     -10.97000
       5.06825      10.51000     -10.22000
       5.19325      11.06000     -10.19000
       5.31825      10.81000     -10.75000
       5.44325      10.42000     -10.47000
       5.56825       9.38900     -10.42000
       5.69325      10.33000     -10.73000
       5.81825      10.95000     -11.31000
       5.94225      10.82000     -11.22000
       6.06725      10.72000     -11.54000
       6.19225      11.49000     -12.02000
       6.31725      12.05000     -12.27000
       6.44225      12.00000     -13.62000
       6.56725      13.51000     -14.38000
       6.69225      16.43000     -15.06000
       6.81625      15.78000     -11.98000
       6.94125      14.51000      -4.88200
       7.06625       9.37000      -0.73460
       7.19125       2.64800      -0.02477
       7.31625       0.30310      -0.00008
       7.44125       0.01528      -0.00000
       7.56625       0.00016      -0.00000
       7.69025       0.00000       0.00000
       7.81525       0.00000       0.00000
       7.94025       0.00000       0.00000
       8.06525       0.00000       0.00000
       8.19025       0.00000       0.00000
       8.31525       0.00000       0.00000
       8.44025       0.00000       0.00000
       8.56425       0.00000       0.00000
       8.68925       0.00000       0.00000
       8.81425       0.00000       0.00000
       8.93925       0.00000       0.00000
