 250 0.250000 -2.832000 95.373900 9.762730   -4.426900 93.382600 10.985300   
 500 0.500000 -3.075660 95.691800 9.909430   -4.901900 93.658900 10.554400   
 750 0.750000 -3.295080 95.789100 10.405100   -5.336680 94.022100 10.222200   
 1000 1.000000 -3.302210 95.687800 10.235200   -5.372700 94.040700 10.920900   
 1250 1.250000 -3.541840 95.642400 10.064900   -5.735050 93.722700 10.456600   
 1500 1.500000 -3.487580 95.601300 10.550900   -5.921310 93.964500 10.695700   
 1750 1.750000 -3.905520 95.496600 10.331300   -5.903730 93.694400 10.733400   
 2000 2.000000 -4.095420 95.151700 10.397500   -6.283350 93.402100 10.152900   
 2250 2.250000 -3.703790 95.123800 10.398300   -5.827120 93.455600 10.958700   
 2500 2.500000 -4.431220 95.010100 10.335200   -5.926260 92.697000 10.718300   
 2750 2.750000 -4.740770 95.149400 10.112600   -6.004790 92.589600 10.296700   
 3000 3.000000 -4.971380 94.988300 10.322400   -6.358360 92.526200 10.692700   
 3250 3.250000 -4.769850 94.562400 10.619700   -5.884510 91.944800 10.807600   
 3500 3.500000 -4.422050 94.558700 10.039300   -6.615280 92.874300 10.568900   
 3750 3.750000 -4.246550 94.707800 10.198600   -6.239450 93.134900 11.413200   
 4000 4.000000 -4.218790 95.501700 10.505800   -5.993250 93.401000 10.747100   
 4250 4.250000 -4.265170 95.624900 10.046200   -5.616030 93.550800 11.329000   
 4500 4.500000 -3.789410 95.492200 10.132300   -5.461800 93.424500 11.152200   
 4750 4.750000 -3.752420 95.545700 9.618240   -5.381210 93.883100 11.307100   
 5000 5.000000 -3.516750 95.694300 10.358100   -5.629310 93.846900 11.193200   
 5250 5.250000 -3.547600 95.388000 9.937750   -5.608780 93.727200 10.728100   
 5500 5.500000 -3.349300 95.009200 9.973930   -5.223440 93.328300 11.069200   
 5750 5.750000 -3.355080 95.055600 9.520160   -5.417270 93.226400 11.357900   
 6000 6.000000 -3.529670 94.938200 10.055600   -5.365890 93.180400 11.144700   
 6250 6.250000 -3.763550 94.733900 9.536580   -5.551150 93.300200 10.979000   
 6500 6.500000 -3.881900 94.921700 9.718880   -5.990940 93.022000 11.285200   
 6750 6.750000 -3.747390 94.713200 9.580500   -6.097740 93.123000 10.614800   
 7000 7.000000 -3.679240 94.837500 9.691960   -5.537640 93.087100 10.811600   
 7250 7.250000 -3.534130 94.912200 9.844160   -5.571420 93.246200 11.152200   
 7500 7.500000 -3.359180 94.681500 9.511720   -4.986820 92.756000 11.263700   
 7750 7.750000 -3.534890 94.531000 9.836710   -4.837010 92.304400 10.963400   
 8000 8.000000 -2.969010 94.723600 9.784090   -4.457650 92.446800 10.778000   
 8250 8.250000 -2.879300 95.150500 10.333400   -4.449590 93.072700 11.201000   
 8500 8.500000 -2.635330 95.372400 9.844260   -4.318860 93.424600 11.180400   
 8750 8.750000 -3.073350 95.605400 9.933580   -4.757180 93.899800 11.075200   
 9000 9.000000 -3.205860 95.451000 9.815960   -4.628010 92.842000 11.041400   
 9250 9.250000 -3.040050 95.443000 9.796780   -4.029990 92.899600 10.850900   
 9500 9.500000 -3.715020 95.931300 9.569790   -4.229150 93.238800 11.143100   
 9750 9.750000 -3.188830 96.284800 9.846620   -3.743740 93.888800 11.157200   
 10000 10.000000 -2.926590 96.771800 9.823490   -4.064060 94.499600 10.978900   
 10250 10.250000 -2.802850 96.425200 10.487800   -4.373320 94.266300 10.913000   
 10500 10.500000 -2.435360 95.989000 10.863900   -4.164650 93.921000 11.432800   
 10750 10.750000 -2.972860 96.225300 10.839000   -4.509490 93.896000 11.178700   
 11000 11.000000 -2.760120 96.293600 10.386400   -4.360270 94.088500 11.038700   
 11250 11.250000 -3.209230 96.843100 10.080600   -4.231660 94.526700 11.355700   
 11500 11.500000 -3.021080 96.553000 9.648630   -3.999490 94.239000 10.964500   
 11750 11.750000 -3.203730 96.037300 9.828710   -4.244090 94.025400 11.211600   
 12000 12.000000 -3.499070 95.727400 9.987390   -4.319250 93.319300 11.030900   
 12250 12.250000 -3.332090 95.685700 10.350200   -3.871240 93.013400 10.899000   
 12500 12.500000 -3.272840 95.266300 10.434000   -4.276170 92.613300 11.060200   
 12750 12.750000 -3.617340 95.213700 9.428040   -4.285360 92.655100 11.179900   
 13000 13.000000 -3.684470 95.107600 9.840780   -4.026890 92.659900 11.211900   
 13250 13.250000 -3.971840 95.229600 10.607000   -4.671530 92.327100 10.625100   
 13500 13.500000 -4.105280 94.805100 10.342400   -4.666720 92.349800 11.325500   
 13750 13.750000 -4.280900 94.779200 10.314100   -4.543000 91.965000 11.062300   
 14000 14.000000 -4.429270 95.019900 10.076000   -4.930750 92.209500 10.888400   
 14250 14.250000 -4.547020 95.283400 10.136900   -4.976600 92.374200 10.877100   
 14500 14.500000 -4.558080 94.961300 9.883810   -4.948810 92.140400 10.769200   
 14750 14.750000 -4.573920 94.880200 9.937910   -4.941420 92.233900 10.619400   
 15000 15.000000 -4.201150 95.575200 9.824850   -4.694680 92.753600 10.941500   
 15250 15.250000 -3.849540 95.590000 10.124300   -4.683990 92.844400 10.877600   
 15500 15.500000 -4.032070 96.008100 10.295600   -4.639200 92.927900 10.765400   
 15750 15.750000 -4.117660 96.021700 10.209700   -4.322890 93.095000 11.174600   
 16000 16.000000 -3.835570 95.309000 10.193700   -4.219940 92.461500 10.950100   
 16250 16.250000 -3.383920 95.093800 9.863990   -4.119510 92.592100 10.880200   
 16500 16.500000 -3.743790 95.235600 9.952150   -4.251750 92.734600 11.118000   
 16750 16.750000 -3.608500 95.776600 10.163300   -3.728770 93.040200 10.792700   
 17000 17.000000 -4.022870 96.070000 10.222000   -3.985720 93.029900 11.162300   
 17250 17.250000 -4.173800 96.085800 11.657400   -4.243330 93.357900 10.915600   
 17500 17.500000 -4.577090 96.296500 11.386000   -4.314150 93.514000 11.027300   
 17750 17.750000 -4.905250 96.128800 10.742900   -4.553000 93.373200 11.191700   
 18000 18.000000 -4.298140 95.623700 10.866400   -3.848160 92.915800 11.108700   
 18250 18.250000 -4.046890 96.160700 10.887700   -3.558910 93.331000 11.397900   
 18500 18.500000 -3.702190 96.623700 11.136300   -3.149760 94.000500 11.244700   
 18750 18.750000 -4.098530 96.310900 11.129100   -3.314670 93.659200 11.352600   
 19000 19.000000 -4.072200 95.906700 11.473500   -2.856820 93.524100 11.255800   
 19250 19.250000 -3.847930 95.816200 11.622900   -2.936140 93.060800 11.357500   
 19500 19.500000 -3.871500 95.884900 11.542100   -2.622490 93.279500 11.312900   
 19750 19.750000 -3.328290 95.978800 11.692600   -1.932240 93.412000 11.073600   
 20000 20.000000 -3.551780 95.776000 11.164100   -2.238960 93.327900 11.167900   
 20250 20.250000 -3.756150 95.787600 11.235400   -2.301130 93.327200 10.890100   
 20500 20.500000 -3.417030 95.828300 10.966800   -2.199300 93.406200 11.271900   
 20750 20.750000 -3.003330 95.639900 10.837100   -1.643470 93.223200 11.069800   
 21000 21.000000 -3.069530 95.835400 11.059400   -1.711290 93.164100 10.993700   
 21250 21.250000 -2.721690 96.079100 11.241600   -1.804510 93.510900 11.249100   
 21500 21.500000 -2.859810 96.107400 11.527800   -1.645570 93.581300 10.969400   
 21750 21.750000 -2.926140 95.955100 11.063900   -1.908660 93.479000 11.265700   
 22000 22.000000 -3.343780 95.880800 10.852300   -1.815270 93.460900 10.760700   
 22250 22.250000 -3.391940 95.899300 10.157600   -1.753350 93.653100 10.975200   
 22500 22.500000 -3.199220 96.044200 11.453500   -2.239750 93.279000 10.869700   
 22750 22.750000 -2.891340 96.051400 11.252600   -1.790270 93.536100 11.238000   
 23000 23.000000 -3.043410 96.247700 11.138600   -1.868800 93.847900 10.455200   
 23250 23.250000 -2.837530 96.350900 11.426700   -1.819820 93.683600 11.175900   
 23500 23.500000 -3.016080 96.495800 11.414400   -1.993260 93.901600 11.028000   
 23750 23.750000 -2.693750 96.643300 10.907200   -1.762830 93.834100 10.936700   
 24000 24.000000 -3.063850 96.593800 11.267000   -2.138160 93.785100 11.167300   
 24250 24.250000 -3.106120 95.975400 11.205200   -1.729990 93.456100 11.219900   
 24500 24.500000 -2.812700 96.112700 11.205300   -1.311160 93.527600 11.099500   
 24750 24.750000 -2.986730 96.338300 11.331500   -1.709880 93.782300 11.093100   
 25000 25.000000 -3.670010 96.034600 11.044600   -1.928310 93.203400 11.236400   
 25250 25.250000 -3.306640 96.504300 11.460700   -2.099350 93.822100 11.233400   
 25500 25.500000 -3.137000 96.155900 11.582800   -2.502270 93.525000 11.175800   
 25750 25.750000 -3.054690 96.017000 11.529100   -1.779520 93.374900 11.274200   
 26000 26.000000 -2.671270 95.849800 11.091500   -1.647080 93.228900 10.909700   
 26250 26.250000 -2.600370 95.897500 11.342900   -1.098680 93.654800 10.954600   
 26500 26.500000 -2.745330 96.280200 11.836600   -1.156750 94.044000 11.256700   
 26750 26.750000 -2.574060 96.290100 11.851400   -1.395970 93.883500 11.007900   
 27000 27.000000 -2.696310 96.108700 11.076200   -1.579950 93.532700 11.052500   
 27250 27.250000 -2.654190 96.084800 11.406200   -1.623450 93.525900 11.256000   
 27500 27.500000 -2.175160 96.063700 11.938300   -1.236000 93.691600 10.796600   
 27750 27.750000 -1.571980 96.271300 10.902700   -0.729503 93.445800 11.179400   
 28000 28.000000 -1.679630 95.801900 12.079600   -0.836855 93.439700 11.231500   
 28250 28.250000 -2.242880 96.036400 11.005900   -1.147310 93.213300 11.166000   
 28500 28.500000 -2.449850 95.675400 11.282300   -1.676530 92.932100 11.111300   
 28750 28.750000 -2.378780 95.431600 10.695200   -1.912620 92.330600 10.722600   
 29000 29.000000 -2.108230 95.338000 11.444100   -1.779490 92.391200 11.231600   
 29250 29.250000 -2.504060 95.126900 11.108300   -1.268380 92.137900 10.779100   
 29500 29.500000 -2.130360 94.509200 10.993000   -1.436230 91.921700 10.210300   
 29750 29.750000 -1.980830 94.447300 10.866100   -1.515830 92.032100 9.691790   
 30000 30.000000 -1.995090 94.821600 10.195700   -1.454510 91.871900 9.884450   
 30250 30.250000 -1.612430 94.931500 10.876700   -1.431150 91.754600 9.783160   
 30500 30.500000 -1.924560 94.680300 11.110900   -1.673580 92.041400 10.635800   
 30750 30.750000 -1.969510 95.223000 11.030200   -1.588800 92.403700 10.720400   
 31000 31.000000 -2.001850 95.463300 10.809900   -1.800250 92.711000 10.447400   
 31250 31.250000 -2.209850 95.347200 10.660700   -1.837240 92.556400 10.635300   
 31500 31.500000 -2.562490 95.078600 11.247800   -1.993060 92.236400 11.234400   
 31750 31.750000 -3.039870 95.393400 11.364600   -2.514610 92.594600 10.727700   
 32000 32.000000 -2.932140 95.054600 11.003700   -2.434710 92.248300 10.850100   
 32250 32.250000 -2.552440 94.832100 11.059900   -1.942290 92.150800 10.824200   
 32500 32.500000 -2.532390 95.276800 10.860000   -2.089350 92.527800 10.957900   
 32750 32.750000 -2.147850 95.126400 11.020800   -1.741640 92.347100 10.697300   
 33000 33.000000 -2.005740 95.768800 11.525100   -1.398960 92.833900 11.378700   
 33250 33.250000 -2.447870 95.828500 11.182100   -2.066830 93.260300 10.667400   
 33500 33.500000 -2.289640 95.806000 10.570000   -1.807040 92.810800 10.458600   
 33750 33.750000 -2.273620 96.536900 10.865500   -1.701070 93.313000 10.506100   
 34000 34.000000 -1.564210 96.501200 11.577500   -1.749720 93.365800 11.308200   
 34250 34.250000 -1.674960 96.467500 11.072300   -1.594240 93.736000 10.854800   
 34500 34.500000 -1.821480 96.300200 11.265000   -1.299100 93.449200 10.982000   
 34750 34.750000 -2.060190 96.657200 11.252100   -1.877840 93.880900 10.904000   
 35000 35.000000 -2.066380 96.574500 10.877900   -2.012930 93.732900 10.661200   
 35250 35.250000 -2.174630 96.730400 11.131600   -1.788770 93.527000 10.941100   
 35500 35.500000 -2.281030 96.201100 10.997600   -2.170150 93.203200 11.413600   
 35750 35.750000 -2.494660 96.242900 11.395900   -2.114180 93.490900 11.008900   
 36000 36.000000 -2.477810 96.090000 11.345800   -1.840490 93.171300 10.537800   
 36250 36.250000 -2.750290 95.912900 11.303300   -1.887970 93.131500 11.219800   
 36500 36.500000 -2.347930 96.051400 11.096500   -1.905570 93.332500 10.993300   
 36750 36.750000 -1.938020 95.980600 10.756900   -1.381080 93.204100 11.238000   
 37000 37.000000 -1.869360 95.887100 10.946600   -1.061050 93.112500 11.198800   
 37250 37.250000 -2.236310 95.940100 11.366900   -1.351900 93.355900 11.224500   
 37500 37.500000 -2.201650 95.940400 10.911800   -1.985970 93.231100 10.982600   
 37750 37.750000 -2.335310 96.058000 10.564400   -1.708510 93.322100 10.687400   
 38000 38.000000 -2.582730 96.646000 10.641000   -1.522290 94.021500 11.320600   
 38250 38.250000 -2.198360 96.212800 10.711500   -1.605240 93.440400 10.944100   
 38500 38.500000 -2.099940 96.239000 10.925100   -1.054710 93.490000 11.017500   
 38750 38.750000 -1.814420 96.281500 10.578900   -0.679210 93.571600 11.219000   
 39000 39.000000 -2.580320 96.251000 10.496500   -1.080810 93.607100 11.025700   
 39250 39.250000 -2.425910 96.056800 11.176000   -1.862090 93.466800 11.352600   
 39500 39.500000 -2.347940 96.132000 10.499600   -1.735210 93.046100 10.862800   
 39750 39.750000 -2.438360 95.635700 10.951400   -1.411420 93.068300 11.243100   
 40000 40.000000 -2.162170 95.690400 11.176800   -1.174030 92.821500 11.008900   
 40250 40.250000 -2.294470 95.816700 10.666200   -1.149080 93.310300 11.272000   
 40500 40.500000 -1.947780 95.993600 10.640900   -1.358070 93.210900 11.328100   
 40750 40.750000 -2.021180 95.771100 10.978000   -1.148870 93.195600 11.060100   
 41000 41.000000 -2.454260 96.308700 11.497500   -1.464760 93.587900 11.521300   
 41250 41.250000 -2.344180 95.956700 10.946200   -1.322790 93.399000 11.237800   
 41500 41.500000 -2.376970 95.708900 10.910300   -1.450320 92.848500 11.129100   
 41750 41.750000 -2.563650 95.406000 11.205300   -1.437410 92.607000 11.090500   
 42000 42.000000 -2.697890 95.467400 11.182500   -1.897330 92.644700 11.011700   
 42250 42.250000 -2.824940 95.860600 10.964200   -1.787670 92.933700 11.044100   
 42500 42.500000 -2.361790 95.870700 11.263100   -1.834960 92.945300 10.919500   
 42750 42.750000 -2.646530 95.910600 11.472200   -1.721890 93.318600 11.582600   
 43000 43.000000 -2.514850 95.694500 11.448100   -1.480410 93.239900 10.834400   
 43250 43.250000 -2.708310 95.820400 11.431000   -1.725870 93.312600 11.407700   
 43500 43.500000 -2.734670 96.028800 11.264500   -1.803100 93.240300 10.861300   
 43750 43.750000 -2.473010 96.000100 11.628800   -1.538680 93.127100 11.254500   
 44000 44.000000 -2.170770 95.902100 10.889000   -1.406040 93.198100 10.873900   
 44250 44.250000 -2.104030 96.013100 10.611300   -1.416700 93.097600 11.011100   
 44500 44.500000 -2.084550 96.011300 10.656200   -1.335220 93.395800 11.006400   
 44750 44.750000 -2.538170 96.444500 10.508300   -1.644940 93.878100 11.254500   
 45000 45.000000 -2.448710 96.576200 10.622700   -1.584420 93.882600 10.953300   
 45250 45.250000 -2.669000 97.000900 11.103200   -1.909950 94.068000 11.124300   
 45500 45.500000 -2.223200 96.971800 11.315800   -1.464390 94.016800 11.141000   
 45750 45.750000 -2.455170 97.074200 11.112000   -1.593150 94.409700 11.009400   
 46000 46.000000 -1.731630 97.368500 10.918800   -1.449330 94.425200 11.378200   
 46250 46.250000 -1.833790 97.364500 11.037700   -1.595670 94.615600 11.010600   
 46500 46.500000 -2.268050 97.508700 11.059400   -1.548720 94.841900 11.490500   
 46750 46.750000 -2.681060 97.190500 11.153600   -1.767310 94.261700 10.794300   
 47000 47.000000 -2.956080 97.347400 10.764000   -1.778630 94.428800 10.891100   
 47250 47.250000 -2.951870 97.395200 9.779130   -1.779790 94.658400 11.258800   
 47500 47.500000 -3.920350 97.916500 9.965010   -1.467470 94.685000 11.077100   
 47750 47.750000 -4.149540 98.025600 9.908510   -1.871560 95.114200 10.983700   
 48000 48.000000 -4.389100 98.101200 9.829810   -2.714690 95.341600 11.050300   
 48250 48.250000 -4.642170 97.712800 9.807070   -2.843100 95.311000 10.413300   
 48500 48.500000 -3.990990 97.771100 9.732470   -2.188360 94.848800 11.189200   
 48750 48.750000 -3.654590 97.622000 10.079400   -1.615290 94.625900 11.255100   
 49000 49.000000 -3.527280 97.533800 9.857640   -2.024140 94.877700 10.962000   
 49250 49.250000 -3.380290 97.344400 9.791650   -2.036720 94.320400 10.668300   
 49500 49.500000 -3.144070 97.535300 10.122900   -1.631770 94.200200 11.112400   
 49750 49.750000 -3.037180 97.052400 10.230900   -2.266960 94.603500 11.281600   
 50000 50.000000 -2.697190 97.337300 10.637300   -2.431840 94.531800 10.737700   
 50250 50.250000 -2.626420 97.772400 10.786200   -1.705450 95.203700 11.347900   
 50500 50.500000 -2.879450 97.352800 10.829400   -2.134400 94.631300 10.818500   
 50750 50.750000 -2.865870 97.306000 11.117000   -2.080520 94.512400 10.899000   
 51000 51.000000 -2.585390 97.395400 11.271100   -1.443320 94.212500 11.273400   
 51250 51.250000 -3.153040 96.815500 10.870800   -1.352710 94.617300 11.031600   
 51500 51.500000 -3.109670 96.740900 10.086500   -1.489990 94.646800 10.929400   
 51750 51.750000 -2.897480 96.773800 10.263200   -1.297090 94.539700 10.735000   
 52000 52.000000 -2.868540 96.711400 11.176000   -1.422790 94.315900 11.247900   
 52250 52.250000 -2.515450 96.791400 11.229600   -1.000120 94.419600 11.391900   
 52500 52.500000 -2.467700 96.654700 10.400100   -0.887206 94.311200 10.648600   
 52750 52.750000 -2.381000 97.139000 10.789500   -1.010060 94.821500 10.944700   
 53000 53.000000 -2.710470 97.095300 11.079100   -1.043600 94.788400 11.001200   
 53250 53.250000 -2.204290 97.790200 11.044500   -1.217280 94.850200 10.952100   
 53500 53.500000 -2.460650 98.385900 10.995900   -1.533190 95.421900 10.884900   
 53750 53.750000 -2.593350 97.972200 10.985300   -1.416120 95.227400 10.755500   
 54000 54.000000 -2.511050 98.107600 11.104000   -1.380880 95.329000 11.078200   
 54250 54.250000 -2.257070 97.951200 10.911100   -1.246270 95.193400 11.068900   
 54500 54.500000 -1.984580 98.372500 11.391700   -1.307910 95.483600 10.957500   
 54750 54.750000 -2.149120 98.212300 11.483600   -0.985871 95.602400 11.371500   
 55000 55.000000 -2.592540 98.231100 10.799500   -1.122810 96.018600 11.258300   
 55250 55.250000 -2.475770 98.403400 11.040300   -1.474140 95.805500 11.177300   
 55500 55.500000 -2.648810 97.928500 11.171900   -1.556980 95.470000 11.311100   
 55750 55.750000 -2.309580 98.061600 10.952000   -1.324620 95.368700 10.864800   
 56000 56.000000 -2.338340 98.581800 11.148400   -1.383670 95.043100 10.975700   
 56250 56.250000 -2.672650 98.451000 11.214000   -2.254120 95.350200 11.435900   
 56500 56.500000 -2.992050 98.524900 10.533300   -2.531900 95.559400 10.942900   
 56750 56.750000 -2.413040 98.362900 10.708100   -1.938600 95.631600 10.585200   
 57000 57.000000 -2.793180 97.712100 11.165400   -1.972950 94.773500 11.412600   
 57250 57.250000 -2.651190 98.047000 11.321100   -1.826510 95.104100 11.024500   
 57500 57.500000 -2.679460 98.104400 10.549000   -1.986140 95.172600 11.161700   
 57750 57.750000 -3.236370 98.004900 10.835700   -2.189960 95.313700 10.934700   
 58000 58.000000 -3.163020 98.391500 10.743900   -2.513490 95.761500 10.825200   
 58250 58.250000 -2.920200 98.536200 10.557300   -2.569610 95.716900 11.220300   
 58500 58.500000 -3.297640 98.083900 10.105100   -2.055300 95.537100 11.210900   
 58750 58.750000 -3.027170 97.884700 10.332600   -2.254260 95.345100 11.142000   
 59000 59.000000 -3.119690 98.207500 9.903850   -2.392070 95.637100 10.936800   
 59250 59.250000 -3.482050 98.083900 9.819060   -2.785430 95.827500 11.296500   
 59500 59.500000 -3.586170 98.069500 10.002600   -2.681850 95.511800 11.175600   
 59750 59.750000 -3.552590 97.794200 9.804190   -2.445480 95.520100 11.033500   
 60000 60.000000 -3.134240 97.922000 9.456640   -1.828160 95.495000 11.057300   
 60250 60.250000 -2.976670 97.919700 9.680100   -1.833910 95.877600 11.438100   
 60500 60.500000 -3.736830 97.966000 9.483160   -1.811350 95.880500 11.073500   
 60750 60.750000 -3.562880 98.397700 9.509980   -2.150270 96.565200 11.285700   
 61000 61.000000 -3.915210 98.624400 9.813630   -2.331930 96.812400 11.128800   
 61250 61.250000 -3.805700 98.933800 10.046500   -1.711430 97.273400 11.161800   
 61500 61.500000 -3.932120 98.988800 10.245300   -1.441420 97.373700 11.093200   
 61750 61.750000 -3.688660 99.185000 10.044600   -1.416980 97.419800 10.861000   
 62000 62.000000 -3.196950 99.595600 10.276700   -1.581190 97.233200 11.318200   
 62250 62.250000 -3.106700 99.315100 10.277500   -0.928733 97.714500 10.916100   
 62500 62.500000 -2.900590 99.480800 10.185400   -0.745959 97.280300 10.402000   
 62750 62.750000 -2.999900 99.280200 10.221500   -0.569398 97.688300 10.304600   
 63000 63.000000 -3.192200 99.224900 10.340700   -1.053710 97.176300 10.916300   
 63250 63.250000 -3.131250 99.382800 10.978300   -1.149880 97.658900 11.195600   
 63500 63.500000 -3.329370 99.334900 9.771760   -0.658593 98.036600 11.251900   
 63750 63.750000 -3.515720 99.197800 10.377400   -1.205380 97.644300 11.266400   
 64000 64.000000 -3.259650 99.280500 10.381900   -1.282460 97.186900 10.870300   
 64250 64.250000 -3.206440 99.476400 9.862150   -1.205740 97.789800 11.066900   
 64500 64.500000 -3.271210 99.480100 10.762500   -0.993341 97.592400 10.842000   
 64750 64.750000 -2.528810 99.398700 10.766400   -0.722834 97.375000 11.339200   
 65000 65.000000 -2.667450 99.154500 10.452400   -0.868994 97.210100 10.857000   
 65250 65.250000 -2.487840 99.409000 10.351200   -0.622988 97.220100 10.939800   
 65500 65.500000 -2.817460 99.243300 10.514000   -0.760421 97.276300 11.259300   
 65750 65.750000 -3.249920 99.533300 10.304200   -1.447780 97.475700 10.557900   
 66000 66.000000 -3.667310 99.503900 10.159900   -1.540200 97.949500 10.934900   
 66250 66.250000 -3.074030 99.503600 10.703300   -1.149360 97.694000 10.897600   
 66500 66.500000 -2.795660 100.058000 11.007400   -1.144940 97.762500 11.003500   
 66750 66.750000 -2.997550 100.200000 11.301200   -1.100020 98.067800 11.147300   
 67000 67.000000 -3.024410 100.097000 10.899100   -0.886445 98.262300 11.325400   
 67250 67.250000 -3.271850 99.429900 10.468100   -1.103280 97.655800 10.890700   
 67500 67.500000 -2.899750 99.362500 10.588100   -0.973014 97.580100 11.048700   
 67750 67.750000 -3.057470 99.258300 9.920970   -1.013260 97.400100 11.114300   
 68000 68.000000 -3.158090 99.228000 10.735300   -0.698469 97.956600 10.999400   
 68250 68.250000 -3.009520 99.350500 10.433400   -0.549826 98.298700 11.364500   
 68500 68.500000 -2.343650 99.828100 10.237800   -0.607440 97.669100 11.114300   
 68750 68.750000 -2.571170 99.495500 10.488400   -0.511825 97.929900 11.209200   
 69000 69.000000 -2.778880 99.454900 10.472900   -0.793552 97.452700 10.900100   
 69250 69.250000 -2.634250 99.757700 10.335200   -0.887877 97.897100 11.243900   
 69500 69.500000 -2.618110 100.081000 10.387500   -0.780157 98.270900 11.034900   
 69750 69.750000 -2.554560 100.169000 10.838300   -0.830124 98.168400 11.019400   
 70000 70.000000 -2.696280 99.899900 10.787100   -1.014470 97.630400 10.967200   
 70250 70.250000 -2.445080 99.558700 11.537300   -0.210018 98.112500 11.079500   
 70500 70.500000 -2.271430 99.349300 11.634500   0.260803 98.120300 11.436200   
 70750 70.750000 -2.208360 99.515100 11.123100   0.307005 98.488800 10.943100   
 71000 71.000000 -1.773210 99.652700 11.201300   0.404540 97.947400 11.189200   
 71250 71.250000 -1.760040 99.362700 11.034500   0.620797 98.133800 11.153800   
 71500 71.500000 -1.941150 99.682900 11.069100   0.084923 97.722300 11.003200   
 71750 71.750000 -1.788060 99.877600 10.854200   0.087153 97.899900 11.090700   
 72000 72.000000 -1.801650 100.286000 10.559500   0.307903 98.534000 11.178900   
 72250 72.250000 -1.928610 100.378000 10.947500   0.530142 98.972300 11.233600   
 72500 72.500000 -1.760620 100.810000 10.973700   0.409355 98.859000 11.008800   
 72750 72.750000 -2.036580 101.258000 11.175800   0.079752 99.516800 11.426300   
 73000 73.000000 -1.906040 101.190000 10.970500   -0.002913 99.312400 11.044300   
 73250 73.250000 -2.186360 100.779000 10.432200   0.109031 99.354200 11.226500   
 73500 73.500000 -2.009470 100.827000 11.095200   0.068291 98.901800 11.208300   
 73750 73.750000 -1.953350 101.318000 11.024100   0.028021 99.486600 11.068800   
 74000 74.000000 -2.388040 101.537000 10.684300   -0.251564 100.087000 11.471600   
 74250 74.250000 -2.086990 101.481000 10.451500   0.263112 99.974700 10.956400   
 74500 74.500000 -1.722680 101.881000 10.936900   0.255710 100.137000 11.354800   
 74750 74.750000 -1.805250 101.858000 11.091800   0.168455 100.094000 11.253100   
 75000 75.000000 -1.916750 101.644000 10.497700   0.059057 99.866300 11.243000   
 75250 75.250000 -2.143470 101.786000 10.749300   0.360489 100.279000 11.116800   
 75500 75.500000 -1.637580 101.858000 10.867300   0.344767 100.071000 11.215700   
 75750 75.750000 -1.901870 102.525000 10.413900   0.006512 100.765000 11.106900   
 76000 76.000000 -2.203740 102.719000 10.162800   -0.648472 100.987000 11.251500   
 76250 76.250000 -2.167420 103.199000 10.389900   -0.885857 100.845000 11.117200   
 76500 76.500000 -2.302820 103.444000 10.607700   -0.845059 100.911000 11.070700   
 76750 76.750000 -2.126880 102.965000 10.668300   -0.359190 101.092000 11.185100   
 77000 77.000000 -2.456480 103.319000 10.999800   -0.191437 102.040000 11.304300   
 77250 77.250000 -2.842620 103.512000 10.891100   -0.087357 102.167000 11.158100   
 77500 77.500000 -2.780660 103.400000 10.971500   -0.620705 101.664000 11.167400   
 77750 77.750000 -3.059140 103.280000 11.053700   -0.956607 101.590000 11.140700   
 78000 78.000000 -3.971730 102.950000 11.255100   -1.372530 101.590000 11.394600   
 78250 78.250000 -3.654580 103.160000 10.264600   -1.248940 101.526000 11.038000   
 78500 78.500000 -3.039120 103.239000 10.890200   -1.087470 101.009000 11.393800   
 78750 78.750000 -2.435560 102.594000 10.820800   0.003592 101.207000 11.241400   
 79000 79.000000 -3.032940 102.522000 11.786400   -0.628305 101.054000 11.287600   
 79250 79.250000 -3.232040 102.439000 10.372900   -1.194710 100.693000 11.195900   
 79500 79.500000 -2.872800 102.934000 10.421000   -1.256540 100.902000 11.535800   
 79750 79.750000 -2.809760 103.420000 9.728860   -1.246530 101.124000 10.941500   
 80000 80.000000 -2.653270 103.401000 9.816630   -1.995500 101.258000 11.299700   
 80250 80.250000 -3.177030 104.302000 9.710130   -2.344420 101.479000 11.049000   
 80500 80.500000 -2.778090 103.456000 9.771250   -2.155160 100.860000 10.700400   
 80750 80.750000 -2.764040 104.075000 9.775570   -2.262080 101.677000 11.357300   
 81000 81.000000 -3.126660 103.799000 9.969000   -2.282110 101.323000 11.168700   
 81250 81.250000 -2.979910 103.855000 9.758160   -2.037610 101.525000 11.171200   
 81500 81.500000 -3.031430 103.717000 10.128200   -1.970640 101.319000 11.295000   
 81750 81.750000 -3.131590 103.655000 10.349300   -1.351830 101.608000 11.242200   
 82000 82.000000 -3.458700 103.774000 10.101400   -1.745360 101.415000 10.932400   
 82250 82.250000 -3.159200 103.859000 10.081200   -1.643540 101.705000 11.012300   
 82500 82.500000 -3.043570 103.960000 9.940440   -1.386200 101.915000 11.323000   
 82750 82.750000 -3.596190 103.493000 9.886730   -1.552130 101.770000 11.031100   
 83000 83.000000 -3.024100 103.819000 9.926210   -1.519180 101.638000 10.946600   
 83250 83.250000 -2.747970 104.062000 9.652950   -1.037800 102.085000 10.629700   
 83500 83.500000 -3.015360 104.124000 9.218270   -1.275610 102.100000 9.947730   
 83750 83.750000 -2.804230 104.415000 9.061050   -1.260360 102.139000 9.879970   
 84000 84.000000 -2.751960 105.018000 9.868410   -1.613400 102.394000 10.034200   
 84250 84.250000 -3.118250 104.885000 9.537390   -1.466820 102.400000 10.253700   
 84500 84.500000 -3.353380 104.507000 9.788270   -1.654690 102.373000 10.536700   
 84750 84.750000 -2.946850 104.552000 9.917080   -1.225700 102.004000 10.560100   
 85000 85.000000 -3.081440 104.125000 9.778010   -1.476330 101.909000 10.571100   
 85250 85.250000 -2.704930 104.469000 9.827130   -1.392650 102.153000 11.054800   
 85500 85.500000 -2.649500 104.726000 9.804620   -1.193580 102.789000 10.846600   
 85750 85.750000 -2.694550 105.310000 9.535560   -1.266700 102.336000 10.464200   
 86000 86.000000 -2.695440 104.348000 9.202770   -1.676110 101.803000 10.327300   
 86250 86.250000 -2.557740 104.055000 9.485940   -1.301920 101.891000 10.880800   
 86500 86.500000 -2.726070 104.634000 9.722580   -1.315710 102.284000 10.744100   
 86750 86.750000 -2.573550 104.647000 9.554750   -1.495240 102.444000 10.725400   
 87000 87.000000 -2.724330 104.697000 9.934410   -1.591940 101.967000 10.875000   
 87250 87.250000 -2.953640 104.628000 9.835350   -1.523510 102.334000 11.043700   
 87500 87.500000 -3.105260 104.619000 10.185500   -1.460880 102.360000 11.116900   
 87750 87.750000 -3.475510 104.083000 9.892180   -1.900220 101.953000 11.041700   
 88000 88.000000 -2.924040 103.652000 9.820800   -1.721580 101.696000 11.294100   
 88250 88.250000 -3.153020 103.781000 9.726870   -1.665190 101.712000 11.008400   
 88500 88.500000 -3.697190 103.644000 10.060800   -1.625230 101.508000 11.109100   
 88750 88.750000 -3.541330 103.342000 10.182300   -1.766270 101.353000 11.062400   
 89000 89.000000 -3.765400 103.460000 9.800070   -1.763910 101.968000 11.413800   
 89250 89.250000 -3.579590 103.274000 9.390900   -1.494190 102.295000 11.240000   
 89500 89.500000 -4.238260 103.308000 10.286600   -1.796980 102.097000 11.096800   
 89750 89.750000 -4.724650 103.383000 9.472140   -2.392340 101.153000 11.214600   
 90000 90.000000 -4.490700 102.984000 10.152900   -2.101870 101.815000 11.175200   
 90250 90.250000 -4.426650 102.797000 9.830290   -2.008990 102.010000 11.012200   
 90500 90.500000 -4.012380 102.923000 9.817620   -1.807320 101.596000 11.148400   
 90750 90.750000 -4.303840 102.334000 9.453280   -1.624380 101.296000 10.725500   
 91000 91.000000 -4.664420 102.858000 9.629800   -2.014660 101.440000 10.712000   
 91250 91.250000 -4.828370 102.783000 9.912020   -2.628720 101.191000 11.313200   
 91500 91.500000 -4.868240 102.653000 9.583790   -2.768310 101.109000 10.772600   
 91750 91.750000 -4.729560 103.025000 9.932580   -2.900620 101.409000 11.210200   
 92000 92.000000 -4.614100 103.404000 10.036600   -2.848860 101.512000 10.849500   
 92250 92.250000 -4.592330 103.833000 10.374900   -2.736500 101.622000 10.938700   
 92500 92.500000 -4.594800 103.966000 9.581010   -3.398060 101.618000 10.577500   
 92750 92.750000 -4.307890 104.125000 10.013500   -3.199660 101.764000 10.660300   
 93000 93.000000 -4.144840 103.817000 10.415100   -3.698530 101.074000 10.916000   
 93250 93.250000 -3.881660 103.778000 10.423600   -4.377550 101.311000 11.455700   
 93500 93.500000 -4.033140 103.586000 10.409000   -4.325260 100.879000 10.822900   
 93750 93.750000 -4.120840 103.343000 10.229500   -3.805540 100.477000 11.086100   
 94000 94.000000 -3.758020 103.088000 10.447400   -3.721020 100.595000 11.327000   
 94250 94.250000 -3.773120 103.639000 10.035500   -3.610750 100.924000 10.875400   
 94500 94.500000 -3.659800 103.649000 10.136300   -3.417820 100.946000 10.830000   
 94750 94.750000 -3.576760 103.586000 9.937460   -3.604450 100.888000 10.388900   
 95000 95.000000 -3.794910 103.723000 9.454560   -4.347690 101.377000 10.924800   
 95250 95.250000 -3.632100 103.837000 9.100180   -4.119880 101.378000 10.600100   
 95500 95.500000 -3.593320 103.836000 9.766940   -3.872100 101.113000 10.381200   
 95750 95.750000 -4.046210 103.343000 10.179200   -4.082160 100.467000 10.663800   
 96000 96.000000 -3.688210 103.445000 9.782170   -4.280450 100.739000 10.946300   
 96250 96.250000 -2.777940 103.713000 9.282930   -4.121680 101.322000 10.645000   
 96500 96.500000 -2.913140 103.335000 9.824930   -4.110460 100.765000 10.629400   
 96750 96.750000 -2.575030 103.151000 9.658610   -3.562200 100.762000 11.176900   
 97000 97.000000 -2.808950 102.856000 9.499940   -3.974720 100.646000 10.815500   
 97250 97.250000 -2.839370 103.269000 9.999980   -3.857180 100.839000 11.167800   
 97500 97.500000 -2.710320 103.455000 10.264600   -3.943530 101.013000 10.884800   
 97750 97.750000 -2.822070 103.409000 9.852730   -3.832420 100.936000 10.955500   
 98000 98.000000 -3.040120 103.286000 9.369510   -4.165470 101.056000 10.517500   
 98250 98.250000 -3.025470 103.702000 9.919660   -3.557470 100.534000 11.073700   
 98500 98.500000 -2.935840 103.231000 10.069800   -3.329520 100.741000 11.132700   
 98750 98.750000 -2.726590 103.734000 9.743360   -4.116350 101.738000 11.039800   
 99000 99.000000 -2.251400 103.596000 10.061600   -4.056920 101.767000 11.311600   
 99250 99.250000 -2.891320 103.337000 9.515030   -3.742680 101.100000 11.038800   
 99500 99.500000 -2.882100 103.418000 9.700780   -3.266230 101.000000 10.836900   
 99750 99.750000 -2.970190 103.840000 9.721230   -3.634230 101.545000 11.178400   
 100000 100.000000 -2.667580 103.078000 9.304480   -3.908060 101.057000 11.043800   
 100250 100.250000 -2.366720 103.329000 9.822890   -3.621270 100.878000 10.332000   
