0.000000  0.000000  0.000000  0.000000  0.000000
0.200000  2.097987  26.224840  1.761329  2.434646
0.400000  0.946910  5.918188  0.655246  1.238574
0.600000  0.615662  2.565259  0.450958  0.780366
0.800000  0.461192  1.441225  0.351643  0.570741
1.000000  0.427095  1.067738  0.349359  0.504831
1.200000  0.417090  0.868937  0.328573  0.505607
1.400000  0.442815  0.790742  0.350074  0.535557
1.600000  0.448224  0.700350  0.357879  0.538569
1.800000  0.451919  0.627666  0.354332  0.549507
2.000000  0.441494  0.551867  0.348612  0.534376
2.200000  0.429010  0.487511  0.335204  0.522815
2.400000  0.422572  0.440179  0.331685  0.513458
2.600000  0.409658  0.393902  0.317717  0.501599
2.800000  0.395735  0.353334  0.306165  0.485304
3.000000  0.394788  0.328990  0.307073  0.482504
3.200000  0.394849  0.308476  0.308970  0.480728
3.400000  0.394429  0.290021  0.301007  0.487851
3.600000  0.405034  0.281274  0.314867  0.495201
3.800000  0.385775  0.253799  0.304585  0.466966
4.000000  0.379004  0.236878  0.287457  0.470551
4.200000  0.380063  0.226228  0.292745  0.467382
4.400000  0.389898  0.221533  0.303400  0.476395
4.600000  0.372296  0.202335  0.285872  0.458720
4.800000  0.367910  0.191620  0.277949  0.457871
5.000000  0.364492  0.182246  0.277456  0.451528
5.200000  0.356456  0.171373  0.269112  0.443799
5.400000  0.373370  0.172856  0.275062  0.471677
5.600000  0.376114  0.167908  0.280210  0.472017
5.800000  0.378374  0.163092  0.287069  0.469678
6.000000  0.366501  0.152709  0.277169  0.455832
6.200000  0.357856  0.144297  0.278006  0.437706
6.400000  0.368757  0.144046  0.283269  0.454246
6.600000  0.358419  0.135765  0.274690  0.442148
6.800000  0.359155  0.132042  0.267977  0.450333
7.000000  0.360205  0.128645  0.269610  0.450800
7.200000  0.365817  0.127020  0.275353  0.456281
7.400000  0.369122  0.124703  0.289366  0.448878
7.600000  0.363361  0.119527  0.274547  0.452175
7.800000  0.362920  0.116320  0.274167  0.451672
8.000000  0.358253  0.111954  0.268473  0.448034
8.200000  0.359486  0.109599  0.270097  0.448874
8.400000  0.365640  0.108821  0.263274  0.468006
8.600000  0.375703  0.109216  0.274419  0.476986
8.800000  0.381657  0.108425  0.286785  0.476529
9.000000  0.369364  0.102601  0.274211  0.464518
9.200000  0.371532  0.100960  0.262653  0.480411
9.400000  0.370660  0.098580  0.252383  0.488937
9.600000  0.377456  0.098296  0.272423  0.482490
9.800000  0.363538  0.092739  0.261831  0.465246
10.000000  0.367321  0.091830  0.273287  0.461354
10.200000  0.364901  0.089436  0.267452  0.462349
10.400000  0.358801  0.086250  0.251865  0.465736
10.600000  0.360471  0.085017  0.254921  0.466022
10.800000  0.367387  0.085043  0.264568  0.470205
11.000000  0.369202  0.083909  0.265208  0.473196
11.200000  0.359507  0.080247  0.265919  0.453095
11.400000  0.362453  0.079485  0.257051  0.467855
11.600000  0.362459  0.078116  0.261680  0.463238
11.800000  0.359231  0.076108  0.258343  0.460119
12.000000  0.365607  0.076168  0.260669  0.470546
12.200000  0.370626  0.075948  0.260955  0.480297
12.400000  0.362554  0.073096  0.250433  0.474675
12.600000  0.365660  0.072552  0.258095  0.473225
12.800000  0.363732  0.071041  0.258113  0.469351
13.000000  0.359996  0.069230  0.262356  0.457636
13.200000  0.339964  0.064387  0.243969  0.435959
13.400000  0.342953  0.063984  0.239120  0.446785
13.600000  0.360043  0.066184  0.244419  0.475668
13.800000  0.358002  0.064855  0.254552  0.461452
14.000000  0.350296  0.062553  0.244616  0.455977
14.200000  0.345915  0.060900  0.239455  0.452374
14.400000  0.363503  0.063108  0.256353  0.470653
14.600000  0.353121  0.060466  0.251165  0.455076
14.800000  0.350800  0.059257  0.245558  0.456042
15.000000  0.347721  0.057953  0.250538  0.444903
15.200000  0.356658  0.058661  0.263602  0.449714
15.400000  0.350312  0.056869  0.251777  0.448847
15.600000  0.362195  0.058044  0.256651  0.467738
15.800000  0.361608  0.057216  0.255079  0.468137
16.000000  0.355900  0.055609  0.256518  0.455283
16.200000  0.353756  0.054592  0.251662  0.455851
16.400000  0.349810  0.053325  0.241650  0.457969
16.600000  0.353138  0.053184  0.251718  0.454559
16.800000  0.351540  0.052312  0.244514  0.458565
17.000000  0.350505  0.051545  0.240237  0.460773
17.200000  0.353291  0.051350  0.245285  0.461297
17.400000  0.353546  0.050797  0.243265  0.463828
17.600000  0.361988  0.051419  0.256308  0.467667
17.800000  0.357849  0.050260  0.248539  0.467159
18.000000  0.350349  0.048660  0.251863  0.448835
18.200000  0.351825  0.048328  0.241882  0.461768
18.400000  0.352394  0.047880  0.240266  0.464522
18.600000  0.351607  0.047259  0.244694  0.458521
18.800000  0.355991  0.047339  0.251595  0.460386
19.000000  0.359082  0.047248  0.252144  0.466020
19.200000  0.355293  0.046262  0.252614  0.457971
19.400000  0.347775  0.044816  0.233452  0.462098
19.600000  0.353742  0.045120  0.243275  0.464210
19.800000  0.358098  0.045214  0.249273  0.466922
20.000000  0.348599  0.043575  0.245096  0.452102
20.200000  0.347763  0.043040  0.247586  0.447939
20.400000  0.347773  0.042619  0.244105  0.451441
20.600000  0.354152  0.042980  0.245874  0.462431
20.800000  0.354293  0.042583  0.246322  0.462264
21.000000  0.350470  0.041723  0.245760  0.455180
21.200000  0.361949  0.042683  0.250512  0.473385
21.400000  0.358723  0.041907  0.247839  0.469606
21.600000  0.365111  0.042258  0.249007  0.481215
21.800000  0.354872  0.040696  0.234422  0.475321
22.000000  0.359206  0.040819  0.246996  0.471416
22.200000  0.345139  0.038867  0.241061  0.449217
22.400000  0.345213  0.038528  0.244594  0.445832
22.600000  0.352940  0.039042  0.239121  0.466759
22.800000  0.347459  0.038099  0.225028  0.469889
23.000000  0.356120  0.038709  0.242770  0.469469
23.200000  0.358213  0.038601  0.248046  0.468381
23.400000  0.356785  0.038118  0.238695  0.474875
23.600000  0.358765  0.038005  0.237868  0.479661
23.800000  0.358025  0.037608  0.242877  0.473173
24.000000  0.350895  0.036552  0.231033  0.470757
24.200000  0.360384  0.037230  0.246620  0.474148
24.400000  0.358820  0.036764  0.244565  0.473074
24.600000  0.359964  0.036582  0.245089  0.474839
24.800000  0.356344  0.035922  0.233943  0.478745
25.000000  0.349685  0.034969  0.241797  0.457573
25.200000  0.362018  0.035914  0.249687  0.474349
25.400000  0.361680  0.035598  0.243400  0.479959
25.600000  0.353060  0.034479  0.229126  0.476994
25.800000  0.356152  0.034511  0.238865  0.473440
26.000000  0.353149  0.033957  0.241609  0.464690
26.200000  0.362776  0.034616  0.245444  0.480107
26.400000  0.355831  0.033696  0.234914  0.476749
26.600000  0.355247  0.033388  0.234969  0.475524
26.800000  0.357519  0.033351  0.237510  0.477529
27.000000  0.362778  0.033591  0.249447  0.476109
27.200000  0.363744  0.033432  0.241158  0.486331
27.400000  0.365604  0.033358  0.250229  0.480980
27.600000  0.361033  0.032702  0.246744  0.475322
27.800000  0.354044  0.031838  0.228271  0.479816
28.000000  0.354207  0.031626  0.233267  0.475148
28.200000  0.348656  0.030909  0.226338  0.470974
28.400000  0.356519  0.031384  0.231131  0.481908
28.600000  0.362792  0.031713  0.240268  0.485317
28.800000  0.359751  0.031228  0.241682  0.477819
29.000000  0.357103  0.030785  0.236938  0.477267
29.200000  0.357150  0.030578  0.247451  0.466848
29.400000  0.354654  0.030158  0.234162  0.475146
29.600000  0.350085  0.029568  0.233307  0.466862
29.800000  0.343294  0.028800  0.226252  0.460335
30.000000  0.359907  0.029992  0.242788  0.477026
30.200000  0.360371  0.029832  0.236990  0.483752
30.400000  0.360414  0.029639  0.240218  0.480611
30.600000  0.362077  0.029581  0.233788  0.490366
30.800000  0.361019  0.029303  0.235068  0.486970
31.000000  0.354758  0.028610  0.233670  0.475846
31.200000  0.357730  0.028664  0.232665  0.482794
31.400000  0.367543  0.029263  0.236142  0.498945
31.600000  0.383549  0.030344  0.255424  0.511674
31.800000  0.373294  0.029347  0.249599  0.496990
32.000000  0.362639  0.028331  0.243690  0.481588
32.200000  0.368360  0.028599  0.242389  0.494330
32.400000  0.360991  0.027854  0.235209  0.486774
32.600000  0.357067  0.027382  0.233657  0.480477
32.800000  0.362370  0.027620  0.242375  0.482365
33.000000  0.360071  0.027278  0.233543  0.486600
33.200000  0.371412  0.027968  0.230948  0.511875
33.400000  0.385432  0.028850  0.253307  0.517558
33.600000  0.376865  0.028041  0.249307  0.504424
33.800000  0.366082  0.027077  0.234927  0.497237
34.000000  0.349250  0.025680  0.232406  0.466095
34.200000  0.356321  0.026047  0.240580  0.472062
34.400000  0.373647  0.027155  0.244504  0.502790
34.600000  0.376094  0.027174  0.249382  0.502807
34.800000  0.364801  0.026207  0.233686  0.495916
35.000000  0.359215  0.025658  0.223887  0.494544
35.200000  0.367930  0.026131  0.233695  0.502165
35.400000  0.376649  0.026600  0.242464  0.510835
35.600000  0.363177  0.025504  0.223645  0.502708
35.800000  0.361613  0.025252  0.229161  0.494065
36.000000  0.358194  0.024875  0.228424  0.487964
36.200000  0.365892  0.025269  0.237709  0.494074
36.400000  0.354323  0.024335  0.224309  0.484337
36.600000  0.358827  0.024510  0.228286  0.489367
36.800000  0.366396  0.024891  0.232218  0.500573
37.000000  0.365199  0.024676  0.237116  0.493282
37.200000  0.351320  0.023610  0.220503  0.482138
37.400000  0.347843  0.023252  0.226647  0.469040
37.600000  0.354136  0.023546  0.225391  0.482880
37.800000  0.358930  0.023739  0.228829  0.489031
38.000000  0.355437  0.023384  0.220850  0.490024
38.200000  0.356171  0.023310  0.222845  0.489498
38.400000  0.359920  0.023432  0.232455  0.487385
38.600000  0.364869  0.023631  0.240659  0.489079
38.800000  0.356944  0.022999  0.228660  0.485227
39.000000  0.355717  0.022802  0.230160  0.481274
39.200000  0.349385  0.022282  0.218497  0.480273
39.400000  0.362227  0.022984  0.219841  0.504613
39.600000  0.360912  0.022785  0.228675  0.493149
39.800000  0.357556  0.022460  0.239675  0.475436
40.000000  0.356944  0.022309  0.224733  0.489155
40.200000  0.354346  0.022036  0.215705  0.492987
40.400000  0.356104  0.022036  0.214094  0.498114
40.600000  0.348398  0.021453  0.225628  0.471169
40.800000  0.351787  0.021556  0.223025  0.480549
41.000000  0.348439  0.021246  0.220590  0.476288
41.200000  0.351772  0.021345  0.231982  0.471563
41.400000  0.358547  0.021651  0.234434  0.482661
41.600000  0.351593  0.021129  0.220255  0.482931
41.800000  0.357000  0.021352  0.229497  0.484503
42.000000  0.358254  0.021325  0.226032  0.490476
42.200000  0.365243  0.021638  0.229181  0.501305
42.400000  0.361916  0.021339  0.239657  0.484174
42.600000  0.353138  0.020724  0.216553  0.489723
42.800000  0.363097  0.021209  0.232968  0.493225
43.000000  0.366364  0.021300  0.233115  0.499613
43.200000  0.373226  0.021599  0.230905  0.515547
43.400000  0.366398  0.021106  0.224572  0.508224
43.600000  0.367196  0.021055  0.240694  0.493698
43.800000  0.376545  0.021492  0.244562  0.508528
44.000000  0.366669  0.020833  0.232559  0.500780
44.200000  0.362108  0.020481  0.233437  0.490779
44.400000  0.368325  0.020739  0.235311  0.501338
44.600000  0.365133  0.020467  0.235969  0.494297
44.800000  0.374119  0.020877  0.235898  0.512339
45.000000  0.363693  0.020205  0.224298  0.503087
45.200000  0.370409  0.020487  0.235038  0.505781
45.400000  0.369073  0.020323  0.236220  0.501926
45.600000  0.373435  0.020473  0.248159  0.498711
45.800000  0.371569  0.020282  0.240925  0.502213
46.000000  0.371396  0.020185  0.244102  0.498691
46.200000  0.369997  0.020021  0.244099  0.495896
46.400000  0.375599  0.020237  0.241088  0.510109
46.600000  0.370155  0.019858  0.241551  0.498759
46.800000  0.372411  0.019894  0.231007  0.513815
47.000000  0.385394  0.020500  0.254808  0.515979
47.200000  0.367938  0.019488  0.229860  0.506016
47.400000  0.371360  0.019587  0.241733  0.500988
47.600000  0.368678  0.019363  0.231967  0.505390
47.800000  0.366666  0.019177  0.230573  0.502758
48.000000  0.368154  0.019175  0.236888  0.499421
48.200000  0.371041  0.019245  0.246796  0.495287
48.400000  0.374955  0.019368  0.257223  0.492687
48.600000  0.376320  0.019358  0.245616  0.507025
48.800000  0.369592  0.018934  0.245161  0.494023
49.000000  0.361833  0.018461  0.238888  0.484779
49.200000  0.380691  0.019344  0.250407  0.510975
49.400000  0.379417  0.019201  0.256216  0.502619
49.600000  0.378570  0.019081  0.249273  0.507866
49.800000  0.383271  0.019241  0.256092  0.510450
50.000000  0.379024  0.018951  0.250620  0.507429
50.200000  0.381063  0.018977  0.250283  0.511843
50.400000  0.383828  0.019039  0.246684  0.520971
50.600000  0.378613  0.018706  0.241097  0.516128
50.800000  0.377322  0.018569  0.254148  0.500496
51.000000  0.375053  0.018385  0.248251  0.501854
51.200000  0.385186  0.018808  0.252523  0.517848
51.400000  0.386896  0.018818  0.251573  0.522219
51.600000  0.376071  0.018220  0.239397  0.512745
51.800000  0.375733  0.018134  0.243650  0.507816
52.000000  0.375263  0.018041  0.244386  0.506140
52.200000  0.367495  0.017600  0.233522  0.501467
52.400000  0.376975  0.017985  0.241955  0.511995
52.600000  0.376655  0.017902  0.239323  0.513987
52.800000  0.374142  0.017715  0.241105  0.507180
53.000000  0.375902  0.017731  0.241006  0.510799
53.200000  0.372689  0.017514  0.245695  0.499682
53.400000  0.377893  0.017692  0.259042  0.496745
53.600000  0.386784  0.018040  0.255372  0.518196
53.800000  0.376015  0.017473  0.242502  0.509528
54.000000  0.377219  0.017464  0.247963  0.506475
54.200000  0.380095  0.017532  0.249680  0.510511
54.400000  0.381482  0.017531  0.260503  0.502462
54.600000  0.376716  0.017249  0.249741  0.503691
54.800000  0.388691  0.017732  0.254827  0.522555
55.000000  0.392798  0.017854  0.268360  0.517237
55.200000  0.383562  0.017371  0.247687  0.519437
55.400000  0.388867  0.017548  0.254764  0.522970
55.600000  0.390544  0.017560  0.261843  0.519245
55.800000  0.390206  0.017482  0.276528  0.503885
56.000000  0.383221  0.017108  0.262029  0.504413
56.200000  0.385620  0.017154  0.257338  0.513902
56.400000  0.383031  0.016978  0.255980  0.510083
56.600000  0.391006  0.017271  0.262030  0.519983
56.800000  0.395274  0.017398  0.259616  0.530931
57.000000  0.389393  0.017079  0.256952  0.521834
57.200000  0.388279  0.016970  0.265713  0.510846
57.400000  0.391045  0.017032  0.263190  0.518900
57.600000  0.401318  0.017418  0.264247  0.538388
57.800000  0.399104  0.017262  0.265160  0.533048
58.000000  0.395355  0.017041  0.268565  0.522145
58.200000  0.394059  0.016927  0.255331  0.532787
58.400000  0.394063  0.016869  0.261001  0.527126
58.600000  0.395348  0.016866  0.263434  0.527262
58.800000  0.394609  0.016778  0.258657  0.530561
59.000000  0.397863  0.016859  0.264905  0.530820
59.200000  0.397760  0.016797  0.274829  0.520692
59.400000  0.394288  0.016595  0.262264  0.526313
59.600000  0.399042  0.016738  0.265613  0.532470
59.800000  0.381297  0.015941  0.247338  0.515255
60.000000  0.381502  0.015896  0.254980  0.508025
60.200000  0.388025  0.016114  0.261197  0.514853
60.400000  0.390286  0.016154  0.262578  0.517994
60.600000  0.379263  0.015646  0.239906  0.518619
60.800000  0.382686  0.015735  0.243967  0.521406
61.000000  0.399539  0.016375  0.269353  0.529726
61.200000  0.401116  0.016385  0.269359  0.532872
61.400000  0.393578  0.016025  0.259909  0.527247
61.600000  0.382562  0.015526  0.243320  0.521804
61.800000  0.394515  0.015959  0.267229  0.521802
62.000000  0.390562  0.015748  0.270676  0.510449
62.200000  0.387963  0.015593  0.258336  0.517589
62.400000  0.386765  0.015495  0.241018  0.532512
62.600000  0.373153  0.014902  0.245566  0.500741
62.800000  0.389744  0.015515  0.270162  0.509325
63.000000  0.388192  0.015404  0.262198  0.514186
63.200000  0.396247  0.015674  0.267765  0.524729
63.400000  0.403210  0.015899  0.269959  0.536462
63.600000  0.394776  0.015518  0.273073  0.516479
63.800000  0.383241  0.015017  0.251650  0.514831
64.000000  0.398993  0.015586  0.268391  0.529594
64.200000  0.390547  0.015208  0.265559  0.515535
64.400000  0.397340  0.015425  0.265205  0.529475
64.600000  0.389717  0.015082  0.259781  0.519653
64.800000  0.392718  0.015151  0.259623  0.525812
65.000000  0.402382  0.015476  0.264141  0.540622
65.200000  0.400053  0.015339  0.260541  0.539566
65.400000  0.397359  0.015190  0.271736  0.522982
65.600000  0.396564  0.015113  0.271106  0.522022
65.800000  0.389692  0.014806  0.254339  0.525046
66.000000  0.390868  0.014806  0.258562  0.523173
66.200000  0.383287  0.014475  0.245465  0.521110
66.400000  0.385951  0.014531  0.250556  0.521346
66.600000  0.380230  0.014273  0.253618  0.506843
66.800000  0.396890  0.014854  0.267131  0.526649
67.000000  0.398789  0.014880  0.263774  0.533804
67.200000  0.386776  0.014389  0.253798  0.519755
67.400000  0.386864  0.014350  0.261165  0.512563
67.600000  0.384120  0.014206  0.248469  0.519771
67.800000  0.385023  0.014197  0.249026  0.521019
68.000000  0.393313  0.014460  0.274065  0.512560
68.200000  0.382410  0.014018  0.242574  0.522246
68.400000  0.380231  0.013897  0.247753  0.512709
68.600000  0.382823  0.013951  0.249612  0.516035
68.800000  0.392380  0.014258  0.257223  0.527537
69.000000  0.391766  0.014194  0.259824  0.523708
69.200000  0.382016  0.013801  0.254623  0.509408
69.400000  0.381534  0.013744  0.250179  0.512889
69.600000  0.384043  0.013795  0.251076  0.517010
69.800000  0.392034  0.014041  0.255542  0.528526
70.000000  0.388922  0.013890  0.253794  0.524050
70.200000  0.395827  0.014096  0.259755  0.531899
70.400000  0.394433  0.014007  0.254596  0.534270
70.600000  0.391200  0.013853  0.258345  0.524055
70.800000  0.379064  0.013385  0.249621  0.508507
71.000000  0.375627  0.013226  0.251539  0.499714
71.200000  0.384012  0.013484  0.260946  0.507077
71.400000  0.382061  0.013377  0.244750  0.519373
71.600000  0.389413  0.013597  0.255172  0.523655
71.800000  0.381221  0.013274  0.250328  0.512114
72.000000  0.390796  0.013569  0.265760  0.515831
72.200000  0.386719  0.013391  0.251780  0.521657
72.400000  0.385055  0.013296  0.244026  0.526084
72.600000  0.387096  0.013330  0.265461  0.508730
72.800000  0.395951  0.013597  0.263229  0.528674
73.000000  0.387988  0.013287  0.255935  0.520041
73.200000  0.393111  0.013426  0.255263  0.530960
73.400000  0.390078  0.013286  0.252271  0.527885
73.600000  0.382288  0.012985  0.245358  0.519218
73.800000  0.398036  0.013484  0.265164  0.530907
74.000000  0.387081  0.013077  0.247550  0.526611
74.200000  0.388401  0.013086  0.253389  0.523412
74.400000  0.378420  0.012716  0.247881  0.508960
74.600000  0.387357  0.012981  0.244175  0.530538
74.800000  0.398230  0.013310  0.258393  0.538067
75.000000  0.386771  0.012892  0.246707  0.526835
75.200000  0.391214  0.013006  0.259765  0.522664
75.400000  0.393174  0.013036  0.262446  0.523902
75.600000  0.385327  0.012742  0.252770  0.517885
75.800000  0.379822  0.012527  0.245995  0.513650
76.000000  0.387256  0.012739  0.258298  0.516214
76.200000  0.391709  0.012851  0.261100  0.522317
76.400000  0.384490  0.012581  0.245980  0.522999
76.600000  0.386017  0.012598  0.265392  0.506641
76.800000  0.377623  0.012292  0.251931  0.503316
77.000000  0.391294  0.012704  0.254977  0.527612
77.200000  0.386024  0.012501  0.247597  0.524451
77.400000  0.389828  0.012591  0.260472  0.519184
77.600000  0.388949  0.012531  0.260547  0.517350
77.800000  0.388288  0.012477  0.256308  0.520267
78.000000  0.387853  0.012431  0.261885  0.513822
78.200000  0.380214  0.012155  0.246910  0.513519
78.400000  0.389941  0.012434  0.264118  0.515763
78.600000  0.381378  0.012130  0.243143  0.519614
78.800000  0.383792  0.012176  0.240577  0.527008
79.000000  0.389976  0.012341  0.256911  0.523041
79.200000  0.376963  0.011899  0.256003  0.497923
79.400000  0.382551  0.012045  0.260784  0.504317
79.600000  0.396192  0.012443  0.263461  0.528923
79.800000  0.390983  0.012249  0.255404  0.526563
80.000000  0.380611  0.011894  0.243006  0.518216
80.200000  0.392144  0.012224  0.249399  0.534888
80.400000  0.386115  0.012006  0.252211  0.520020
80.600000  0.385761  0.011965  0.255221  0.516301
80.800000  0.388598  0.012023  0.261526  0.515670
81.000000  0.400273  0.012354  0.270243  0.530302
81.200000  0.405550  0.012486  0.277377  0.533723
81.400000  0.397124  0.012197  0.258789  0.535460
81.600000  0.400696  0.012276  0.265227  0.536165
81.800000  0.399743  0.012217  0.255825  0.543662
82.000000  0.398440  0.012148  0.253414  0.543466
82.200000  0.397646  0.012094  0.247361  0.547932
82.400000  0.395411  0.011997  0.251698  0.539124
82.600000  0.401409  0.012149  0.261748  0.541070
82.800000  0.398445  0.012030  0.267927  0.528962
83.000000  0.395999  0.011928  0.252800  0.539198
83.200000  0.389014  0.011689  0.251010  0.527019
83.400000  0.392799  0.011775  0.252214  0.533384
83.600000  0.396852  0.011868  0.257107  0.536598
83.800000  0.400167  0.011938  0.264574  0.535761
84.000000  0.395636  0.011775  0.254027  0.537245
84.200000  0.392014  0.011639  0.243788  0.540240
84.400000  0.396515  0.011745  0.244969  0.548061
84.600000  0.387496  0.011451  0.239594  0.535398
84.800000  0.394880  0.011642  0.256217  0.533544
85.000000  0.388477  0.011426  0.244940  0.532014
85.200000  0.388054  0.011387  0.252703  0.523406
85.400000  0.390521  0.011432  0.239543  0.541500
85.600000  0.387712  0.011323  0.241215  0.534209
85.800000  0.383668  0.011179  0.240735  0.526600
86.000000  0.389331  0.011318  0.247044  0.531618
86.200000  0.397082  0.011516  0.243199  0.550964
86.400000  0.395509  0.011444  0.250432  0.540586
86.600000  0.393466  0.011359  0.247526  0.539406
86.800000  0.397460  0.011448  0.255104  0.539816
87.000000  0.399196  0.011471  0.246565  0.551827
87.200000  0.400576  0.011484  0.255137  0.546015
87.400000  0.396287  0.011335  0.254477  0.538097
87.600000  0.385622  0.011005  0.244458  0.526787
87.800000  0.391772  0.011155  0.243379  0.540166
88.000000  0.405147  0.011510  0.262932  0.547362
88.200000  0.404390  0.011462  0.258781  0.550000
88.400000  0.392959  0.011113  0.255938  0.529980
88.600000  0.383956  0.010834  0.250518  0.517394
88.800000  0.388751  0.010945  0.243709  0.533792
89.000000  0.401279  0.011272  0.254081  0.548477
89.200000  0.388981  0.010902  0.250580  0.527382
89.400000  0.394565  0.011034  0.250163  0.538966
89.600000  0.403670  0.011263  0.254843  0.552496
89.800000  0.388325  0.010811  0.252645  0.524005
90.000000  0.384004  0.010667  0.245753  0.522256
90.200000  0.391374  0.010847  0.256858  0.525890
90.400000  0.389694  0.010777  0.261584  0.517804
90.600000  0.393094  0.010847  0.251643  0.534544
90.800000  0.400603  0.011030  0.255832  0.545374
91.000000  0.390300  0.010723  0.250951  0.529650
91.200000  0.401124  0.010996  0.266783  0.535465
91.400000  0.389934  0.010666  0.250102  0.529766
91.600000  0.395812  0.010803  0.262131  0.529492
91.800000  0.382859  0.010426  0.248341  0.517376
92.000000  0.381517  0.010367  0.252519  0.510515
92.200000  0.394577  0.010699  0.259474  0.529681
92.400000  0.382919  0.010360  0.255351  0.510488
92.600000  0.382784  0.010334  0.235024  0.530545
92.800000  0.385970  0.010398  0.245160  0.526781
93.000000  0.382363  0.010279  0.244611  0.520114
93.200000  0.374223  0.010038  0.233150  0.515296
93.400000  0.378580  0.010133  0.251221  0.505939
93.600000  0.389967  0.010416  0.256934  0.523000
93.800000  0.390201  0.010400  0.252750  0.527652
94.000000  0.381885  0.010157  0.250733  0.513038
94.200000  0.388677  0.010315  0.255306  0.522048
94.400000  0.392253  0.010388  0.255173  0.529334
94.600000  0.387516  0.010241  0.243652  0.531380
94.800000  0.376296  0.009923  0.235751  0.516840
95.000000  0.376304  0.009903  0.241707  0.510901
95.200000  0.381447  0.010017  0.251106  0.511788
95.400000  0.378189  0.009911  0.243564  0.512815
95.600000  0.375939  0.009831  0.245345  0.506532
95.800000  0.388079  0.010127  0.261018  0.515141
96.000000  0.376125  0.009795  0.239467  0.512783
96.200000  0.385938  0.010030  0.251856  0.520019
96.400000  0.385331  0.009993  0.252622  0.518039
96.600000  0.388489  0.010054  0.245642  0.531336
96.800000  0.386154  0.009973  0.248571  0.523737
97.000000  0.379906  0.009791  0.246465  0.513348
97.200000  0.380715  0.009792  0.239800  0.521629
97.400000  0.375007  0.009625  0.241569  0.508445
97.600000  0.367255  0.009407  0.237954  0.496557
97.800000  0.377063  0.009639  0.242100  0.512026
98.000000  0.386095  0.009849  0.239357  0.532833
98.200000  0.387306  0.009860  0.245188  0.529423
98.400000  0.384258  0.009763  0.242222  0.526295
98.600000  0.387082  0.009814  0.249803  0.524361
98.800000  0.371733  0.009406  0.230990  0.512476
99.000000  0.381289  0.009629  0.246741  0.515837
99.200000  0.389744  0.009822  0.246936  0.532551
99.400000  0.390684  0.009826  0.245141  0.536226
99.600000  0.388676  0.009756  0.243971  0.533381
99.800000  0.381595  0.009559  0.249209  0.513981
99.980000  0.392934  0.009825  0.256112  0.529757
