    0.025000     0.000000     0.000000          inf 
    0.075000     0.000000     0.000000          inf 
    0.125000     0.000000     0.000000          inf 
    0.175000     0.000000     0.000000          inf 
    0.225000     0.000000     0.000000          inf 
    0.275000     0.000000     0.000000          inf 
    0.325000     0.000000     0.000000          inf 
    0.375000     0.000000     0.000000          inf 
    0.425000     0.000000     0.000000          inf 
    0.475000     0.000000     0.000000          inf 
    0.525000     0.000000     0.000000          inf 
    0.575000     0.000000     0.000000          inf 
    0.625000     0.000000     0.000000          inf 
    0.675000     0.000000     0.000000          inf 
    0.725000     0.000000     0.000000          inf 
    0.775000     0.000000     0.000000          inf 
    0.825000     0.000000     0.000000          inf 
    0.875000     0.000000     0.000000          inf 
    0.925000     0.000000     0.000000          inf 
    0.975000     0.000000     0.000000          inf 
    1.025000     0.000000     0.000000          inf 
    1.075000     0.000000     0.000000          inf 
    1.125000     0.000000     0.000000          inf 
    1.175000     0.000000     0.000000          inf 
    1.225000     0.000000     0.000000          inf 
    1.275000     0.000000     0.000000          inf 
    1.325000     0.000000     0.000000          inf 
    1.375000     0.000000     0.000000          inf 
    1.425000     0.000000     0.000000          inf 
    1.475000     0.000000     0.000000          inf 
    1.525000     0.000000     0.000000          inf 
    1.575000     0.000000     0.000000          inf 
    1.625000     0.000000     0.000000          inf 
    1.675000     0.000000     0.000000          inf 
    1.725000     0.000000     0.000000          inf 
    1.775000     0.000000     0.000000          inf 
    1.825000     0.000000     0.000000          inf 
    1.875000     0.000000     0.000000          inf 
    1.925000     0.000000     0.000000          inf 
    1.975000     0.000000     0.000000          inf 
    2.025000     0.000000     0.000000          inf 
    2.075000     0.000000     0.000000          inf 
    2.125000     0.000000     0.000000          inf 
    2.175000     0.000000     0.000000          inf 
    2.225000     0.000000     0.000000          inf 
    2.275000     0.000000     0.000000          inf 
    2.325000     0.000000     0.000000          inf 
    2.375000     0.000000     0.000000          inf 
    2.425000     0.000000     0.000000          inf 
    2.475000     0.001294     0.000002     6.650002 
    2.525000     0.011188     0.000017     4.492904 
    2.575000     0.239725     0.000348     1.428263 
    2.625000     1.582130     0.002617    -0.458772 
    2.675000     5.242366     0.010406    -1.656773 
    2.725000    10.074359     0.025909    -2.309993 
    2.775000    13.396023     0.047260    -2.594958 
    2.825000    14.188864     0.070677    -2.652457 
    2.875000    12.371742     0.091809    -2.515415 
    2.925000     9.609887     0.108791    -2.262792 
    2.975000     7.142625     0.121840    -1.966080 
    3.025000     4.768940     0.130847    -1.562124 
    3.075000     3.272680     0.137232    -1.185609 
    3.125000     2.201618     0.141666    -0.789192 
    3.175000     1.489989     0.144765    -0.398769 
    3.225000     1.033052     0.146980    -0.032518 
    3.275000     0.728753     0.148591     0.316420 
    3.325000     0.545522     0.149835     0.606013 
    3.375000     0.410664     0.150800     0.889981 
    3.425000     0.290908     0.151503     1.234747 
    3.475000     0.252378     0.152131     1.376827 
    3.525000     0.225394     0.152708     1.489904 
    3.575000     0.190424     0.153210     1.658502 
    3.625000     0.177895     0.153691     1.726560 
    3.675000     0.177912     0.154186     1.726467 
    3.725000     0.177829     0.154694     1.726934 
    3.775000     0.192007     0.155258     1.650222 
    3.825000     0.210774     0.155893     1.556968 
    3.875000     0.234529     0.156618     1.450175 
    3.925000     0.270553     0.157476     1.307289 
    3.975000     0.306023     0.158471     1.184096 
    4.025000     0.360733     0.159674     1.019617 
    4.075000     0.470192     0.161281     0.754615 
    4.125000     0.576251     0.163299     0.551211 
    4.175000     0.697061     0.165799     0.360883 
    4.225000     0.824615     0.168827     0.192839 
    4.275000     1.049962     0.172774    -0.048754 
    4.325000     1.237229     0.177532    -0.212874 
    4.375000     1.472342     0.183327    -0.386854 
    4.425000     1.725709     0.190274    -0.545638 
    4.475000     1.943083     0.198272    -0.664276 
    4.525000     2.227795     0.207646    -0.801012 
    4.575000     2.492742     0.218366    -0.913383 
    4.625000     2.697633     0.230221    -0.992375 
    4.675000     2.858798     0.243056    -1.050401 
    4.725000     2.974998     0.256697    -1.090244 
    4.775000     2.955881     0.270537    -1.083797 
    4.825000     2.993739     0.284846    -1.096523 
    4.875000     2.920527     0.299096    -1.071764 
    4.925000     2.829238     0.313182    -1.040008 
    4.975000     2.815030     0.327483    -1.034973 
    5.025000     2.686183     0.341405    -0.988121 
    5.075000     2.626230     0.355283    -0.965549 
    5.125000     2.536222     0.368949    -0.930676 
    5.175000     2.499426     0.382680    -0.916061 
    5.225000     2.366014     0.395932    -0.861207 
    5.275000     2.229047     0.408655    -0.801574 
    5.325000     2.098746     0.420861    -0.741340 
    5.375000     1.974805     0.432561    -0.680469 
    5.425000     1.809112     0.443481    -0.592836 
    5.475000     1.647805     0.453609    -0.499444 
    5.525000     1.504022     0.463022    -0.408143 
    5.575000     1.338993     0.471553    -0.291918 
    5.625000     1.212418     0.479416    -0.192617 
    5.675000     1.127644     0.486861    -0.120131 
    5.725000     1.015117     0.493681    -0.015004 
    5.775000     0.920035     0.499969     0.083343 
    5.825000     0.858618     0.505939     0.152431 
    5.875000     0.820381     0.511742     0.197987 
    5.925000     0.763225     0.517232     0.270203 
    5.975000     0.757764     0.522775     0.277383 
    6.025000     0.747307     0.528333     0.291280 
    6.075000     0.751833     0.534018     0.285241 
    6.125000     0.724689     0.539588     0.322013 
    6.175000     0.729645     0.545288     0.315198 
    6.225000     0.735168     0.551125     0.307656 
    6.275000     0.730697     0.557018     0.313757 
    6.325000     0.732785     0.563023     0.310902 
    6.375000     0.763442     0.569377     0.269917 
    6.425000     0.766107     0.575854     0.266433 
    6.475000     0.780082     0.582552     0.248356 
    6.525000     0.784252     0.589390     0.243025 
    6.575000     0.802332     0.596493     0.220233 
    6.625000     0.790282     0.603597     0.235366 
    6.675000     0.795271     0.610851     0.229073 
    6.725000     0.809019     0.618341     0.211933 
    6.775000     0.828100     0.626123     0.188621 
    6.825000     0.816627     0.633909     0.202573 
    6.875000     0.816648     0.641811     0.202547 
    6.925000     0.816343     0.649824     0.202921 
    6.975000     0.793459     0.657725     0.231353 
    7.025000     0.826300     0.666070     0.190797 
    7.075000     0.811178     0.674380     0.209268 
    7.125000     0.817004     0.682868     0.202111 
    7.175000     0.797674     0.691271     0.226056 
    7.225000     0.831962     0.700157     0.183969 
    7.275000     0.800559     0.708827     0.222445 
    7.325000     0.784911     0.717444     0.242185 
    7.375000     0.797371     0.726317     0.226435 
    7.425000     0.802990     0.735373     0.219414 
    7.475000     0.798443     0.744500     0.225091 
    7.525000     0.764591     0.753356     0.268415 
    7.575000     0.755285     0.762221     0.280660 
    7.625000     0.739673     0.771017     0.301547 
    7.675000     0.744037     0.779982     0.295665 
    7.725000     0.724250     0.788822     0.322619 
    7.775000     0.710154     0.797602     0.342273 
    7.825000     0.686520     0.806198     0.376119 
    7.875000     0.669115     0.814685     0.401799 
    7.925000     0.645410     0.822973     0.437870 
    7.975000     0.625238     0.831104     0.469623 
    8.025000     0.602468     0.839037     0.506720 
    8.075000     0.593235     0.846947     0.522165 
    8.125000     0.579133     0.854764     0.546222 
    8.175000     0.557554     0.862382     0.584196 
    8.225000     0.546787     0.869945     0.603695 
    8.275000     0.524943     0.877293     0.644466 
    8.325000     0.529528     0.884795     0.635770 
    8.375000     0.520160     0.892253     0.653619 
    8.425000     0.506065     0.899596     0.681091 
    8.475000     0.508916     0.907067     0.675472 
    8.525000     0.498132     0.914467     0.696889 
    8.575000     0.490498     0.921839     0.712334 
    8.625000     0.492911     0.929333     0.707426 
    8.675000     0.503667     0.937080     0.685841 
    8.725000     0.502617     0.944900     0.687926 
    8.775000     0.489600     0.952605     0.714167 
    8.825000     0.486835     0.960353     0.719830 
    8.875000     0.479580     0.968072     0.734845 
    8.925000     0.478168     0.975856     0.737792 
    8.975000     0.476526     0.983699     0.741233 
    9.025000     0.475536     0.991614     0.743312 
    9.075000     0.465022     0.999438     0.765670 
    9.125000     0.470806     1.007448     0.753309 
    9.175000     0.464818     1.015443     0.766109 
    9.225000     0.456513     1.023381     0.784138 
    9.275000     0.454330     1.031366     0.788931 
    9.325000     0.447872     1.039322     0.803248 
    9.375000     0.446635     1.047342     0.806014 
    9.425000     0.436909     1.055270     0.828030 
    9.475000     0.445464     1.063440     0.808639 
    9.525000     0.424343     1.071305     0.857213 
    9.575000     0.431020     1.079376     0.841600 
    9.625000     0.417984     1.087286     0.872313 
    9.675000     0.429846     1.095504     0.844328 
    9.725000     0.425852     1.103731     0.853664 
    9.775000     0.421366     1.111954     0.864253 
    9.825000     0.414948     1.120135     0.879602 
    9.875000     0.416609     1.128433     0.875608 
    9.925000     0.409400     1.136670     0.893063 
    9.975000     0.410784     1.145018     0.889687 
