1.0000          2.1531          3.5885          0.7168          0.7184          0.7179          
2.0000          3.7380          3.1150          1.2438          1.2477          1.2465          
3.0000          5.2686          2.9270          1.7533          1.7587          1.7566          
4.0000          6.7850          2.8271          2.2581          2.2646          2.2623          
5.0000          8.2969          2.7656          2.7609          2.7682          2.7679          
6.0000          9.8046          2.7235          3.2629          3.2693          3.2724          
7.0000          11.3097         2.6928          3.7655          3.7689          3.7753          
8.0000          12.8123         2.6692          4.2676          4.2671          4.2777          
9.0000          14.3138         2.6507          4.7684          4.7647          4.7807          
10.0000         15.8107         2.6351          5.2681          5.2606          5.2821          
11.0000         17.3093         2.6226          5.7670          5.7576          5.7847          
12.0000         18.8030         2.6115          6.2650          6.2524          6.2856          
13.0000         20.2943         2.6018          6.7626          6.7463          6.7854          
14.0000         21.7841         2.5934          7.2598          7.2409          7.2834          
15.0000         23.2708         2.5856          7.7559          7.7334          7.7815          
16.0000         24.7570         2.5789          8.2523          8.2247          8.2799          
17.0000         26.2423         2.5728          8.7500          8.7151          8.7772          
18.0000         27.7260         2.5672          9.2474          9.2055          9.2731          
19.0000         29.2093         2.5622          9.7453          9.6960          9.7679          
20.0000         30.6924         2.5577          10.2424         10.1877         10.2622         
21.0000         32.1767         2.5537          10.7411         10.6788         10.7568         
22.0000         33.6598         2.5500          11.2399         11.1690         11.2509         
23.0000         35.1421         2.5465          11.7379         11.6593         11.7448         
24.0000         36.6254         2.5434          12.2362         12.1497         12.2395         
25.0000         38.1094         2.5406          12.7336         12.6401         12.7357         
26.0000         39.5930         2.5380          13.2315         13.1295         13.2321         
27.0000         41.0750         2.5355          13.7285         13.6187         13.7278         
28.0000         42.5579         2.5332          14.2260         14.1085         14.2234         
29.0000         44.0408         2.5311          14.7234         14.5977         14.7197         
30.0000         45.5205         2.5289          15.2196         15.0864         15.2145         
31.0000         46.9997         2.5269          15.7149         15.5757         15.7091         
32.0000         48.4810         2.5251          16.2106         16.0661         16.2042         
33.0000         49.9598         2.5232          16.7052         16.5555         16.6991         
34.0000         51.4388         2.5215          17.2010         17.0441         17.1937         
35.0000         52.9197         2.5200          17.6965         17.5333         17.6899         
36.0000         54.4033         2.5187          18.1927         18.0237         18.1868         
37.0000         55.8860         2.5174          18.6891         18.5143         18.6826         
38.0000         57.3687         2.5162          19.1858         19.0045         19.1785         
39.0000         58.8524         2.5151          19.6830         19.4951         19.6743         
40.0000         60.3362         2.5140          20.1802         19.9849         20.1711         
41.0000         61.8188         2.5130          20.6771         20.4750         20.6667         
42.0000         63.3010         2.5119          21.1749         20.9634         21.1627         
43.0000         64.7841         2.5110          21.6734         21.4523         21.6584         
44.0000         66.2670         2.5101          22.1727         21.9404         22.1539         
45.0000         67.7508         2.5093          22.6721         22.4288         22.6499         
46.0000         69.2329         2.5084          23.1704         22.9172         23.1453         
47.0000         70.7165         2.5077          23.6676         23.4076         23.6413         
48.0000         72.2021         2.5070          24.1657         23.8986         24.1379         
49.0000         73.6870         2.5064          24.6626         24.3897         24.6347         
50.0000         75.1723         2.5057          25.1590         24.8814         25.1318         
51.0000         76.6579         2.5052          25.6559         25.3729         25.6291         
52.0000         78.1432         2.5046          26.1523         25.8635         26.1274         
53.0000         79.6282         2.5040          26.6483         26.3537         26.6262         
54.0000         81.1150         2.5035          27.1454         26.8443         27.1252         
55.0000         82.6019         2.5031          27.6440         27.3344         27.6236         
56.0000         84.0882         2.5026          28.1424         27.8239         28.1218         
57.0000         85.5752         2.5022          28.6411         28.3140         28.6202         
58.0000         87.0603         2.5017          29.1396         28.8033         29.1175         
59.0000         88.5467         2.5013          29.6367         29.2939         29.6161         
60.0000         90.0352         2.5010          30.1343         29.7852         30.1157         
61.0000         91.5215         2.5006          30.6310         30.2757         30.6147         
62.0000         93.0091         2.5002          31.1281         30.7664         31.1146         
63.0000         94.4965         2.4999          31.6250         31.2573         31.6142         
64.0000         95.9819         2.4995          32.1214         31.7479         32.1127         
65.0000         97.4673         2.4992          32.6184         32.2384         32.6105         
66.0000         98.9518         2.4988          33.1162         32.7277         33.1080         
67.0000         100.4371        2.4984          33.6142         33.2169         33.6060         
68.0000         101.9214        2.4981          34.1121         33.7058         34.1035         
69.0000         103.4062        2.4977          34.6100         34.1953         34.6009         
70.0000         104.8900        2.4974          35.1079         34.6847         35.0974         
71.0000         106.3742        2.4970          35.6045         35.1749         35.5948         
72.0000         107.8602        2.4968          36.1015         35.6656         36.0931         
73.0000         109.3481        2.4965          36.5999         36.1572         36.5910         
74.0000         110.8348        2.4963          37.0989         36.6478         37.0881         
75.0000         112.3196        2.4960          37.5984         37.1367         37.5845         
76.0000         113.8044        2.4957          38.0974         37.6255         38.0815         
77.0000         115.2892        2.4954          38.5961         38.1143         38.5788         
78.0000         116.7728        2.4951          39.0946         38.6036         39.0746         
79.0000         118.2549        2.4948          39.5928         39.0928         39.5692         
80.0000         119.7375        2.4945          40.0916         39.5818         40.0640         
81.0000         121.2200        2.4942          40.5891         40.0711         40.5598         
82.0000         122.7021        2.4939          41.0860         40.5602         41.0559         
83.0000         124.1843        2.4937          41.5833         41.0494         41.5515         
84.0000         125.6672        2.4934          42.0800         41.5386         42.0486         
85.0000         127.1509        2.4932          42.5771         42.0274         42.5465         
86.0000         128.6336        2.4929          43.0742         42.5155         43.0438         
87.0000         130.1157        2.4926          43.5729         43.0025         43.5404         
88.0000         131.5975        2.4924          44.0707         43.4905         44.0363         
89.0000         133.0778        2.4921          44.5675         43.9778         44.5325         
90.0000         134.5582        2.4918          45.0639         44.4657         45.0286         
91.0000         136.0379        2.4915          45.5597         44.9535         45.5247         
92.0000         137.5161        2.4912          46.0560         45.4404         46.0197         
93.0000         138.9929        2.4909          46.5527         45.9256         46.5147         
94.0000         140.4702        2.4906          47.0485         46.4121         47.0096         
95.0000         141.9460        2.4903          47.5450         46.8969         47.5042         
96.0000         143.4220        2.4900          48.0411         47.3817         47.9992         
97.0000         144.8978        2.4897          48.5370         47.8662         48.4946         
98.0000         146.3741        2.4894          49.0334         48.3504         48.9903         
99.0000         147.8510        2.4891          49.5289         48.8346         49.4875         
100.0000        149.3268        2.4888          50.0236         49.3202         49.9830         
101.0000        150.8031        2.4885          50.5183         49.8057         50.4791         
102.0000        152.2814        2.4883          51.0140         50.2911         50.9762         
103.0000        153.7611        2.4880          51.5097         50.7768         51.4746         
104.0000        155.2401        2.4878          52.0052         51.2636         51.9714         
105.0000        156.7197        2.4876          52.5014         51.7495         52.4689         
106.0000        158.1989        2.4874          52.9973         52.2358         52.9658         
107.0000        159.6783        2.4872          53.4930         52.7218         53.4635         
108.0000        161.1579        2.4870          53.9889         53.2076         53.9614         
109.0000        162.6369        2.4868          54.4850         53.6925         54.4594         
110.0000        164.1152        2.4866          54.9796         54.1780         54.9576         
111.0000        165.5927        2.4864          55.4746         54.6635         55.4546         
112.0000        167.0719        2.4862          55.9707         55.1492         55.9520         
113.0000        168.5512        2.4860          56.4663         55.6349         56.4499         
114.0000        170.0291        2.4858          56.9610         56.1211         56.9470         
115.0000        171.5084        2.4856          57.4558         56.6077         57.4448         
116.0000        172.9868        2.4854          57.9510         57.0933         57.9425         
117.0000        174.4671        2.4853          58.4470         57.5797         58.4404         
118.0000        175.9475        2.4851          58.9442         58.0658         58.9375         
119.0000        177.4299        2.4850          59.4418         58.5523         59.4358         
120.0000        178.9111        2.4849          59.9384         59.0379         59.9348         
121.0000        180.3928        2.4847          60.4355         59.5239         60.4334         
122.0000        181.8740        2.4846          60.9328         60.0097         60.9316         
123.0000        183.3542        2.4845          61.4301         60.4948         61.4294         
124.0000        184.8344        2.4843          61.9275         60.9804         61.9265         
125.0000        186.3165        2.4842          62.4254         61.4670         62.4241         
126.0000        187.8004        2.4841          62.9240         61.9541         62.9223         
127.0000        189.2835        2.4840          63.4224         62.4413         63.4197         
128.0000        190.7657        2.4839          63.9204         62.9284         63.9169         
129.0000        192.2464        2.4838          64.4180         63.4149         64.4136         
130.0000        193.7275        2.4837          64.9152         63.9014         64.9109         
131.0000        195.2105        2.4836          65.4129         64.3888         65.4088         
132.0000        196.6940        2.4835          65.9112         64.8756         65.9072         
133.0000        198.1778        2.4834          66.4100         65.3619         66.4059         
134.0000        199.6620        2.4834          66.9081         65.8486         66.9053         
135.0000        201.1442        2.4833          67.4063         66.3340         67.4039         
136.0000        202.6266        2.4832          67.9050         66.8192         67.9024         
137.0000        204.1091        2.4831          68.4035         67.3046         68.4010         
138.0000        205.5904        2.4830          68.9021         67.7896         68.8987         
139.0000        207.0724        2.4829          69.4007         68.2752         69.3965         
140.0000        208.5550        2.4828          69.8994         68.7605         69.8951         
141.0000        210.0381        2.4827          70.3996         69.2465         70.3920         
142.0000        211.5201        2.4826          70.8992         69.7321         70.8888         
143.0000        213.0029        2.4826          71.3988         70.2174         71.3867         
144.0000        214.4860        2.4825          71.8990         70.7022         71.8847         
145.0000        215.9695        2.4824          72.3997         71.1873         72.3825         
146.0000        217.4519        2.4823          72.9000         71.6720         72.8800         
147.0000        218.9341        2.4822          73.4004         72.1565         73.3773         
148.0000        220.4166        2.4822          73.9019         72.6406         73.8741         
149.0000        221.8967        2.4821          74.4028         73.1237         74.3702         
150.0000        223.3764        2.4820          74.9035         73.6064         74.8664         
151.0000        224.8558        2.4819          75.4047         74.0887         75.3624         
152.0000        226.3352        2.4817          75.9056         74.5704         75.8592         
153.0000        227.8160        2.4817          76.4066         75.0534         76.3560         
154.0000        229.2992        2.4816          76.9078         75.5368         76.8546         
155.0000        230.7817        2.4815          77.4086         76.0202         77.3528         
156.0000        232.2630        2.4814          77.9098         76.5036         77.8496         
157.0000        233.7444        2.4814          78.4112         76.9871         78.3461         
158.0000        235.2265        2.4813          78.9135         77.4712         78.8418         
159.0000        236.7064        2.4812          79.4159         77.9544         79.3362         
160.0000        238.1873        2.4811          79.9183         78.4376         79.8314         
161.0000        239.6672        2.4810          80.4205         78.9195         80.3272         
162.0000        241.1453        2.4809          80.9203         79.4021         80.8228         
163.0000        242.6240        2.4808          81.4200         79.8845         81.3196         
164.0000        244.1023        2.4807          81.9198         80.3669         81.8155         
165.0000        245.5806        2.4806          82.4200         80.8495         82.3112         
166.0000        247.0605        2.4805          82.9208         81.3322         82.8075         
167.0000        248.5396        2.4804          83.4214         81.8149         83.3033         
168.0000        250.0194        2.4804          83.9226         82.2968         83.8000         
169.0000        251.4966        2.4802          84.4217         82.7789         84.2960         
170.0000        252.9761        2.4802          84.9225         83.2609         84.7927         
171.0000        254.4518        2.4800          85.4218         83.7414         85.2886         
172.0000        255.9296        2.4799          85.9225         84.2224         85.7848         
173.0000        257.4078        2.4798          86.4225         84.7040         86.2814         
174.0000        258.8865        2.4798          86.9225         85.1856         86.7784         
175.0000        260.3657        2.4797          87.4226         85.6681         87.2750         
176.0000        261.8451        2.4796          87.9222         86.1511         87.7718         
177.0000        263.3246        2.4795          88.4215         86.6343         88.2689         
178.0000        264.8022        2.4794          88.9196         87.1169         88.7656         
179.0000        266.2793        2.4793          89.4168         87.5991         89.2633         
180.0000        267.7552        2.4792          89.9132         88.0815         89.7605         
181.0000        269.2329        2.4791          90.4102         88.5636         90.2590         
182.0000        270.7092        2.4790          90.9075         89.0456         90.7562         
183.0000        272.1857        2.4789          91.4049         89.5276         91.2532         
184.0000        273.6612        2.4788          91.9025         90.0087         91.7500         
185.0000        275.1388        2.4787          92.4005         90.4909         92.2474         
186.0000        276.6159        2.4786          92.8990         90.9729         92.7440         
187.0000        278.0912        2.4785          93.3962         91.4544         93.2406         
188.0000        279.5688        2.4784          93.8941         91.9367         93.7380         
189.0000        281.0472        2.4784          94.3918         92.4199         94.2355         
190.0000        282.5275        2.4783          94.8905         92.9032         94.7338         
191.0000        284.0056        2.4782          95.3885         93.3857         95.2314         
192.0000        285.4819        2.4781          95.8861         93.8678         95.7280         
193.0000        286.9598        2.4781          96.3841         94.3507         96.2251         
194.0000        288.4387        2.4780          96.8822         94.8343         96.7222         
195.0000        289.9176        2.4779          97.3797         95.3173         97.2205         
196.0000        291.3959        2.4779          97.8773         95.8003         97.7183         
197.0000        292.8736        2.4778          98.3757         96.2831         98.2148         
198.0000        294.3510        2.4777          98.8732         96.7664         98.7114         
199.0000        295.8288        2.4776          99.3714         97.2497         99.2077         
200.0000        297.3057        2.4775          99.8692         97.7336         99.7030         
201.0000        298.7820        2.4775          100.3668        98.2168         100.1984        
202.0000        300.2580        2.4774          100.8647        98.6990         100.6944        
203.0000        301.7344        2.4773          101.3620        99.1814         101.1910        
204.0000        303.2103        2.4772          101.8597        99.6634         101.6872        
205.0000        304.6857        2.4771          102.3565        100.1448        102.1843        
206.0000        306.1620        2.4770          102.8532        100.6275        102.6813        
207.0000        307.6387        2.4770          103.3496        101.1099        103.1792        
208.0000        309.1147        2.4769          103.8458        101.5931        103.6758        
209.0000        310.5922        2.4768          104.3422        102.0766        104.1734        
210.0000        312.0694        2.4767          104.8394        102.5597        104.6703        
211.0000        313.5466        2.4767          105.3375        103.0417        105.1674        
212.0000        315.0244        2.4766          105.8358        103.5236        105.6650        
213.0000        316.5016        2.4765          106.3339        104.0055        106.1622        
214.0000        317.9775        2.4765          106.8312        104.4864        106.6598        
215.0000        319.4556        2.4764          107.3294        104.9681        107.1582        
216.0000        320.9320        2.4763          107.8266        105.4490        107.6564        
217.0000        322.4065        2.4762          108.3229        105.9292        108.1544        
218.0000        323.8805        2.4762          108.8197        106.4095        108.6513        
219.0000        325.3541        2.4761          109.3166        106.8900        109.1475        
220.0000        326.8271        2.4760          109.8132        107.3704        109.6435        
221.0000        328.2977        2.4758          110.3087        107.8497        110.1392        
222.0000        329.7720        2.4758          110.8062        108.3305        110.6353        
223.0000        331.2458        2.4757          111.3033        108.8100        111.1325        
224.0000        332.7186        2.4756          111.8001        109.2890        111.6295        
225.0000        334.1921        2.4755          112.2969        109.7690        112.1261        
226.0000        335.6673        2.4754          112.7944        110.2495        112.6234        
227.0000        337.1447        2.4754          113.2938        110.7303        113.1206        
228.0000        338.6232        2.4753          113.7930        111.2122        113.6180        
229.0000        340.0997        2.4753          114.2917        111.6931        114.1149        
230.0000        341.5754        2.4752          114.7897        112.1747        114.6111        
231.0000        343.0534        2.4751          115.2878        112.6568        115.1088        
232.0000        344.5292        2.4751          115.7862        113.1378        115.6052        
233.0000        346.0069        2.4750          116.2844        113.6192        116.1033        
234.0000        347.4849        2.4750          116.7830        114.1003        116.6016        
235.0000        348.9633        2.4749          117.2811        114.5813        117.1010        
236.0000        350.4427        2.4749          117.7804        115.0619        117.6004        
237.0000        351.9220        2.4748          118.2797        115.5430        118.0994        
238.0000        353.3989        2.4748          118.7771        116.0239        118.5979        
239.0000        354.8769        2.4747          119.2760        116.5051        119.0958        
240.0000        356.3544        2.4747          119.7739        116.9867        119.5938        
241.0000        357.8290        2.4746          120.2707        117.4678        120.0905        
242.0000        359.3060        2.4746          120.7683        117.9491        120.5886        
243.0000        360.7849        2.4745          121.2665        118.4315        121.0868        
244.0000        362.2634        2.4745          121.7642        118.9134        121.5858        
245.0000        363.7442        2.4745          122.2625        119.3967        122.0850        
246.0000        365.2240        2.4744          122.7597        119.8801        122.5842        
247.0000        366.7046        2.4744          123.2574        120.3631        123.0840        
248.0000        368.1839        2.4744          123.7547        120.8460        123.5832        
249.0000        369.6637        2.4743          124.2529        121.3284        124.0824        
250.0000        371.1426        2.4743          124.7496        121.8117        124.5814        
251.0000        372.6212        2.4742          125.2464        122.2944        125.0804        
252.0000        374.0983        2.4742          125.7424        122.7761        125.5797        
253.0000        375.5760        2.4742          126.2396        123.2582        126.0782        
254.0000        377.0527        2.4741          126.7368        123.7392        126.5767        
255.0000        378.5306        2.4741          127.2349        124.2214        127.0744        
256.0000        380.0074        2.4740          127.7323        124.7027        127.5724        
257.0000        381.4867        2.4740          128.2306        125.1845        128.0715        
258.0000        382.9664        2.4739          128.7296        125.6665        128.5703        
259.0000        384.4454        2.4739          129.2283        126.1485        129.0686        
260.0000        385.9241        2.4739          129.7265        126.6305        129.5672        
261.0000        387.4021        2.4738          130.2249        127.1117        130.0656        
262.0000        388.8791        2.4738          130.7230        127.5925        130.5637        
263.0000        390.3560        2.4737          131.2206        128.0738        131.0616        
264.0000        391.8330        2.4737          131.7188        128.5548        131.5594        
265.0000        393.3102        2.4736          132.2168        129.0359        132.0575        
266.0000        394.7873        2.4736          132.7156        129.5173        132.5545        
267.0000        396.2663        2.4736          133.2147        129.9987        133.0529        
268.0000        397.7467        2.4735          133.7137        130.4810        133.5520        
269.0000        399.2272        2.4735          134.2126        130.9634        134.0511        
270.0000        400.7070        2.4735          134.7101        131.4467        134.5502        
271.0000        402.1898        2.4735          135.2091        131.9311        135.0496        
272.0000        403.6711        2.4735          135.7086        132.4138        135.5486        
273.0000        405.1533        2.4735          136.2078        132.8968        136.0486        
274.0000        406.6378        2.4735          136.7084        133.3803        136.5490        
275.0000        408.1227        2.4735          137.2084        133.8642        137.0501        
276.0000        409.6080        2.4735          137.7087        134.3486        137.5507        
277.0000        411.0930        2.4735          138.2089        134.8329        138.0512        
278.0000        412.5749        2.4735          138.7078        135.3170        138.5502        
279.0000        414.0586        2.4735          139.2073        135.8017        139.0496        
280.0000        415.5413        2.4735          139.7073        136.2863        139.5477        
281.0000        417.0244        2.4735          140.2078        136.7718        140.0448        
282.0000        418.5081        2.4735          140.7090        137.2568        140.5424        
283.0000        419.9896        2.4734          141.2084        137.7413        141.0400        
284.0000        421.4714        2.4734          141.7071        138.2267        141.5376        
285.0000        422.9515        2.4734          142.2047        138.7118        142.0350        
286.0000        424.4320        2.4734          142.7033        139.1965        142.5322        
287.0000        425.9123        2.4734          143.2020        139.6821        143.0282        
288.0000        427.3935        2.4733          143.7005        140.1680        143.5250        
289.0000        428.8734        2.4733          144.1989        140.6531        144.0215        
290.0000        430.3557        2.4733          144.6974        141.1385        144.5197        
291.0000        431.8381        2.4733          145.1965        141.6238        145.0178        
292.0000        433.3209        2.4733          145.6956        142.1086        145.5167        
293.0000        434.8041        2.4733          146.1942        142.5933        146.0166        
294.0000        436.2880        2.4733          146.6929        143.0791        146.5159        
295.0000        437.7735        2.4733          147.1929        143.5642        147.0163        
296.0000        439.2589        2.4733          147.6930        144.0488        147.5171        
297.0000        440.7447        2.4733          148.1929        144.5339        148.0179        
298.0000        442.2296        2.4733          148.6926        145.0193        148.5177        
299.0000        443.7167        2.4733          149.1934        145.5048        149.0185        
300.0000        445.2024        2.4733          149.6934        145.9901        149.5189        
301.0000        446.6891        2.4734          150.1936        146.4755        150.0200        
302.0000        448.1770        2.4734          150.6944        146.9613        150.5213        
303.0000        449.6617        2.4734          151.1945        147.4454        151.0218        
304.0000        451.1458        2.4734          151.6939        147.9294        151.5225        
305.0000        452.6309        2.4734          152.1927        148.4142        152.0240        
306.0000        454.1170        2.4734          152.6915        148.8994        152.5261        
307.0000        455.6032        2.4734          153.1914        149.3847        153.0271        
308.0000        457.0893        2.4734          153.6914        149.8697        153.5281        
309.0000        458.5724        2.4734          154.1908        150.3542        154.0274        
310.0000        460.0554        2.4734          154.6896        150.8394        154.5265        
311.0000        461.5384        2.4734          155.1881        151.3245        155.0257        
312.0000        463.0215        2.4734          155.6871        151.8098        155.5246        
313.0000        464.5025        2.4734          156.1855        152.2940        156.0231        
314.0000        465.9847        2.4734          156.6844        152.7787        156.5216        
315.0000        467.4660        2.4734          157.1831        153.2632        157.0198        
316.0000        468.9478        2.4734          157.6823        153.7469        157.5187        
317.0000        470.4304        2.4733          158.1817        154.2315        158.0172        
318.0000        471.9141        2.4733          158.6825        154.7167        158.5148        
319.0000        473.3959        2.4733          159.1819        155.2019        159.0121        
320.0000        474.8790        2.4733          159.6819        155.6870        159.5101        
321.0000        476.3636        2.4733          160.1823        156.1725        160.0088        
322.0000        477.8482        2.4733          160.6825        156.6581        160.5075        
323.0000        479.3322        2.4733          161.1822        157.1431        161.0068        
324.0000        480.8134        2.4733          161.6805        157.6275        161.5054        
325.0000        482.2963        2.4733          162.1797        158.1131        162.0035        
326.0000        483.7794        2.4733          162.6789        158.5980        162.5026        
327.0000        485.2642        2.4733          163.1794        159.0826        163.0022        
328.0000        486.7475        2.4733          163.6790        159.5675        163.5010        
329.0000        488.2311        2.4733          164.1780        160.0530        164.0001        
330.0000        489.7139        2.4733          164.6774        160.5373        164.4992        
331.0000        491.1957        2.4733          165.1761        161.0218        164.9978        
332.0000        492.6763        2.4733          165.6735        161.5070        165.4958        
333.0000        494.1586        2.4733          166.1718        161.9921        165.9946        
334.0000        495.6396        2.4733          166.6695        162.4763        166.4938        
335.0000        497.1229        2.4732          167.1677        162.9616        166.9936        
336.0000        498.6063        2.4732          167.6661        163.4456        167.4946        
337.0000        500.0890        2.4732          168.1639        163.9293        167.9958        
338.0000        501.5714        2.4732          168.6608        164.4134        168.4971        
339.0000        503.0540        2.4732          169.1583        164.8963        168.9995        
340.0000        504.5370        2.4732          169.6556        165.3799        169.5015        
341.0000        506.0186        2.4732          170.1522        165.8630        170.0034        
342.0000        507.4993        2.4732          170.6481        166.3459        170.5053        
343.0000        508.9790        2.4732          171.1432        166.8292        171.0065        
344.0000        510.4598        2.4732          171.6385        167.3126        171.5088        
345.0000        511.9380        2.4731          172.1333        167.7957        172.0090        
346.0000        513.4154        2.4731          172.6275        168.2788        172.5090        
347.0000        514.8918        2.4731          173.1213        168.7615        173.0089        
348.0000        516.3684        2.4730          173.6151        169.2452        173.5082        
349.0000        517.8455        2.4730          174.1086        169.7297        174.0072        
350.0000        519.3207        2.4730          174.6014        170.2130        174.5062        
351.0000        520.7967        2.4729          175.0944        170.6969        175.0053        
352.0000        522.2718        2.4729          175.5873        171.1798        175.5046        
353.0000        523.7469        2.4728          176.0797        171.6630        176.0042        
354.0000        525.2229        2.4728          176.5735        172.1454        176.5040        
355.0000        526.6983        2.4728          177.0672        172.6274        177.0037        
356.0000        528.1738        2.4727          177.5607        173.1097        177.5034        
357.0000        529.6482        2.4727          178.0536        173.5919        178.0027        
358.0000        531.1214        2.4726          178.5457        174.0738        178.5019        
359.0000        532.5938        2.4726          179.0372        174.5562        179.0004        
360.0000        534.0684        2.4725          179.5287        175.0401        179.4997        
361.0000        535.5410        2.4725          180.0198        175.5236        179.9975        
362.0000        537.0129        2.4724          180.5116        176.0067        180.4946        
363.0000        538.4868        2.4724          181.0039        176.4902        180.9927        
364.0000        539.9592        2.4723          181.4961        176.9734        181.4897        
365.0000        541.4315        2.4723          181.9878        177.4567        181.9870        
366.0000        542.9019        2.4722          182.4795        177.9388        182.4836        
367.0000        544.3724        2.4722          182.9714        178.4195        182.9814        
368.0000        545.8456        2.4721          183.4650        178.9013        183.4794        
369.0000        547.3177        2.4721          183.9576        179.3831        183.9770        
370.0000        548.7872        2.4720          184.4493        179.8643        184.4736        
371.0000        550.2555        2.4719          184.9395        180.3453        184.9706        
372.0000        551.7223        2.4719          185.4302        180.8252        185.4670        
373.0000        553.1894        2.4718          185.9211        181.3051        185.9632        
374.0000        554.6560        2.4717          186.4128        181.7847        186.4585        
375.0000        556.1228        2.4717          186.9041        182.2643        186.9543        
376.0000        557.5901        2.4716          187.3965        182.7438        187.4498        
377.0000        559.0577        2.4715          187.8887        183.2236        187.9454        
378.0000        560.5259        2.4715          188.3804        183.7038        188.4418        
379.0000        561.9944        2.4714          188.8711        184.1844        188.9389        
380.0000        563.4643        2.4713          189.3636        184.6652        189.4354        
381.0000        564.9354        2.4713          189.8565        185.1458        189.9331        
382.0000        566.4063        2.4712          190.3501        185.6263        190.4299        
383.0000        567.8760        2.4712          190.8427        186.1063        190.9270        
384.0000        569.3450        2.4711          191.3356        186.5867        191.4227        
385.0000        570.8155        2.4711          191.8288        187.0665        191.9202        
386.0000        572.2868        2.4710          192.3219        187.5464        192.4185        
387.0000        573.7597        2.4710          192.8145        188.0274        192.9178        
388.0000        575.2315        2.4709          193.3064        188.5085        193.4165        
389.0000        576.7048        2.4709          193.7991        188.9895        193.9162        
390.0000        578.1769        2.4708          194.2912        189.4700        194.4157        
391.0000        579.6502        2.4708          194.7844        189.9505        194.9153        
392.0000        581.1243        2.4708          195.2779        190.4317        195.4147        
393.0000        582.5995        2.4707          195.7716        190.9142        195.9137        
394.0000        584.0756        2.4707          196.2658        191.3966        196.4132        
395.0000        585.5528        2.4707          196.7597        191.8803        196.9128        
396.0000        587.0302        2.4707          197.2539        192.3630        197.4133        
397.0000        588.5070        2.4706          197.7483        192.8445        197.9143        
398.0000        589.9843        2.4706          198.2422        193.3260        198.4160        
399.0000        591.4611        2.4706          198.7360        193.8084        198.9166        
400.0000        592.9399        2.4706          199.2306        194.2914        199.4179        
401.0000        594.4177        2.4706          199.7251        194.7739        199.9187        
402.0000        595.8965        2.4705          200.2197        195.2565        200.4203        
403.0000        597.3747        2.4705          200.7148        195.7396        200.9202        
404.0000        598.8539        2.4705          201.2111        196.2224        201.4204        
405.0000        600.3345        2.4705          201.7080        196.7059        201.9207        
406.0000        601.8148        2.4705          202.2049        197.1894        202.4205        
407.0000        603.2936        2.4705          202.7007        197.6734        202.9196        
408.0000        604.7725        2.4705          203.1974        198.1558        203.4193        
409.0000        606.2513        2.4705          203.6938        198.6388        203.9187        
410.0000        607.7301        2.4704          204.1907        199.1223        204.4172        
411.0000        609.2092        2.4704          204.6876        199.6060        204.9157        
412.0000        610.6886        2.4704          205.1843        200.0902        205.4140        
413.0000        612.1673        2.4704          205.6807        200.5738        205.9128        
414.0000        613.6450        2.4704          206.1770        201.0574        206.4105        
415.0000        615.1236        2.4704          206.6737        201.5411        206.9088        
416.0000        616.6001        2.4704          207.1690        202.0245        207.4066        
417.0000        618.0788        2.4703          207.6645        202.5081        207.9062        
418.0000        619.5574        2.4703          208.1602        202.9907        208.4065        
419.0000        621.0331        2.4703          208.6546        203.4724        208.9061        
420.0000        622.5114        2.4703          209.1491        203.9551        209.4072        
421.0000        623.9903        2.4703          209.6439        204.4383        209.9081        
422.0000        625.4690        2.4703          210.1391        204.9212        210.4087        
423.0000        626.9468        2.4702          210.6331        205.4046        210.9091        
424.0000        628.4240        2.4702          211.1272        205.8876        211.4092        
425.0000        629.8995        2.4702          211.6198        206.3697        211.9099        
426.0000        631.3753        2.4702          212.1129        206.8524        212.4101        
427.0000        632.8514        2.4701          212.6050        207.3358        212.9106        
428.0000        634.3279        2.4701          213.0970        207.8195        213.4114        
429.0000        635.8062        2.4701          213.5897        208.3030        213.9136        
430.0000        637.2847        2.4701          214.0826        208.7875        214.4146        
431.0000        638.7608        2.4701          214.5748        209.2709        214.9150        
432.0000        640.2377        2.4701          215.0668        209.7549        215.4161        
433.0000        641.7141        2.4700          215.5588        210.2383        215.9170        
434.0000        643.1898        2.4700          216.0514        210.7206        216.4178        
435.0000        644.6651        2.4700          216.5434        211.2027        216.9190        
436.0000        646.1398        2.4700          217.0350        211.6843        217.4205        
437.0000        647.6165        2.4699          217.5272        212.1664        217.9229        
438.0000        649.0930        2.4699          218.0190        212.6484        218.4256        
439.0000        650.5711        2.4699          218.5113        213.1314        218.9284        
440.0000        652.0474        2.4699          219.0028        213.6145        219.4302        
441.0000        653.5235        2.4699          219.4932        214.0982        219.9321        
442.0000        655.0033        2.4698          219.9854        214.5825        220.4354        
443.0000        656.4802        2.4698          220.4763        215.0662        220.9376        
444.0000        657.9560        2.4698          220.9673        215.5493        221.4394        
445.0000        659.4322        2.4698          221.4586        216.0319        221.9417        
446.0000        660.9078        2.4698          221.9492        216.5150        222.4436        
447.0000        662.3837        2.4697          222.4395        216.9977        222.9465        
448.0000        663.8600        2.4697          222.9300        217.4813        223.4487        
449.0000        665.3360        2.4697          223.4204        217.9646        223.9509        
450.0000        666.8121        2.4697          223.9113        218.4467        224.4541        
451.0000        668.2866        2.4696          224.4014        218.9294        224.9559        
452.0000        669.7601        2.4696          224.8916        219.4109        225.4576        
453.0000        671.2334        2.4696          225.3815        219.8924        225.9595        
454.0000        672.7073        2.4696          225.8713        220.3740        226.4620        
455.0000        674.1800        2.4695          226.3604        220.8556        226.9640        
456.0000        675.6531        2.4695          226.8489        221.3376        227.4666        
457.0000        677.1262        2.4695          227.3372        221.8195        227.9694        
458.0000        678.5993        2.4694          227.8257        222.3006        228.4730        
459.0000        680.0743        2.4694          228.3144        222.7819        228.9780        
460.0000        681.5501        2.4694          228.8034        223.2637        229.4830        
461.0000        683.0232        2.4694          229.2921        223.7442        229.9869        
462.0000        684.4960        2.4693          229.7807        224.2245        230.4908        
463.0000        685.9692        2.4693          230.2696        224.7045        230.9951        
464.0000        687.4411        2.4693          230.7565        225.1856        231.4989        
465.0000        688.9125        2.4692          231.2436        225.6663        232.0026        
466.0000        690.3852        2.4692          231.7300        226.1482        232.5070        
467.0000        691.8578        2.4692          232.2176        226.6295        233.0108        
468.0000        693.3300        2.4691          232.7045        227.1111        233.5144        
469.0000        694.8019        2.4691          233.1909        227.5923        234.0187        
470.0000        696.2739        2.4691          233.6778        228.0740        234.5221        
471.0000        697.7465        2.4690          234.1658        228.5549        235.0259        
472.0000        699.2186        2.4690          234.6531        229.0354        235.5300        
473.0000        700.6898        2.4690          235.1412        229.5152        236.0334        
474.0000        702.1624        2.4689          235.6296        229.9954        236.5375        
475.0000        703.6363        2.4689          236.1185        230.4759        237.0419        
476.0000        705.1112        2.4689          236.6077        230.9568        237.5467        
477.0000        706.5873        2.4689          237.0979        231.4373        238.0520        
478.0000        708.0660        2.4688          237.5892        231.9190        238.5579        
479.0000        709.5426        2.4688          238.0792        232.4005        239.0629        
480.0000        711.0182        2.4688          238.5698        232.8820        239.5663        
481.0000        712.4941        2.4688          239.0608        233.3636        240.0698        
482.0000        713.9687        2.4688          239.5525        233.8440        240.5722        
483.0000        715.4442        2.4688          240.0428        234.3257        241.0757        
484.0000        716.9194        2.4687          240.5326        234.8074        241.5793        
485.0000        718.3955        2.4687          241.0217        235.2902        242.0836        
486.0000        719.8731        2.4687          241.5116        235.7745        242.5870        
487.0000        721.3528        2.4687          242.0021        236.2590        243.0917        
488.0000        722.8321        2.4687          242.4925        236.7426        243.5970        
489.0000        724.3131        2.4687          242.9835        237.2272        244.1024        
490.0000        725.7912        2.4687          243.4741        237.7104        244.6067        
491.0000        727.2714        2.4687          243.9644        238.1939        245.1131        
492.0000        728.7514        2.4687          244.4558        238.6766        245.6190        
493.0000        730.2301        2.4687          244.9465        239.1590        246.1245        
494.0000        731.7089        2.4687          245.4381        239.6409        246.6299        
495.0000        733.1869        2.4686          245.9285        240.1219        247.1365        
496.0000        734.6663        2.4686          246.4190        240.6038        247.6435        
497.0000        736.1459        2.4686          246.9092        241.0862        248.1505        
498.0000        737.6248        2.4686          247.3990        241.5675        248.6582        
499.0000        739.1035        2.4686          247.8892        242.0480        249.1663        
500.0000        740.5836        2.4686          248.3799        242.5292        249.6745        
501.0000        742.0648        2.4686          248.8706        243.0112        250.1830        
502.0000        743.5457        2.4686          249.3613        243.4932        250.6913        
503.0000        745.0274        2.4686          249.8525        243.9747        251.2002        
504.0000        746.5111        2.4686          250.3440        244.4564        251.7108        
505.0000        747.9955        2.4686          250.8365        244.9383        252.2208        
506.0000        749.4798        2.4686          251.3276        245.4209        252.7313        
507.0000        750.9656        2.4687          251.8195        245.9035        253.2425        
508.0000        752.4504        2.4687          252.3115        246.3866        253.7524        
509.0000        753.9343        2.4687          252.8026        246.8698        254.2619        
510.0000        755.4194        2.4687          253.2945        247.3530        254.7719        
511.0000        756.9021        2.4687          253.7854        247.8350        255.2816        
512.0000        758.3831        2.4687          254.2764        248.3170        255.7897        
513.0000        759.8639        2.4687          254.7669        248.7985        256.2985        
514.0000        761.3456        2.4687          255.2569        249.2801        256.8085        
515.0000        762.8262        2.4687          255.7470        249.7609        257.3182        
516.0000        764.3084        2.4687          256.2382        250.2426        257.8276        
517.0000        765.7884        2.4687          256.7280        250.7242        258.3363        
518.0000        767.2675        2.4687          257.2175        251.2053        258.8446        
519.0000        768.7478        2.4687          257.7078        251.6869        259.3531        
520.0000        770.2250        2.4687          258.1968        252.1682        259.8600        
521.0000        771.7043        2.4687          258.6876        252.6498        260.3669        
522.0000        773.1843        2.4687          259.1786        253.1319        260.8737        
523.0000        774.6613        2.4686          259.6686        253.6136        261.3791        
524.0000        776.1379        2.4686          260.1596        254.0940        261.8844        
525.0000        777.6149        2.4686          260.6494        254.5753        262.3902        
526.0000        779.0910        2.4686          261.1401        255.0547        262.8962        
527.0000        780.5686        2.4686          261.6315        255.5352        263.4019        
528.0000        782.0447        2.4686          262.1235        256.0138        263.9075        
529.0000        783.5223        2.4686          262.6148        256.4935        264.4140        
530.0000        784.9998        2.4686          263.1068        256.9720        264.9211        
531.0000        786.4788        2.4685          263.5994        257.4521        265.4273        
532.0000        787.9554        2.4685          264.0915        257.9308        265.9332        
533.0000        789.4333        2.4685          264.5836        258.4102        266.4395        
534.0000        790.9073        2.4685          265.0744        258.8881        266.9448        
535.0000        792.3816        2.4685          265.5654        259.3660        267.4501        
536.0000        793.8562        2.4685          266.0566        259.8438        267.9558        
537.0000        795.3307        2.4684          266.5475        260.3208        268.4624        
538.0000        796.8079        2.4684          267.0385        260.7991        268.9703        
539.0000        798.2854        2.4684          267.5300        261.2772        269.4782        
540.0000        799.7621        2.4684          268.0221        261.7546        269.9854        
541.0000        801.2399        2.4684          268.5147        262.2325        270.4927        
542.0000        802.7153        2.4684          269.0070        262.7093        270.9990        
543.0000        804.1903        2.4684          269.4997        263.1866        271.5039        
544.0000        805.6661        2.4683          269.9928        263.6640        272.0093        
545.0000        807.1436        2.4683          270.4859        264.1419        272.5158        
546.0000        808.6213        2.4683          270.9783        264.6203        273.0227        
547.0000        810.0994        2.4683          271.4705        265.0986        273.5303        
548.0000        811.5774        2.4683          271.9637        265.5768        274.0370        
549.0000        813.0542        2.4683          272.4564        266.0550        274.5428        
550.0000        814.5322        2.4683          272.9493        266.5343        275.0486        
551.0000        816.0101        2.4683          273.4430        267.0129        275.5542        
552.0000        817.4879        2.4683          273.9358        267.4927        276.0594        
553.0000        818.9631        2.4682          274.4290        267.9717        276.5624        
554.0000        820.4398        2.4682          274.9216        268.4508        277.0674        
555.0000        821.9166        2.4682          275.4144        268.9306        277.5715        
556.0000        823.3940        2.4682          275.9075        269.4102        278.0764        
557.0000        824.8725        2.4682          276.4006        269.8908        278.5811        
558.0000        826.3511        2.4682          276.8930        270.3714        279.0868        
559.0000        827.8295        2.4682          277.3862        270.8513        279.5920        
560.0000        829.3097        2.4682          277.8806        271.3307        280.0984        
561.0000        830.7890        2.4682          278.3740        271.8105        280.6045        
562.0000        832.2692        2.4682          278.8678        272.2908        281.1106        
563.0000        833.7495        2.4682          279.3610        272.7716        281.6169        
564.0000        835.2289        2.4682          279.8539        273.2525        282.1225        
565.0000        836.7072        2.4682          280.3466        273.7335        282.6271        
566.0000        838.1883        2.4682          280.8389        274.2157        283.1337        
567.0000        839.6712        2.4682          281.3325        274.6975        283.6413        
568.0000        841.1538        2.4682          281.8248        275.1802        284.1488        
569.0000        842.6366        2.4682          282.3177        275.6626        284.6562        
570.0000        844.1176        2.4682          282.8097        276.1444        285.1635        
571.0000        845.5981        2.4682          283.3014        276.6262        285.6706        
572.0000        847.0792        2.4682          283.7944        277.1072        286.1776        
573.0000        848.5586        2.4682          284.2856        277.5882        286.6847        
574.0000        850.0390        2.4682          284.7770        278.0705        287.1915        
575.0000        851.5206        2.4682          285.2685        278.5534        287.6987        
576.0000        853.0046        2.4682          285.7604        279.0374        288.2068        
577.0000        854.4880        2.4682          286.2515        279.5214        288.7150        
578.0000        855.9708        2.4682          286.7433        280.0049        289.2226        
579.0000        857.4554        2.4682          287.2358        280.4891        289.7305        
580.0000        858.9418        2.4682          287.7284        280.9736        290.2398        
581.0000        860.4273        2.4682          288.2213        281.4572        290.7488        
582.0000        861.9127        2.4682          288.7139        281.9405        291.2582        
583.0000        863.3975        2.4683          289.2064        282.4238        291.7674        
584.0000        864.8824        2.4683          289.6996        282.9065        292.2762        
585.0000        866.3671        2.4683          290.1921        283.3902        292.7848        
586.0000        867.8532        2.4683          290.6852        283.8733        293.2947        
587.0000        869.3413        2.4683          291.1791        284.3577        293.8044        
588.0000        870.8311        2.4683          291.6726        284.8425        294.3160        
589.0000        872.3196        2.4684          292.1651        285.3276        294.8268        
590.0000        873.8076        2.4684          292.6580        285.8133        295.3363        
591.0000        875.2958        2.4684          293.1504        286.2990        295.8464        
592.0000        876.7829        2.4684          293.6426        286.7839        296.3564        
593.0000        878.2684        2.4684          294.1351        287.2678        296.8655        
594.0000        879.7570        2.4685          294.6280        287.7536        297.3754        
595.0000        881.2440        2.4685          295.1217        288.2379        297.8844        
596.0000        882.7315        2.4685          295.6156        288.7223        298.3936        
597.0000        884.2180        2.4685          296.1089        289.2070        298.9022        
598.0000        885.7046        2.4685          296.6022        289.6918        299.4106        
599.0000        887.1917        2.4685          297.0958        290.1764        299.9194        
600.0000        888.6772        2.4685          297.5885        290.6609        300.4278        
601.0000        890.1615        2.4686          298.0812        291.1446        300.9358        
602.0000        891.6475        2.4686          298.5750        291.6278        301.4447        
603.0000        893.1320        2.4686          299.0682        292.1110        301.9529        
604.0000        894.6174        2.4686          299.5620        292.5932        302.4622        
605.0000        896.1033        2.4686          300.0554        293.0767        302.9712        
606.0000        897.5910        2.4686          300.5491        293.5611        303.4808        
607.0000        899.0786        2.4686          301.0425        294.0452        303.9909        
608.0000        900.5649        2.4687          301.5363        294.5280        304.5006        
609.0000        902.0510        2.4687          302.0306        295.0100        305.0104        
610.0000        903.5360        2.4687          302.5242        295.4912        305.5206        
611.0000        905.0214        2.4687          303.0170        295.9740        306.0303        
612.0000        906.5064        2.4687          303.5092        296.4566        306.5407        
613.0000        907.9910        2.4687          303.9998        296.9399        307.0514        
614.0000        909.4775        2.4687          304.4924        297.4233        307.5618        
615.0000        910.9647        2.4687          304.9854        297.9075        308.0718        
616.0000        912.4534        2.4688          305.4791        298.3923        308.5820        
617.0000        913.9422        2.4688          305.9723        298.8778        309.0921        
618.0000        915.4314        2.4688          306.4654        299.3630        309.6029        
619.0000        916.9218        2.4688          306.9592        299.8483        310.1143        
620.0000        918.4136        2.4689          307.4531        300.3333        310.6272        
621.0000        919.9029        2.4689          307.9459        300.8184        311.1386        
622.0000        921.3923        2.4689          308.4390        301.3029        311.6505        
623.0000        922.8811        2.4689          308.9317        301.7878        312.1616        
624.0000        924.3706        2.4689          309.4255        302.2731        312.6720        
625.0000        925.8595        2.4690          309.9188        302.7576        313.1832        
626.0000        927.3478        2.4690          310.4109        303.2424        313.6944        
627.0000        928.8363        2.4690          310.9026        303.7282        314.2055        
628.0000        930.3249        2.4690          311.3933        304.2153        314.7163        
629.0000        931.8145        2.4690          311.8849        304.7030        315.2266        
630.0000        933.3043        2.4691          312.3770        305.1900        315.7373        
631.0000        934.7954        2.4691          312.8674        305.6781        316.2499        
632.0000        936.2864        2.4691          313.3580        306.1662        316.7622        
633.0000        937.7801        2.4691          313.8501        306.6540        317.2760        
634.0000        939.2758        2.4692          314.3434        307.1424        317.7900        
635.0000        940.7715        2.4692          314.8352        307.6321        318.3041        
636.0000        942.2670        2.4693          315.3281        308.1213        318.8176        
637.0000        943.7639        2.4693          315.8222        308.6109        319.3308        
638.0000        945.2595        2.4693          316.3153        309.1001        319.8441        
639.0000        946.7571        2.4694          316.8098        309.5888        320.3585        
640.0000        948.2551        2.4694          317.3051        310.0778        320.8722        
641.0000        949.7537        2.4695          317.7995        310.5678        321.3864        
642.0000        951.2525        2.4695          318.2942        311.0576        321.9007        
643.0000        952.7523        2.4695          318.7889        311.5491        322.4143        
644.0000        954.2524        2.4696          319.2844        312.0393        322.9287        
645.0000        955.7522        2.4696          319.7791        312.5295        323.4437        
646.0000        957.2519        2.4697          320.2736        313.0198        323.9584        
647.0000        958.7520        2.4697          320.7700        313.5087        324.4733        
648.0000        960.2524        2.4698          321.2661        313.9989        324.9874        
649.0000        961.7527        2.4698          321.7616        314.4892        325.5018        
650.0000        963.2540        2.4699          322.2575        314.9806        326.0159        
651.0000        964.7538        2.4699          322.7524        315.4718        326.5295        
652.0000        966.2524        2.4700          323.2477        315.9623        327.0423        
653.0000        967.7526        2.4700          323.7429        316.4536        327.5560        
654.0000        969.2507        2.4701          324.2383        316.9441        328.0684        
655.0000        970.7506        2.4701          324.7350        317.4349        328.5807        
656.0000        972.2509        2.4701          325.2316        317.9252        329.0941        
657.0000        973.7525        2.4702          325.7300        318.4157        329.6068        
658.0000        975.2558        2.4703          326.2289        318.9065        330.1204        
659.0000        976.7590        2.4703          326.7279        319.3975        330.6336        
660.0000        978.2604        2.4704          327.2268        319.8881        331.1455        
661.0000        979.7626        2.4704          327.7264        320.3790        331.6572        
662.0000        981.2635        2.4705          328.2257        320.8698        332.1681        
663.0000        982.7683        2.4705          328.7260        321.3629        332.6794        
664.0000        984.2718        2.4706          329.2259        321.8549        333.1909        
665.0000        985.7743        2.4706          329.7244        322.3479        333.7020        
666.0000        987.2786        2.4707          330.2246        322.8416        334.2124        
667.0000        988.7843        2.4707          330.7258        323.3346        334.7239        
668.0000        990.2895        2.4708          331.2275        323.8274        335.2346        
669.0000        991.7942        2.4708          331.7288        324.3208        335.7446        
670.0000        993.2980        2.4709          332.2298        324.8147        336.2534        
671.0000        994.8006        2.4709          332.7303        325.3082        336.7621        
672.0000        996.3027        2.4710          333.2309        325.8011        337.2707        
673.0000        997.8041        2.4710          333.7320        326.2923        337.7797        
674.0000        999.3031        2.4711          334.2321        326.7831        338.2879        
675.0000        1000.8016       2.4711          334.7322        327.2743        338.7951        
676.0000        1002.3038       2.4712          335.2344        327.7666        339.3028        
677.0000        1003.8050       2.4712          335.7367        328.2585        339.8098        
678.0000        1005.3080       2.4713          336.2394        328.7508        340.3178        
679.0000        1006.8108       2.4713          336.7422        329.2432        340.8253        
680.0000        1008.3125       2.4714          337.2444        329.7355        341.3327        
681.0000        1009.8166       2.4714          337.7480        330.2281        341.8405        
682.0000        1011.3193       2.4715          338.2518        330.7202        342.3474        
683.0000        1012.8219       2.4715          338.7549        331.2115        342.8555        
684.0000        1014.3259       2.4716          339.2587        331.7027        343.3645        
685.0000        1015.8298       2.4716          339.7618        332.1949        343.8732        
686.0000        1017.3306       2.4716          340.2633        332.6862        344.3810        
687.0000        1018.8326       2.4717          340.7666        333.1768        344.8892        
688.0000        1020.3360       2.4717          341.2698        333.6687        345.3975        
689.0000        1021.8399       2.4718          341.7742        334.1603        345.9054        
690.0000        1023.3420       2.4718          342.2776        334.6512        346.4132        
691.0000        1024.8458       2.4719          342.7817        335.1425        346.9216        
692.0000        1026.3503       2.4719          343.2862        335.6339        347.4302        
693.0000        1027.8530       2.4720          343.7902        336.1246        347.9381        
694.0000        1029.3561       2.4720          344.2948        336.6159        348.4454        
695.0000        1030.8598       2.4721          344.7999        337.1072        348.9528        
696.0000        1032.3647       2.4721          345.3055        337.5987        349.4605        
697.0000        1033.8698       2.4722          345.8102        338.0900        349.9696        
698.0000        1035.3763       2.4722          346.3155        338.5813        350.4795        
699.0000        1036.8807       2.4723          346.8199        339.0712        350.9896        
700.0000        1038.3844       2.4723          347.3243        339.5609        351.4992        
701.0000        1039.8870       2.4724          347.8277        340.0509        352.0084        
702.0000        1041.3882       2.4724          348.3310        340.5402        352.5170        
703.0000        1042.8907       2.4725          348.8339        341.0303        353.0265        
704.0000        1044.3932       2.4725          349.3377        341.5205        353.5350        
705.0000        1045.8968       2.4726          349.8412        342.0123        354.0433        
706.0000        1047.3997       2.4726          350.3458        342.5023        354.5517        
707.0000        1048.9016       2.4727          350.8500        342.9919        355.0597        
708.0000        1050.4050       2.4727          351.3542        343.4817        355.5691        
709.0000        1051.9081       2.4728          351.8588        343.9713        356.0780        
710.0000        1053.4111       2.4728          352.3634        344.4607        356.5870        
711.0000        1054.9141       2.4728          352.8680        344.9498        357.0963        
712.0000        1056.4178       2.4729          353.3722        345.4394        357.6063        
713.0000        1057.9196       2.4729          353.8753        345.9290        358.1153        
714.0000        1059.4227       2.4730          354.3794        346.4188        358.6244        
715.0000        1060.9274       2.4730          354.8841        346.9099        359.1334        
716.0000        1062.4319       2.4731          355.3887        347.3999        359.6433        
717.0000        1063.9348       2.4731          355.8930        347.8890        360.1528        
718.0000        1065.4385       2.4732          356.3979        348.3784        360.6621        
719.0000        1066.9408       2.4732          356.9023        348.8677        361.1709        
720.0000        1068.4423       2.4732          357.4067        349.3571        361.6785        
721.0000        1069.9450       2.4733          357.9120        349.8465        362.1866        
722.0000        1071.4478       2.4733          358.4172        350.3352        362.6954        
723.0000        1072.9507       2.4734          358.9223        350.8245        363.2039        
724.0000        1074.4528       2.4734          359.4271        351.3141        363.7115        
725.0000        1075.9537       2.4735          359.9324        351.8035        364.2178        
726.0000        1077.4558       2.4735          360.4384        352.2928        364.7247        
727.0000        1078.9576       2.4735          360.9444        352.7815        365.2317        
728.0000        1080.4602       2.4736          361.4503        353.2713        365.7386        
729.0000        1081.9614       2.4736          361.9544        353.7614        366.2455        
730.0000        1083.4642       2.4737          362.4583        354.2518        366.7541        
731.0000        1084.9653       2.4737          362.9609        354.7419        367.2625        
732.0000        1086.4672       2.4737          363.4646        355.2325        367.7701        
733.0000        1087.9695       2.4738          363.9688        355.7228        368.2780        
734.0000        1089.4698       2.4738          364.4721        356.2128        368.7848        
735.0000        1090.9708       2.4739          364.9757        356.7042        369.2909        
736.0000        1092.4741       2.4739          365.4795        357.1954        369.7992        
737.0000        1093.9803       2.4739          365.9845        357.6877        370.3080        
738.0000        1095.4881       2.4740          366.4906        358.1811        370.8164        
739.0000        1096.9974       2.4741          366.9968        358.6748        371.3258        
740.0000        1098.5066       2.4741          367.5028        359.1683        371.8355        
741.0000        1100.0154       2.4742          368.0077        359.6631        372.3446        
742.0000        1101.5235       2.4742          368.5139        360.1567        372.8529        
743.0000        1103.0323       2.4743          369.0198        360.6528        373.3598        
744.0000        1104.5408       2.4743          369.5260        361.1481        373.8668        
745.0000        1106.0498       2.4744          370.0330        361.6438        374.3730        
746.0000        1107.5598       2.4744          370.5404        362.1398        374.8796        
747.0000        1109.0695       2.4745          371.0474        362.6354        375.3866        
748.0000        1110.5814       2.4746          371.5548        363.1325        375.8941        
749.0000        1112.0933       2.4746          372.0624        363.6292        376.4017        
750.0000        1113.6047       2.4747          372.5701        364.1248        376.9098        
751.0000        1115.1151       2.4747          373.0771        364.6196        377.4183        
752.0000        1116.6248       2.4748          373.5836        365.1147        377.9266        
753.0000        1118.1349       2.4748          374.0904        365.6090        378.4355        
754.0000        1119.6469       2.4749          374.5982        366.1035        378.9452        
755.0000        1121.1605       2.4750          375.1063        366.5982        379.4559        
756.0000        1122.6740       2.4750          375.6137        367.0937        379.9666        
757.0000        1124.1899       2.4751          376.1228        367.5900        380.4771        
758.0000        1125.7064       2.4752          376.6323        368.0864        380.9878        
759.0000        1127.2222       2.4752          377.1427        368.5823        381.4972        
760.0000        1128.7375       2.4753          377.6535        369.0776        382.0065        
761.0000        1130.2534       2.4754          378.1639        369.5734        382.5161        
762.0000        1131.7695       2.4754          378.6739        370.0695        383.0262        
763.0000        1133.2842       2.4755          379.1841        370.5641        383.5361        
764.0000        1134.7975       2.4756          379.6930        371.0590        384.0455        
765.0000        1136.3115       2.4756          380.2025        371.5549        384.5542        
766.0000        1137.8248       2.4757          380.7118        372.0520        385.0609        
767.0000        1139.3402       2.4758          381.2210        372.5493        385.5699        
768.0000        1140.8576       2.4758          381.7320        373.0470        386.0785        
769.0000        1142.3733       2.4759          382.2433        373.5439        386.5861        
770.0000        1143.8874       2.4759          382.7541        374.0407        387.0926        
771.0000        1145.4012       2.4760          383.2649        374.5363        387.6001        
772.0000        1146.9162       2.4761          383.7757        375.0329        388.1076        
773.0000        1148.4292       2.4761          384.2848        375.5299        388.6145        
774.0000        1149.9426       2.4762          384.7931        376.0273        389.1221        
775.0000        1151.4541       2.4762          385.3013        376.5246        389.6282        
776.0000        1152.9652       2.4763          385.8100        377.0212        390.1339        
777.0000        1154.4766       2.4764          386.3187        377.5180        390.6399        
778.0000        1155.9881       2.4764          386.8279        378.0149        391.1453        
779.0000        1157.4997       2.4765          387.3369        378.5112        391.6516        
780.0000        1159.0105       2.4765          387.8464        379.0066        392.1574        
781.0000        1160.5222       2.4766          388.3560        379.5029        392.6633        
782.0000        1162.0333       2.4766          388.8640        379.9989        393.1704        
783.0000        1163.5459       2.4767          389.3735        380.4950        393.6774        
784.0000        1165.0585       2.4767          389.8833        380.9907        394.1845        
785.0000        1166.5711       2.4768          390.3939        381.4863        394.6909        
786.0000        1168.0843       2.4769          390.9044        381.9819        395.1980        
787.0000        1169.5952       2.4769          391.4144        382.4765        395.7043        
788.0000        1171.1059       2.4770          391.9246        382.9707        396.2105        
789.0000        1172.6183       2.4770          392.4354        383.4662        396.7167        
790.0000        1174.1291       2.4771          392.9461        383.9602        397.2228        
791.0000        1175.6408       2.4771          393.4563        384.4550        397.7295        
792.0000        1177.1531       2.4772          393.9667        384.9507        398.2357        
793.0000        1178.6662       2.4772          394.4773        385.4475        398.7413        
794.0000        1180.1807       2.4773          394.9884        385.9447        399.2476        
795.0000        1181.6930       2.4773          395.4999        386.4402        399.7528        
796.0000        1183.2058       2.4774          396.0116        386.9363        400.2580        
797.0000        1184.7185       2.4775          396.5232        387.4318        400.7635        
798.0000        1186.2299       2.4775          397.0343        387.9279        401.2677        
799.0000        1187.7410       2.4776          397.5459        388.4238        401.7713        
800.0000        1189.2503       2.4776          398.0582        388.9183        402.2738        
801.0000        1190.7603       2.4777          398.5698        389.4144        402.7761        
802.0000        1192.2700       2.4777          399.0807        389.9103        403.2790        
803.0000        1193.7803       2.4778          399.5909        390.4065        403.7828        
804.0000        1195.2905       2.4778          400.1021        390.9020        404.2864        
805.0000        1196.7993       2.4778          400.6123        391.3970        404.7900        
806.0000        1198.3090       2.4779          401.1223        391.8927        405.2940        
807.0000        1199.8197       2.4779          401.6327        392.3889        405.7981        
808.0000        1201.3311       2.4780          402.1436        392.8845        406.3030        
809.0000        1202.8411       2.4780          402.6544        393.3795        406.8072        
810.0000        1204.3494       2.4781          403.1638        393.8740        407.3117        
811.0000        1205.8578       2.4781          403.6729        394.3680        407.8168        
812.0000        1207.3658       2.4782          404.1822        394.8619        408.3216        
813.0000        1208.8724       2.4782          404.6905        395.3550        408.8270        
814.0000        1210.3795       2.4783          405.1995        395.8471        409.3329        
815.0000        1211.8862       2.4783          405.7070        396.3400        409.8392        
816.0000        1213.3928       2.4783          406.2139        396.8329        410.3460        
817.0000        1214.8977       2.4784          406.7205        397.3243        410.8529        
818.0000        1216.4024       2.4784          407.2265        397.8157        411.3602        
819.0000        1217.9048       2.4784          407.7316        398.3060        411.8672        
820.0000        1219.4093       2.4785          408.2371        398.7973        412.3749        
821.0000        1220.9129       2.4785          408.7430        399.2888        412.8811        
822.0000        1222.4150       2.4785          409.2487        399.7788        413.3874        
823.0000        1223.9167       2.4786          409.7548        400.2686        413.8933        
824.0000        1225.4199       2.4786          410.2606        400.7586        414.4006        
825.0000        1226.9224       2.4786          410.7673        401.2481        414.9070        
826.0000        1228.4245       2.4787          411.2731        401.7381        415.4132        
827.0000        1229.9267       2.4787          411.7790        402.2272        415.9204        
828.0000        1231.4275       2.4787          412.2855        402.7153        416.4267        
829.0000        1232.9253       2.4787          412.7904        403.2025        416.9325        
830.0000        1234.4251       2.4788          413.2954        403.6895        417.4401        
831.0000        1235.9256       2.4788          413.7994        404.1780        417.9482        
832.0000        1237.4272       2.4788          414.3037        404.6676        418.4558        
833.0000        1238.9281       2.4788          414.8070        405.1570        418.9640        
834.0000        1240.4262       2.4789          415.3091        405.6461        419.4709        
835.0000        1241.9231       2.4789          415.8107        406.1344        419.9781        
836.0000        1243.4205       2.4789          416.3139        406.6217        420.4849        
837.0000        1244.9146       2.4789          416.8149        407.1079        420.9918        
838.0000        1246.4103       2.4789          417.3158        407.5950        421.4995        
839.0000        1247.9080       2.4790          417.8165        408.0842        422.0073        
840.0000        1249.4061       2.4790          418.3176        408.5735        422.5150        
841.0000        1250.9069       2.4790          418.8197        409.0647        423.0225        
842.0000        1252.4068       2.4790          419.3225        409.5541        423.5301        
843.0000        1253.9051       2.4791          419.8245        410.0434        424.0372        
844.0000        1255.4035       2.4791          420.3274        410.5317        424.5444        
845.0000        1256.8998       2.4791          420.8299        411.0193        425.0506        
846.0000        1258.3963       2.4791          421.3321        411.5075        425.5567        
847.0000        1259.8950       2.4791          421.8353        411.9958        426.0640        
848.0000        1261.3929       2.4792          422.3392        412.4832        426.5705        
849.0000        1262.8907       2.4792          422.8438        412.9694        427.0775        
850.0000        1264.3891       2.4792          423.3484        413.4564        427.5843        
851.0000        1265.8886       2.4792          423.8532        413.9435        428.0919        
852.0000        1267.3868       2.4792          424.3583        414.4305        428.5980        
853.0000        1268.8866       2.4793          424.8635        414.9181        429.1050        
854.0000        1270.3872       2.4793          425.3694        415.4056        429.6122        
855.0000        1271.8868       2.4793          425.8748        415.8932        430.1188        
856.0000        1273.3862       2.4793          426.3796        416.3812        430.6254        
857.0000        1274.8863       2.4794          426.8840        416.8690        431.1332        
858.0000        1276.3843       2.4794          427.3880        417.3557        431.6407        
859.0000        1277.8818       2.4794          427.8929        417.8429        432.1460        
860.0000        1279.3787       2.4794          428.3977        418.3293        432.6517        
861.0000        1280.8755       2.4794          428.9028        418.8166        433.1560        
862.0000        1282.3706       2.4794          429.4074        419.3033        433.6599        
863.0000        1283.8660       2.4795          429.9121        419.7903        434.1636        
864.0000        1285.3631       2.4795          430.4169        420.2779        434.6684        
865.0000        1286.8621       2.4795          430.9226        420.7656        435.1740        
866.0000        1288.3587       2.4795          431.4269        421.2531        435.6788        
867.0000        1289.8553       2.4795          431.9320        421.7397        436.1836        
868.0000        1291.3511       2.4796          432.4373        422.2262        436.6877        
869.0000        1292.8484       2.4796          432.9421        422.7135        437.1928        
870.0000        1294.3462       2.4796          433.4476        423.2003        437.6982        
871.0000        1295.8438       2.4796          433.9537        423.6868        438.2033        
872.0000        1297.3418       2.4796          434.4597        424.1735        438.7086        
873.0000        1298.8414       2.4797          434.9655        424.6614        439.2145        
874.0000        1300.3408       2.4797          435.4718        425.1502        439.7187        
875.0000        1301.8394       2.4797          435.9774        425.6397        440.2223        
876.0000        1303.3401       2.4797          436.4840        426.1297        440.7264        
877.0000        1304.8418       2.4797          436.9904        426.6199        441.2315        
878.0000        1306.3444       2.4798          437.4976        427.1103        441.7365        
879.0000        1307.8456       2.4798          438.0047        427.6000        442.2409        
880.0000        1309.3473       2.4798          438.5119        428.0898        442.7456        
881.0000        1310.8492       2.4799          439.0189        428.5801        443.2502        
882.0000        1312.3527       2.4799          439.5263        429.0709        443.7555        
883.0000        1313.8570       2.4799          440.0339        429.5618        444.2613        
884.0000        1315.3617       2.4799          440.5419        430.0532        444.7666        
885.0000        1316.8675       2.4800          441.0509        430.5445        445.2721        
886.0000        1318.3732       2.4800          441.5608        431.0355        445.7769        
887.0000        1319.8800       2.4800          442.0709        431.5265        446.2826        
888.0000        1321.3846       2.4801          442.5804        432.0165        446.7876        
889.0000        1322.8913       2.4801          443.0910        432.5060        447.2943        
890.0000        1324.3969       2.4801          443.6005        432.9951        447.8013        
891.0000        1325.9027       2.4802          444.1109        433.4845        448.3073        
892.0000        1327.4076       2.4802          444.6200        433.9737        448.8139        
893.0000        1328.9138       2.4802          445.1299        434.4632        449.3207        
894.0000        1330.4200       2.4803          445.6394        434.9530        449.8277        
895.0000        1331.9288       2.4803          446.1502        435.4436        450.3349        
896.0000        1333.4371       2.4804          446.6613        435.9342        450.8416        
897.0000        1334.9438       2.4804          447.1714        436.4244        451.3480        
898.0000        1336.4512       2.4804          447.6822        436.9138        451.8552        
899.0000        1337.9624       2.4805          448.1943        437.4038        452.3643        
900.0000        1339.4701       2.4805          448.7053        437.8932        452.8716        
901.0000        1340.9812       2.4805          449.2170        438.3838        453.3805        
902.0000        1342.4928       2.4806          449.7296        438.8744        453.8888        
903.0000        1344.0041       2.4806          450.2425        439.3642        454.3973        
904.0000        1345.5140       2.4807          450.7550        439.8527        454.9064        
905.0000        1347.0243       2.4807          451.2673        440.3418        455.4152        
906.0000        1348.5324       2.4807          451.7792        440.8306        455.9227        
907.0000        1350.0411       2.4808          452.2921        441.3197        456.4293        
908.0000        1351.5489       2.4808          452.8051        441.8080        456.9358        
909.0000        1353.0572       2.4809          453.3181        442.2974        457.4417        
910.0000        1354.5663       2.4809          453.8312        442.7877        457.9474        
911.0000        1356.0755       2.4809          454.3431        443.2789        458.4535        
912.0000        1357.5851       2.4810          454.8550        443.7708        458.9593        
913.0000        1359.0917       2.4810          455.3659        444.2615        459.4643        
914.0000        1360.5966       2.4810          455.8756        444.7525        459.9686        
915.0000        1362.1023       2.4811          456.3860        445.2427        460.4736        
916.0000        1363.6098       2.4811          456.8959        445.7337        460.9802        
917.0000        1365.1182       2.4811          457.4061        446.2241        461.4880        
918.0000        1366.6243       2.4812          457.9146        446.7148        461.9948        
919.0000        1368.1320       2.4812          458.4243        447.2052        462.5025        
920.0000        1369.6398       2.4812          458.9338        447.6960        463.0100        
921.0000        1371.1474       2.4813          459.4431        448.1861        463.5181        
922.0000        1372.6563       2.4813          459.9533        448.6756        464.0274        
923.0000        1374.1667       2.4813          460.4633        449.1667        464.5366        
924.0000        1375.6758       2.4814          460.9725        449.6573        465.0460        
925.0000        1377.1846       2.4814          461.4809        450.1473        465.5564        
926.0000        1378.6934       2.4814          461.9895        450.6380        466.0659        
927.0000        1380.2032       2.4815          462.4987        451.1283        466.5763        
928.0000        1381.7121       2.4815          463.0071        451.6189        467.0862        
929.0000        1383.2192       2.4816          463.5153        452.1084        467.5954        
930.0000        1384.7256       2.4816          464.0241        452.5969        468.1046        
931.0000        1386.2322       2.4816          464.5334        453.0841        468.6147        
932.0000        1387.7393       2.4817          465.0437        453.5709        469.1247        
933.0000        1389.2477       2.4817          465.5528        454.0593        469.6357        
934.0000        1390.7574       2.4817          466.0628        454.5476        470.1470        
935.0000        1392.2665       2.4818          466.5735        455.0353        470.6577        
936.0000        1393.7747       2.4818          467.0830        455.5229        471.1687        
937.0000        1395.2825       2.4818          467.5926        456.0101        471.6798        
938.0000        1396.7914       2.4819          468.1027        456.4977        472.1910        
939.0000        1398.2991       2.4819          468.6119        456.9849        472.7023        
940.0000        1399.8080       2.4819          469.1215        457.4721        473.2143        
941.0000        1401.3155       2.4820          469.6308        457.9590        473.7257        
942.0000        1402.8261       2.4820          470.1407        458.4470        474.2384        
943.0000        1404.3343       2.4820          470.6499        458.9338        474.7507        
944.0000        1405.8436       2.4821          471.1598        459.4212        475.2626        
945.0000        1407.3524       2.4821          471.6676        459.9091        475.7757        
946.0000        1408.8604       2.4821          472.1750        460.3953        476.2901        
947.0000        1410.3664       2.4822          472.6819        460.8814        476.8031        
948.0000        1411.8763       2.4822          473.1915        461.3683        477.3165        
949.0000        1413.3860       2.4822          473.7005        461.8563        477.8291        
950.0000        1414.8939       2.4823          474.2092        462.3433        478.3415        
951.0000        1416.4007       2.4823          474.7182        462.8299        478.8527        
952.0000        1417.9069       2.4823          475.2268        463.3164        479.3637        
953.0000        1419.4150       2.4824          475.7365        463.8037        479.8749        
954.0000        1420.9203       2.4824          476.2461        464.2899        480.3843        
955.0000        1422.4271       2.4824          476.7552        464.7778        480.8941        
956.0000        1423.9338       2.4825          477.2642        465.2660        481.4036        
957.0000        1425.4411       2.4825          477.7728        465.7544        481.9140        
958.0000        1426.9482       2.4825          478.2808        466.2428        482.4246        
959.0000        1428.4564       2.4825          478.7902        466.7312        482.9350        
960.0000        1429.9656       2.4826          479.3004        467.2188        483.4464        
961.0000        1431.4754       2.4826          479.8109        467.7067        483.9579        
962.0000        1432.9860       2.4827          480.3221        468.1942        484.4697        
963.0000        1434.4959       2.4827          480.8327        468.6813        484.9820        
964.0000        1436.0064       2.4827          481.3440        469.1680        485.4944        
965.0000        1437.5166       2.4828          481.8557        469.6551        486.0057        
966.0000        1439.0259       2.4828          482.3657        470.1423        486.5180        
967.0000        1440.5333       2.4828          482.8754        470.6291        487.0287        
968.0000        1442.0405       2.4829          483.3845        471.1160        487.5401        
969.0000        1443.5473       2.4829          483.8938        471.6024        488.0511        
970.0000        1445.0556       2.4829          484.4031        472.0894        488.5631        
971.0000        1446.5625       2.4829          484.9119        472.5756        489.0749        
972.0000        1448.0694       2.4830          485.4203        473.0620        489.5872        
973.0000        1449.5764       2.4830          485.9287        473.5485        490.0992        
974.0000        1451.0843       2.4830          486.4382        474.0352        490.6110        
975.0000        1452.5935       2.4831          486.9480        474.5224        491.1230        
976.0000        1454.1017       2.4831          487.4583        475.0084        491.6350        
977.0000        1455.6111       2.4831          487.9691        475.4943        492.1477        
978.0000        1457.1198       2.4832          488.4799        475.9802        492.6597        
979.0000        1458.6292       2.4832          488.9910        476.4650        493.1732        
980.0000        1460.1389       2.4832          489.5020        476.9498        493.6870        
981.0000        1461.6470       2.4833          490.0128        477.4355        494.1988        
982.0000        1463.1572       2.4833          490.5237        477.9213        494.7121        
983.0000        1464.6684       2.4833          491.0362        478.4067        495.2255        
984.0000        1466.1786       2.4834          491.5475        478.8922        495.7389        
985.0000        1467.6865       2.4834          492.0581        479.3768        496.2516        
986.0000        1469.1950       2.4834          492.5683        479.8622        496.7646        
987.0000        1470.7034       2.4835          493.0781        480.3477        497.2777        
988.0000        1472.2086       2.4835          493.5860        480.8321        497.7905        
989.0000        1473.7147       2.4835          494.0949        481.3175        498.3023        
990.0000        1475.2204       2.4835          494.6034        481.8031        498.8139        
991.0000        1476.7267       2.4836          495.1122        482.2878        499.3267        
992.0000        1478.2377       2.4836          495.6224        482.7746        499.8407        
993.0000        1479.7468       2.4836          496.1325        483.2615        500.3529        
994.0000        1481.2553       2.4837          496.6405        483.7485        500.8664        
995.0000        1482.7636       2.4837          497.1491        484.2348        501.3797        
996.0000        1484.2698       2.4837          497.6574        484.7205        501.8920        
997.0000        1485.7769       2.4837          498.1644        485.2069        502.4055        
998.0000        1487.2852       2.4838          498.6721        485.6932        502.9199        
999.0000        1488.7938       2.4838          499.1794        486.1800        503.4344        
1000.0000       1490.3029       2.4838          499.6873        486.6669        503.9487        
